STATIONS_ID; MESS_DATUM; QUALITAETS_NIVEAU; LUFTTEMPERATUR;DAMPFDRUCK;BEDECKUNGSGRAD;LUFTDRUCK_STATIONSHOEHE;REL_FEUCHTE; WINDGESCHWINDIGKEIT; LUFTTEMPERATUR_MAXIMUM;LUFTTEMPERATUR_MINIMUM;LUFTTEMP_AM_ERDB_MINIMUM; WINDSPITZE_MAXIMUM; NIEDERSCHLAGSHOEHE;NIEDERSCHLAGSHOEHE_IND;SONNENSCHEINDAUER; SCHNEEHOEHE;eor
      Berlin-Dahlem;20141209;   3;    0.0;   5.6;   2.7; 1015.83;   91.96;-999;    4.7;   -2.1;   -4.7;-999;   0.0;   0;    6.217;   0;eor
      Berlin-Dahlem;20141210;   3;    1.2;   6.0;   6.5; 1007.30;   90.46;-999;    3.0;   -2.0;   -3.7;-999;   1.5;   8;    0.000;   0;eor
      Berlin-Dahlem;20141211;   3;    2.9;   6.8;   5.5;  997.71;   90.33;-999;    5.8;    1.6;   -0.9;-999;   3.7;   8;    0.000;   0;eor
      Berlin-Dahlem;20141212;   3;    6.5;   7.6;   7.5;  990.80;   80.04;-999;   10.2;    2.0;    0.4;-999;   2.9;   6;    0.000;   0;eor
      Berlin-Dahlem;20141213;   3;    5.5;   6.9;   6.7;  998.54;   76.71;-999;    7.6;    3.7;    1.6;-999;   0.0;   6;    0.367;   0;eor
      Berlin-Dahlem;20141214;   3;    3.4;   7.2;   7.0; 1006.32;   91.71;-999;    4.7;    0.5;   -2.4;-999;   0.0;   0;    0.333;   0;eor
      Berlin-Dahlem;20141215;   3;    3.9;   6.9;   6.3; 1003.15;   85.33;-999;    6.4;    0.6;   -2.5;-999;   0.6;   6;    2.167;   0;eor
      Berlin-Dahlem;20141216;   3;    4.3;   7.3;   6.5; 1000.65;   87.58;-999;    5.8;    2.6;    0.5;-999;   0.0;   6;    0.033;   0;eor
      Berlin-Dahlem;20141217;   3;    2.4;   6.8;   6.2;  997.46;   94.17;-999;    5.2;   -0.2;   -2.9;-999;   1.8;   6;    0.517;   0;eor
      Berlin-Dahlem;20141218;   3;    8.6;  10.8;   7.8;  997.87;   96.67;-999;   11.3;    5.2;    4.7;-999;   3.9;   6;    0.000;   0;eor
      Berlin-Dahlem;20141219;   3;    9.8;  11.1;   6.8;  997.47;   90.75;-999;   11.8;    4.9;    2.4;-999;   4.1;   6;    0.000;   0;eor
      Berlin-Dahlem;20141220;   3;    5.1;   6.7;   6.5; 1001.18;   77.33;-999;    7.4;    1.0;   -0.2;-999;   7.6;   8;    0.000;   0;eor
      Berlin-Dahlem;20141221;   3;    5.5;   7.5;   7.3; 1010.02;   83.58;-999;    7.0;    3.9;    2.7;-999;   2.2;   6;    0.217;   0;eor
      Berlin-Dahlem;20141222;   3;    9.4;  10.5;   8.0; 1000.34;   88.75;-999;   11.0;    6.4;    5.5;-999;   6.2;   6;    0.000;   0;eor
      Berlin-Dahlem;20141223;   3;   10.5;  10.8;   7.8; 1001.38;   85.38;-999;   11.1;    9.6;    8.6;-999;   2.6;   6;    0.000;   0;eor
      Berlin-Dahlem;20141224;   3;    8.1;   9.3;   6.9; 1000.87;   86.00;-999;   10.9;    4.1;    2.0;-999;   3.4;   6;    0.000;   0;eor
      Berlin-Dahlem;20141225;   3;    4.3;   6.6;   5.4; 1005.15;   79.92;-999;    6.1;    1.6;   -0.2;-999;   1.5;   8;    0.950;   0;eor
      Berlin-Dahlem;20141226;   3;   -0.9;   5.4;   4.8; 1015.24;   93.58;-999;    1.8;   -5.2;   -7.0;-999;   1.5;   7;    1.300;   0;eor
      Berlin-Dahlem;20141227;   3;   -4.6;   4.1;   4.0; 1003.83;   94.58;-999;   -2.0;   -6.4;   -8.7;-999;   0.0;   0;    4.900;   0;eor
      Berlin-Dahlem;20141228;   3;   -5.1;   3.8;   4.6; 1012.22;   90.21;-999;   -2.3;   -7.6;  -10.1;-999;   3.6;   7;    1.333;   0;eor
      Berlin-Dahlem;20141229;   3;   -3.6;   4.5;   5.6; 1018.05;   95.92;-999;   -1.9;   -6.0;  -13.8;-999;   0.0;   7;    6.117;  11;eor
      Berlin-Dahlem;20141230;   3;   -1.8;   5.2;   7.9; 1020.31;   97.42;-999;    1.1;   -3.5;   -4.6;-999;   0.6;   8;    0.000;   8;eor
      Berlin-Dahlem;20141231;   3;    2.8;   7.4;   8.0; 1019.90;   99.00;-999;    4.9;    1.1;    0.0;-999;   0.9;   6;    0.000;   6;eor
      Berlin-Dahlem;20150101;   3;    3.5;   7.0;   6.0; 1020.62;   88.46;-999;    5.6;    1.7;   -0.1;-999;   0.0;   6;    5.167;   0;eor
      Berlin-Dahlem;20150102;   3;    5.2;   6.7;   6.7; 1008.86;   75.75;-999;    7.9;    2.4;    0.7;-999;   1.3;   6;    0.617;   0;eor
      Berlin-Dahlem;20150103;   3;    4.5;   5.7;   6.7; 1007.28;   68.04;-999;    5.8;    3.1;    1.7;-999;   0.2;   6;    0.000;   0;eor
      Berlin-Dahlem;20150104;   3;    3.5;   6.2;   5.3; 1011.73;   79.29;-999;    5.2;    1.6;   -0.6;-999;   1.1;   8;    1.933;   0;eor
      Berlin-Dahlem;20150105;   3;    3.3;   7.3;   7.8; 1016.75;   94.58;-999;    3.9;    1.6;    0.4;-999;   1.7;   6;    0.000;   0;eor
      Berlin-Dahlem;20150106;   3;    1.1;   6.5;   8.0; 1016.35;   97.25;-999;    3.2;   -0.8;   -1.9;-999;   0.1;   6;    0.000;   0;eor
      Berlin-Dahlem;20150107;   3;    1.8;   6.7;   5.2; 1014.39;   95.04;-999;    5.5;   -1.4;   -4.0;-999;   0.4;   6;    0.600;   0;eor
      Berlin-Dahlem;20150108;   3;    3.3;   7.5;   7.1; 1009.71;   95.08;-999;    6.7;    0.1;   -2.1;-999;   9.8;   8;    0.000;   0;eor
      Berlin-Dahlem;20150109;   3;    6.2;   7.6;   7.2; 1001.13;   80.50;-999;    9.3;    4.7;    3.0;-999;  17.0;   8;    0.000;   0;eor
      Berlin-Dahlem;20150110;   3;    8.5;   9.2;   6.7;  992.19;   80.83;-999;   12.9;    4.9;    3.1;-999;   5.0;   6;    0.000;   0;eor
      Berlin-Dahlem;20150111;   3;    3.4;   5.9;   5.8;  997.46;   75.88;-999;    5.0;    1.1;   -0.2;-999;   4.2;   8;    0.067;   0;eor
      Berlin-Dahlem;20150112;   3;    5.5;   8.1;   7.8; 1002.18;   90.00;-999;    7.8;    3.5;    2.7;-999;   3.2;   6;    0.000;   0;eor
      Berlin-Dahlem;20150113;   3;    9.9;   7.7;   6.7;  997.11;   64.21;-999;   12.5;    7.5;    6.1;-999;   3.2;   6;    3.550;   0;eor
      Berlin-Dahlem;20150114;   3;    5.9;   7.3;   6.3;  998.07;   78.29;-999;    7.6;    3.2;    1.1;-999;   0.4;   6;    2.667;   0;eor
      Berlin-Dahlem;20150115;   3;    4.9;   6.7;   6.4;  997.53;   78.17;-999;    9.8;    0.5;   -1.8;-999;   1.8;   6;    0.000;   0;eor
      Berlin-Dahlem;20150116;   3;    7.6;   7.5;   6.6;  996.67;   72.04;-999;    9.7;    5.0;    1.9;-999;   3.7;   6;    0.933;   0;eor
      Berlin-Dahlem;20150117;   3;    3.0;   7.2;   6.3; 1002.43;   93.92;-999;    5.1;   -2.2;   -4.9;-999;   0.0;   0;    1.333;   0;eor
      Berlin-Dahlem;20150118;   3;   -0.4;   5.4;   4.1; 1006.65;   91.42;-999;    3.8;   -3.3;   -5.4;-999;   0.0;   0;    6.850;   0;eor
      Berlin-Dahlem;20150119;   3;   -1.0;   5.6;   5.2; 1004.52;   98.00;-999;    1.1;   -4.4;   -7.2;-999;   0.0;   8;    0.000;   0;eor
      Berlin-Dahlem;20150120;   3;    0.9;   6.4;   7.9; 1001.88;   98.25;-999;    1.6;    0.1;   -0.5;-999;   1.7;   8;    0.000;   0;eor
      Berlin-Dahlem;20150121;   3;    0.5;   6.0;   7.7; 1005.97;   95.08;-999;    1.1;   -1.7;   -4.3;-999;   0.0;   7;    0.000;   0;eor
      Berlin-Dahlem;20150122;   3;   -0.3;   5.5;   7.2; 1008.77;   92.04;-999;    0.9;   -1.9;   -4.5;-999;   0.0;   7;    0.000;   0;eor
      Berlin-Dahlem;20150123;   3;    0.2;   5.4;   7.8; 1013.99;   86.58;-999;    1.1;   -0.3;   -1.2;-999;   0.0;   7;    0.000;   0;eor
      Berlin-Dahlem;20150124;   3;   -0.4;   5.1;   7.5; 1010.29;   85.00;-999;    0.7;   -1.7;   -4.2;-999;   0.0;   7;    0.000;   0;eor
      Berlin-Dahlem;20150125;   3;    0.8;   6.3;   8.0; 1014.20;   97.38;-999;    1.4;    0.2;    0.0;-999;   0.0;   6;    0.000;   0;eor
      Berlin-Dahlem;20150126;   3;    2.2;   6.6;   7.7; 1009.08;   92.29;-999;    4.5;    0.8;   -0.1;-999;   6.0;   8;    0.000;   0;eor
      Berlin-Dahlem;20150127;   3;    3.2;   6.8;   6.5; 1003.19;   88.71;-999;    4.5;   -0.3;   -3.2;-999;   0.3;   8;    0.017;   0;eor
      Berlin-Dahlem;20150128;   3;    3.1;   6.6;   7.5;  996.68;   86.92;-999;    5.3;   -0.1;   -1.5;-999;   4.8;   6;    1.200;   0;eor
      Berlin-Dahlem;20150129;   3;    2.0;   5.6;   4.6;  977.85;   79.42;-999;    3.8;    0.1;   -2.6;-999;   3.7;   8;    3.367;   0;eor
      Berlin-Dahlem;20150130;   3;    0.7;   6.4;   7.9;  964.51;   98.67;-999;    1.9;   -0.1;   -0.4;-999;   3.7;   8;    0.000;   3;eor
      Berlin-Dahlem;20150131;   3;    0.3;   6.0;   7.4;  970.12;   96.25;-999;    1.3;   -1.0;   -2.9;-999;   1.1;   7;    1.600;   6;eor
      Berlin-Dahlem;20150201;   3;    0.8;   5.7;   5.8;  979.08;   89.25;-999;    3.8;   -1.6;   -4.3;-999;   0.0;   7;    3.883;   5;eor
      Berlin-Dahlem;20150202;   3;    0.7;   5.6;   6.3;  985.07;   87.38;-999;    2.5;   -1.2;   -3.2;-999;   0.5;   8;    0.583;   4;eor
      Berlin-Dahlem;20150203;   3;   -0.1;   5.6;   7.8;  990.63;   92.42;-999;    1.4;   -1.6;   -3.3;-999;   0.6;   7;    0.000;   4;eor
      Berlin-Dahlem;20150204;   3;   -1.1;   5.0;   7.6; 1001.72;   90.00;-999;    0.0;   -1.9;   -2.5;-999;   0.0;   7;    0.000;   8;eor
      Berlin-Dahlem;20150205;   3;   -1.1;   4.5;   4.6; 1013.80;   80.96;-999;    2.8;   -3.1;   -6.2;-999;   0.0;   0;    6.883;   7;eor
      Berlin-Dahlem;20150206;   3;   -3.5;   4.3;   4.9; 1020.51;   91.08;-999;   -1.4;   -5.7;   -7.9;-999;   0.0;   7;    1.150;   6;eor
      Berlin-Dahlem;20150207;   3;   -1.2;   5.5;   7.0; 1014.26;   95.79;-999;    3.7;   -6.0;   -7.9;-999;   0.0;   8;    0.000;   5;eor
      Berlin-Dahlem;20150208;   3;    1.6;   3.8;   3.8; 1009.67;   55.50;-999;    3.9;   -0.6;   -2.8;-999;   1.0;   8;    7.150;   3;eor
      Berlin-Dahlem;20150209;   3;    4.0;   7.4;   7.7; 1009.33;   91.04;-999;    5.8;   -0.1;   -0.6;-999;   0.2;   6;    0.000;   3;eor
      Berlin-Dahlem;20150210;   3;    5.0;   7.5;   8.0; 1016.07;   85.54;-999;    5.6;    4.5;    3.5;-999;   0.0;   6;    0.000;   0;eor
      Berlin-Dahlem;20150211;   3;    4.8;   7.0;   7.8; 1017.51;   81.21;-999;    5.5;    3.0;    2.4;-999;   0.0;   0;    0.000;   0;eor
      Berlin-Dahlem;20150212;   3;    0.9;   5.7;   5.0; 1013.59;   87.25;-999;    3.3;   -3.2;   -5.4;-999;   0.0;   0;    2.283;   0;eor
      Berlin-Dahlem;20150213;   3;    0.7;   5.4;   4.2; 1009.30;   85.96;-999;    6.6;   -2.3;   -5.0;-999;   0.0;   0;    4.933;   0;eor
      Berlin-Dahlem;20150214;   3;    0.5;   5.1;   0.1; 1004.63;   82.29;-999;    7.0;   -3.8;   -6.2;-999;   0.0;   0;    9.067;   0;eor
      Berlin-Dahlem;20150215;   3;    2.4;   5.6;   0.4; 1008.85;   78.46;-999;    8.4;   -1.9;   -5.6;-999;   0.0;   0;    8.717;   0;eor
      Berlin-Dahlem;20150216;   3;    0.4;   5.3;   5.4; 1014.72;   85.13;-999;    2.9;   -1.9;   -4.1;-999;   0.0;   0;    2.467;   0;eor
      Berlin-Dahlem;20150217;   3;    0.9;   5.4;   2.6; 1020.83;   83.00;-999;    5.9;   -3.2;   -5.9;-999;   0.0;   6;    8.217;   0;eor
      Berlin-Dahlem;20150218;   3;    3.2;   6.1;   6.4; 1027.79;   81.13;-999;    7.4;    0.8;   -2.3;-999;   0.0;   0;    6.450;   0;eor
      Berlin-Dahlem;20150219;   3;    2.4;   5.7;   2.3; 1017.58;   80.50;-999;    8.3;   -1.0;   -4.8;-999;   0.0;   0;    8.617;   0;eor
      Berlin-Dahlem;20150220;   3;    3.2;   5.6;   3.6; 1003.54;   74.58;-999;    9.6;   -3.5;   -6.1;-999;   0.0;   0;    5.517;   0;eor
      Berlin-Dahlem;20150221;   3;    5.8;   5.6;   5.2;  989.13;   61.25;-999;   11.1;   -0.6;   -4.1;-999;   0.0;   8;    4.700;   0;eor
      Berlin-Dahlem;20150222;   3;    1.1;   5.5;   4.6;  998.47;   83.88;-999;    4.8;   -2.3;   -5.6;-999;   0.0;   0;    0.083;   0;eor
      Berlin-Dahlem;20150223;   3;    1.8;   6.3;   6.3;  990.57;   90.54;-999;    5.1;   -2.0;   -5.8;-999;   2.7;   6;    0.300;   0;eor
      Berlin-Dahlem;20150224;   3;    3.1;   6.2;   5.0;  996.00;   83.00;-999;    7.6;   -0.5;   -3.9;-999;   0.0;   0;    5.683;   0;eor
      Berlin-Dahlem;20150225;   3;    2.0;   5.7;   2.7; 1007.76;   82.71;-999;    8.8;   -2.4;   -5.1;-999;   0.0;   0;    5.317;   0;eor
      Berlin-Dahlem;20150226;   3;    2.5;   5.2;   0.4; 1010.60;   74.17;-999;   10.0;   -3.5;   -6.6;-999;   0.0;   0;    9.933;   0;eor
      Berlin-Dahlem;20150227;   3;    3.5;   5.5;   1.8; 1003.63;   73.13;-999;   10.8;   -2.5;   -6.1;-999;   0.2;   6;    9.533;   0;eor
      Berlin-Dahlem;20150228;   3;    3.6;   5.8;   4.3; 1007.99;   74.71;-999;    7.1;    0.1;   -4.4;-999;   0.0;   0;    7.667;   0;eor
      Berlin-Dahlem;20150301;   3;    3.7;   6.8;   6.2;  995.22;   83.75;-999;    7.9;    0.2;   -4.1;-999;   4.3;   8;    1.033;   0;eor
      Berlin-Dahlem;20150302;   3;    5.1;   6.2;   5.9;  990.71;   72.33;-999;    7.8;    0.8;   -0.3;-999;   4.5;   8;    4.067;   0;eor
      Berlin-Dahlem;20150303;   3;    4.4;   6.2;   6.4; 1003.30;   75.71;-999;    7.9;    1.4;   -0.1;-999;   1.7;   6;    5.100;   0;eor
      Berlin-Dahlem;20150304;   3;    3.1;   6.5;   5.5; 1009.26;   85.71;-999;    6.1;    0.0;   -2.1;-999;   4.2;   8;    3.550;   0;eor
      Berlin-Dahlem;20150305;   3;    3.5;   6.7;   6.3; 1020.82;   85.46;-999;    6.4;    1.0;   -2.9;-999;   0.0;   6;    2.450;   0;eor
      Berlin-Dahlem;20150306;   3;    4.3;   6.9;   6.0; 1023.56;   83.79;-999;    7.9;   -0.7;   -3.7;-999;   0.0;   6;    0.000;   0;eor
      Berlin-Dahlem;20150307;   3;    7.6;   6.5;   6.7; 1020.79;   64.29;-999;   12.8;    3.0;   -1.6;-999;   0.0;   0;    7.650;   0;eor
      Berlin-Dahlem;20150308;   3;   10.9;   6.8;   5.6; 1014.90;   53.42;-999;   17.5;    4.9;    0.5;-999;   0.0;   6;    8.633;   0;eor
      Berlin-Dahlem;20150309;   3;    8.7;   8.2;   3.6; 1015.86;   73.50;-999;   13.4;    4.1;   -0.6;-999;   0.0;   0;    7.500;   0;eor
      Berlin-Dahlem;20150310;   3;    6.5;   8.9;   3.7; 1015.00;   92.04;-999;   13.0;    1.8;   -2.8;-999;   0.6;   6;    4.017;   0;eor
      Berlin-Dahlem;20150311;   3;    4.6;   7.0;   5.8; 1017.05;   83.29;-999;    7.5;    2.0;   -0.9;-999;   0.1;   6;    0.183;   0;eor
      Berlin-Dahlem;20150312;   3;    3.0;   6.6;   5.9; 1021.53;   86.92;-999;    4.6;    0.3;   -2.3;-999;   0.0;   6;    0.300;   0;eor
      Berlin-Dahlem;20150313;   3;    2.8;   5.9;   5.3; 1017.93;   79.71;-999;    6.4;   -1.6;   -4.7;-999;   0.2;   6;    1.317;   0;eor
      Berlin-Dahlem;20150314;   3;    4.4;   7.4;   7.9; 1017.92;   88.67;-999;    6.2;    2.8;    2.1;-999;   1.2;   6;    0.000;   0;eor
      Berlin-Dahlem;20150315;   3;    5.8;   7.8;   7.2; 1021.02;   84.67;-999;    7.6;    3.9;    3.1;-999;   0.0;   6;    0.017;   0;eor
      Berlin-Dahlem;20150316;   3;    8.5;   8.1;   4.6; 1020.85;   74.25;-999;   12.9;    3.5;    0.6;-999;   0.0;   0;    7.817;   0;eor
      Berlin-Dahlem;20150317;   3;   11.2;   7.6;   2.8; 1019.47;   58.75;-999;   17.5;    5.5;    1.0;-999;   0.0;   0;    9.750;   0;eor
      Berlin-Dahlem;20150318;   3;    8.7;   4.8;   0.6; 1018.25;   43.92;-999;   15.4;    3.4;   -3.5;-999;   0.0;   0;   11.383;   0;eor
      Berlin-Dahlem;20150319;   3;    6.5;   4.4;   1.2; 1017.72;   46.63;-999;   13.5;    0.4;   -4.6;-999;   0.0;   0;   11.117;   0;eor
      Berlin-Dahlem;20150320;   3;    5.5;   4.8;   2.9; 1012.87;   57.00;-999;   13.3;   -2.6;   -6.1;-999;   0.0;   0;   10.333;   0;eor
      Berlin-Dahlem;20150321;   3;    2.9;   6.8;   6.8; 1006.08;   89.83;-999;    5.2;    0.0;   -4.2;-999;   4.1;   8;    0.000;   0;eor
      Berlin-Dahlem;20150322;   3;    1.1;   3.8;   4.1; 1016.65;   57.92;-999;    5.5;   -2.0;   -5.0;-999;   0.0;   0;   11.667;   0;eor
      Berlin-Dahlem;20150323;   3;    4.7;   4.9;   4.9; 1007.19;   57.50;-999;   12.4;   -1.9;   -5.3;-999;   0.0;   0;   10.717;   0;eor
      Berlin-Dahlem;20150324;   3;    7.8;   7.2;   6.5;  999.23;   70.13;-999;   14.0;    2.0;   -1.3;-999;   0.0;   0;    5.500;   0;eor
      Berlin-Dahlem;20150325;   3;    9.7;   7.8;   4.4;  998.12;   67.75;-999;   16.7;    1.4;   -2.9;-999;   0.0;   0;   10.433;   0;eor
      Berlin-Dahlem;20150326;   3;    7.5;   8.8;   7.9;  996.36;   85.17;-999;    9.8;    5.1;    2.2;-999;   1.1;   6;    0.000;   0;eor
      Berlin-Dahlem;20150327;   3;    7.3;   8.5;   7.1; 1002.60;   84.25;-999;   10.9;    5.3;    3.7;-999;   1.6;   8;    2.950;   0;eor
      Berlin-Dahlem;20150328;   3;    7.0;   7.1;   6.8; 1007.65;   71.75;-999;    9.4;    5.6;    0.5;-999;   0.8;   6;    2.317;   0;eor
      Berlin-Dahlem;20150329;   3;    9.4;  10.3;   7.7;  988.20;   87.88;-999;   13.0;    5.8;    4.9;-999;   6.0;   6;    0.000;   0;eor
      Berlin-Dahlem;20150330;   3;    6.4;   6.8;   5.9;  984.68;   70.29;-999;    8.8;    3.6;    1.3;-999;   4.2;   8;    1.467;   0;eor
      Berlin-Dahlem;20150331;   3;    5.9;   6.8;   7.2;  981.89;   73.13;-999;   11.8;    0.3;   -0.4;-999;   4.2;   8;    1.633;   0;eor
      Berlin-Dahlem;20150401;   3;    4.5;   6.1;   5.7;  995.36;   73.88;-999;    8.1;    2.0;    0.4;-999;   3.4;   8;    3.167;   0;eor
      Berlin-Dahlem;20150402;   3;    3.3;   6.1;   6.0;  997.54;   80.92;-999;    7.2;    0.6;   -0.3;-999;   1.0;   8;    4.133;   0;eor
      Berlin-Dahlem;20150Berlin-Dahlem;   3;    4.5;   6.0;   4.5; 1006.58;   72.50;-999;    9.3;   -0.2;   -4.2;-999;   0.0;   6;    3.800;   0;eor
      Berlin-Dahlem;20150404;   3;    3.8;   5.2;   2.4; 1006.25;   67.83;-999;   10.5;   -2.1;   -5.6;-999;   0.1;   8;    8.617;   0;eor
      Berlin-Dahlem;20150405;   3;    4.0;   4.7;   2.4; 1012.09;   60.92;-999;   10.7;   -2.3;   -5.8;-999;   0.0;   7;    9.083;   0;eor
      Berlin-Dahlem;20150406;   3;    5.3;   5.5;   4.7; 1017.85;   62.08;-999;    9.7;   -0.2;   -4.0;-999;   0.0;   0;    6.283;   0;eor
      Berlin-Dahlem;20150407;   3;    6.5;   6.6;   6.3; 1022.07;   70.08;-999;   12.4;   -2.0;   -5.8;-999;   0.0;   6;    8.533;   0;eor
      Berlin-Dahlem;20150408;   3;    8.0;   8.8;   7.0; 1020.55;   82.96;-999;   10.4;    3.9;   -0.8;-999;   0.0;   6;    0.000;   0;eor
      Berlin-Dahlem;20150409;   3;    9.2;   8.3;   3.3; 1019.01;   75.04;-999;   16.7;    2.0;   -1.7;-999;   0.0;   0;    7.667;   0;eor
      Berlin-Dahlem;20150410;   3;   11.8;   8.7;   0.9; 1012.40;   67.08;-999;   20.5;    3.2;   -0.9;-999;   0.0;   0;   11.600;   0;eor
      Berlin-Dahlem;20150411;   3;   14.3;   9.9;   5.2; 1007.73;   64.83;-999;   22.1;    6.2;    1.0;-999;   1.2;   6;    9.450;   0;eor
      Berlin-Dahlem;20150412;   3;   10.1;   6.5;   6.0; 1016.51;   55.04;-999;   15.6;    5.7;    2.8;-999;   0.0;   6;    8.417;   0;eor
      Berlin-Dahlem;20150413;   3;    9.2;   6.5;   4.9; 1014.78;   55.58;-999;   12.9;    4.5;   -1.1;-999;   0.0;   6;    5.367;   0;eor
      Berlin-Dahlem;20150414;   3;    9.9;   7.4;   4.9; 1014.05;   61.67;-999;   14.9;    2.1;   -2.8;-999;   0.0;   6;    5.733;   0;eor
      Berlin-Dahlem;20150415;   3;   16.4;  10.2;   3.3; 1004.40;   57.42;-999;   22.9;   10.2;    9.2;-999;   0.0;   6;   10.167;   0;eor
      Berlin-Dahlem;20150416;   3;   10.5;   7.5;   3.2; 1003.68;   59.88;-999;   14.1;    5.3;    0.9;-999;   0.0;   0;   11.000;   0;eor
      Berlin-Dahlem;20150417;   3;    6.9;   7.2;   5.3; 1005.70;   74.08;-999;   12.1;    3.3;   -1.4;-999;   0.1;   6;    5.467;   0;eor
      Berlin-Dahlem;20150418;   3;    6.3;   6.4;   2.7; 1013.75;   69.21;-999;   11.3;    1.1;   -4.0;-999;   0.0;   0;    7.100;   0;eor
      Berlin-Dahlem;20150419;   3;    8.5;   6.6;   4.0; 1012.85;   63.17;-999;   15.1;   -0.5;   -5.1;-999;   0.0;   0;    8.933;   0;eor
      Berlin-Dahlem;20150420;   3;   10.9;   7.7;   3.0; 1014.46;   61.33;-999;   18.6;    4.2;   -1.2;-999;   0.0;   0;   12.600;   0;eor
      Berlin-Dahlem;20150421;   3;   13.3;   6.9;   0.9; 1014.65;   50.79;-999;   21.4;    4.0;   -2.0;-999;   0.0;   0;   13.633;   0;eor
      Berlin-Dahlem;20150422;   3;    8.7;   7.7;   4.8; 1014.40;   69.96;-999;   13.6;    3.5;   -1.8;-999;   0.0;   0;    4.900;   0;eor
      Berlin-Dahlem;20150423;   3;   11.1;   7.9;   0.7; 1008.06;   63.63;-999;   18.6;    2.0;   -3.5;-999;   0.0;   0;   13.650;   0;eor
      Berlin-Dahlem;20150424;   3;   12.9;   8.8;   1.3; 1002.85;   63.38;-999;   20.7;    4.1;   -1.2;-999;   0.0;   0;   12.133;   0;eor
      Berlin-Dahlem;20150425;   3;   15.2;   9.6;   6.2;  998.37;   58.29;-999;   23.1;    6.3;    0.5;-999;   1.8;   6;    6.850;   0;eor
      Berlin-Dahlem;20150426;   3;   13.5;  12.7;   5.9;  997.16;   83.38;-999;   19.0;    9.2;    4.2;-999;   1.9;   6;    4.717;   0;eor
      Berlin-Dahlem;20150427;   3;    9.9;  11.5;   7.4;  994.53;   93.25;-999;   13.8;    7.6;    3.2;-999;   1.5;   6;    0.217;   0;eor
      Berlin-Dahlem;20150428;   3;    7.7;   7.7;   7.0; 1002.54;   73.67;-999;   11.1;    4.3;   -0.3;-999;   2.5;   6;    1.217;   0;eor
      Berlin-Dahlem;20150429;   3;    8.9;   6.3;   3.6; 1009.75;   58.33;-999;   14.7;    1.9;   -1.9;-999;   0.0;   0;   11.483;   0;eor
      Berlin-Dahlem;20150430;   3;   10.3;   8.5;   6.0; 1002.98;   69.38;-999;   17.4;    4.6;    0.5;-999;   7.7;   6;    4.733;   0;eor
      Berlin-Dahlem;20150501;   3;    9.1;   8.0;   4.6;  997.97;   72.17;-999;   14.1;    2.6;   -1.2;-999;   0.0;   0;    9.717;   0;eor
      Berlin-Dahlem;20150502;   3;    8.2;   7.0;   3.0; 1001.82;   68.08;-999;   15.5;    1.1;   -2.4;-999;   0.0;   0;    9.500;   0;eor
      Berlin-Dahlem;20150503;   3;   13.0;   8.9;   4.9;  999.61;   63.50;-999;   20.2;    2.3;   -1.8;-999;   5.5;   6;   10.617;   0;eor
      Berlin-Dahlem;20150504;   3;   16.8;  13.4;   4.5;  998.49;   72.75;-999;   22.4;   12.2;    7.0;-999;   0.1;   6;   10.633;   0;eor
      Berlin-Dahlem;20150505;   3;   18.3;  15.4;   6.7;  995.81;   73.75;-999;   24.7;   11.9;    7.1;-999;   0.8;   6;    2.100;   0;eor
      Berlin-Dahlem;20150506;   3;   15.3;   9.7;   4.0; 1002.46;   58.17;-999;   21.2;    7.9;    3.2;-999;   0.0;   0;    6.117;   0;eor
      Berlin-Dahlem;20150507;   3;   12.0;   9.2;   3.0; 1006.79;   67.71;-999;   17.4;    6.2;    1.4;-999;   0.0;   6;    8.850;   0;eor
      Berlin-Dahlem;20150508;   3;   13.4;   9.2;   5.6; 1008.14;   63.08;-999;   19.2;    5.3;    0.8;-999;   0.0;   0;    4.350;   0;eor
      Berlin-Dahlem;20150509;   3;   15.7;  12.1;   6.3; 1005.81;   67.96;-999;   21.7;   11.7;    8.1;-999;   0.2;   6;    5.667;   0;eor
      Berlin-Dahlem;20150510;   3;   10.8;   9.3;   5.0; 1013.73;   71.79;-999;   13.9;    4.1;   -0.7;-999;   0.0;   0;    3.083;   0;eor
      Berlin-Dahlem;20150511;   3;   12.8;   8.2;   5.3; 1015.80;   60.75;-999;   21.5;    2.7;   -1.4;-999;   0.0;   0;   10.833;   0;eor
      Berlin-Dahlem;20150512;   3;   17.7;  12.5;   6.0; 1006.08;   64.33;-999;   27.5;    8.3;    3.3;-999;   5.9;   6;    6.183;   0;eor
      Berlin-Dahlem;20150513;   3;   12.7;   9.0;   4.0; 1006.29;   63.58;-999;   17.7;    6.6;    1.9;-999;   0.0;   0;    8.467;   0;eor
      Berlin-Dahlem;20150514;   3;    9.5;   8.8;   5.0; 1002.72;   74.88;-999;   13.0;    4.5;   -0.1;-999;   0.0;   6;    2.217;   0;eor
      Berlin-Dahlem;20150515;   3;   10.3;   8.5;   2.1; 1006.01;   71.04;-999;   16.5;    3.1;   -1.2;-999;   0.0;   0;   12.150;   0;eor
      Berlin-Dahlem;20150516;   3;   10.4;   9.6;   5.9; 1009.74;   77.79;-999;   16.0;    3.6;   -0.8;-999;   0.9;   6;    5.667;   0;eor
      Berlin-Dahlem;20150517;   3;   10.6;   8.1;   3.9; 1011.25;   65.63;-999;   16.1;    6.3;    1.3;-999;   0.0;   6;    7.967;   0;eor
      Berlin-Dahlem;20150518;   3;   13.6;   9.6;   6.3; 1001.61;   64.50;-999;   21.4;    5.2;    1.6;-999;   0.0;   0;    7.550;   0;eor
      Berlin-Dahlem;20150519;   3;   14.2;  10.0;   5.7;  996.34;   63.29;-999;   19.5;    8.1;    3.8;-999;   0.0;   6;    6.450;   0;eor
      Berlin-Dahlem;20150520;   3;   12.7;   9.1;   6.6; 1003.25;   63.46;-999;   16.9;    7.9;    2.9;-999;   0.0;   0;    0.483;   0;eor
      Berlin-Dahlem;20150521;   3;   11.5;   8.5;   3.7; 1012.63;   65.92;-999;   16.9;    5.3;    0.6;-999;   0.0;   6;    8.317;   0;eor
      Berlin-Dahlem;20150522;   3;   13.2;   8.8;   3.8; 1014.61;   62.75;-999;   20.4;    3.8;   -0.4;-999;   0.0;   0;    9.800;   0;eor
      Berlin-Dahlem;20150523;   3;   15.2;  11.9;   6.0; 1009.63;   69.58;-999;   20.9;    9.0;    2.5;-999;   0.0;   0;    2.183;   0;eor
      Berlin-Dahlem;20150524;   3;   13.4;   8.9;   2.1; 1009.18;   62.63;-999;   21.5;    4.9;    0.0;-999;   0.0;   6;   14.517;   0;eor
      Berlin-Dahlem;20150525;   3;   16.0;  11.3;   5.2; 1002.82;   64.08;-999;   23.0;    8.6;    3.9;-999;   0.0;   0;    8.050;   0;eor
      Berlin-Dahlem;20150526;   3;   12.4;   9.6;   5.1; 1006.03;   67.21;-999;   16.4;    7.4;    1.1;-999;   0.0;   0;    5.383;   0;eor
      Berlin-Dahlem;20150527;   3;   10.2;   8.9;   4.8; 1010.15;   73.33;-999;   14.6;    4.9;    0.1;-999;   0.0;   6;    2.283;   0;eor
      Berlin-Dahlem;20150528;   3;   13.0;   9.7;   6.0; 1004.66;   68.79;-999;   21.2;    4.7;    0.0;-999;   0.2;   6;    4.967;   0;eor
      Berlin-Dahlem;20150529;   3;   15.4;  10.2;   6.6; 1001.00;   61.42;-999;   20.3;   10.3;    7.7;-999;   1.6;   6;    6.617;   0;eor
      Berlin-Dahlem;20150530;   3;   12.4;   9.4;   4.2; 1001.48;   66.04;-999;   17.7;    7.1;    1.4;-999;   0.5;   6;    8.100;   0;eor
      Berlin-Dahlem;20150531;   3;   15.2;   9.0;   5.2; 1004.62;   55.96;-999;   22.6;    4.8;   -0.4;-999;   0.1;   6;   10.733;   0;eor
      Berlin-Dahlem;20150601;   3;   13.8;  12.9;   7.1; 1005.32;   83.46;-999;   18.0;    9.0;    4.7;-999;   4.2;   6;    0.667;   0;eor
      Berlin-Dahlem;20150602;   3;   18.0;  11.9;   5.2; 1003.88;   61.83;-999;   24.3;   10.2;    7.7;-999;   0.0;   0;    8.650;   0;eor
      Berlin-Dahlem;20150603;   3;   18.3;  12.1;   3.5; 1009.04;   57.38;-999;   22.6;    9.6;    3.5;-999;   0.0;   0;    8.850;   0;eor
      Berlin-Dahlem;20150604;   3;   15.3;   9.3;   1.1; 1018.54;   57.17;-999;   22.1;    6.6;    1.7;-999;   0.0;   0;   15.583;   0;eor
      Berlin-Dahlem;20150605;   3;   20.5;  10.9;   0.6; 1013.60;   46.75;-999;   29.6;   10.0;    3.9;-999;   0.0;   0;   15.883;   0;eor
      Berlin-Dahlem;20150606;   3;   23.2;  16.0;   4.3; 1010.49;   56.50;-999;   30.8;   14.7;    9.4;-999;   0.0;   0;   10.317;   0;eor
      Berlin-Dahlem;20150607;   3;   18.3;  10.4;   5.4; 1017.57;   49.17;-999;   23.2;   14.3;    9.5;-999;   0.0;   0;    9.217;   0;eor
      Berlin-Dahlem;20150608;   3;   15.8;   9.3;   5.8; 1017.26;   52.71;-999;   20.9;   11.7;    8.6;-999;   0.0;   0;    9.883;   0;eor
      Berlin-Dahlem;20150609;   3;   14.9;   9.7;   5.1; 1017.40;   58.88;-999;   20.4;    9.2;    3.9;-999;   0.0;   0;    8.333;   0;eor
      Berlin-Dahlem;20150610;   3;   16.6;  10.3;   4.9; 1016.81;   55.33;-999;   21.1;   10.8;    4.3;-999;   0.0;   0;    5.783;   0;eor
      Berlin-Dahlem;20150611;   3;   17.8;   7.7;   2.4; 1011.85;   39.83;-999;   25.1;    7.7;    2.7;-999;   0.0;   6;   13.950;   0;eor
      Berlin-Dahlem;20150612;   3;   20.7;  12.5;   3.5; 1004.09;   51.04;-999;   27.3;   14.7;   10.6;-999;   0.0;   0;   12.317;   0;eor
      Berlin-Dahlem;20150613;   3;   21.5;  19.4;   4.6;  999.06;   78.54;-999;   30.8;   14.4;    9.4;-999;  16.9;   6;    9.050;   0;eor
      Berlin-Dahlem;20150614;   3;   17.5;  15.3;   5.0; 1000.38;   77.00;-999;   20.7;   14.8;   10.9;-999;   0.0;   0;    8.150;   0;eor
      Berlin-Dahlem;20150615;   3;   14.8;   9.3;   3.6; 1007.34;   56.00;-999;   19.4;    8.1;    4.2;-999;   0.0;   0;   12.133;   0;eor
      Berlin-Dahlem;20150616;   3;   11.6;   9.0;   5.0; 1012.43;   68.00;-999;   15.2;    6.5;    2.7;-999;   0.0;   0;    3.083;   0;eor
      Berlin-Dahlem;20150617;   3;   14.6;   9.5;   4.8; 1011.43;   61.04;-999;   21.3;    5.3;    1.8;-999;   2.3;   6;   12.350;   0;eor
      Berlin-Dahlem;20150618;   3;   15.2;  12.5;   7.4; 1002.66;   73.46;-999;   20.8;   11.9;   10.7;-999;   0.1;   6;    1.417;   0;eor
      Berlin-Dahlem;20150619;   3;   13.2;  10.5;   6.8; 1003.42;   68.96;-999;   18.3;   10.9;   10.1;-999;   0.7;   6;    3.433;   0;eor
      Berlin-Dahlem;20150620;   3;   12.7;  12.5;   7.0; 1005.40;   85.21;-999;   17.0;   10.6;   10.0;-999;   1.6;   6;    2.017;   0;eor
      Berlin-Dahlem;20150621;   3;   14.4;  11.2;   6.4; 1005.52;   70.17;-999;   19.4;   10.8;    8.6;-999;   0.0;   6;    4.667;   0;eor
      Berlin-Dahlem;20150622;   3;   14.4;  13.2;   7.6;  998.22;   81.38;-999;   19.3;   11.7;   10.6;-999;   4.0;   6;    1.517;   0;eor
      Berlin-Dahlem;20150623;   3;   11.3;  13.1;   6.8;  997.61;   97.46;-999;   13.6;    9.7;    6.4;-999;   8.2;   6;    0.067;   0;eor
      Berlin-Dahlem;20150624;   3;   12.4;  11.5;   5.5; 1008.91;   80.83;-999;   16.3;    9.7;    6.0;-999;   0.0;   6;    0.783;   0;eor
      Berlin-Dahlem;20150625;   3;   16.9;  12.1;   6.3; 1012.03;   65.96;-999;   23.4;   10.7;    8.6;-999;   0.0;   6;    7.817;   0;eor
      Berlin-Dahlem;20150626;   3;   18.1;  15.7;   7.5; 1008.93;   76.92;-999;   23.7;   13.2;    9.8;-999;   0.8;   6;    3.383;   0;eor
      Berlin-Dahlem;20150627;   3;   18.3;  17.7;   7.2; 1004.89;   85.58;-999;   23.4;   15.2;   13.7;-999;   1.4;   6;    0.983;   0;eor
      Berlin-Dahlem;20150628;   3;   17.0;  12.9;   5.5; 1010.38;   68.54;-999;   22.5;   13.4;   11.7;-999;   0.2;   6;    8.100;   0;eor
      Berlin-Dahlem;20150629;   3;   20.6;  14.3;   5.4; 1010.32;   62.04;-999;   27.1;   14.3;   13.3;-999;   0.0;   0;    8.050;   0;eor
      Berlin-Dahlem;20150630;   3;   21.1;  14.1;   4.4; 1011.86;   58.04;-999;   25.6;   16.1;   11.2;-999;   0.0;   0;   13.033;   0;eor
      Berlin-Dahlem;20150701;   3;   21.0;  13.4;   0.8; 1013.94;   56.54;-999;   27.8;   13.0;    8.7;-999;   0.0;   0;   16.117;   0;eor
      Berlin-Dahlem;20150702;   3;   23.9;  14.9;   0.3; 1014.84;   51.67;-999;   31.1;   15.6;   11.5;-999;   0.0;   0;   16.117;   0;eor
      Berlin-Dahlem;20150703;   3;   26.0;  15.6;   2.3; 1014.33;   48.92;-999;   34.7;   16.6;   12.7;-999;   0.0;   0;   13.867;   0;eor
      Berlin-Dahlem;20150704;   3;   28.5;  19.5;   3.3; 1010.26;   52.13;-999;   37.9;   18.7;   15.8;-999;   2.3;   6;   12.733;   0;eor
      Berlin-Dahlem;20150705;   3;   27.6;  21.7;   5.1; 1006.16;   62.92;-999;   36.1;   20.2;   19.1;-999;   7.9;   6;    9.917;   0;eor
      Berlin-Dahlem;20150706;   3;   20.9;  16.2;   4.5; 1008.20;   67.29;-999;   25.5;   14.5;   11.5;-999;   0.0;   0;    8.600;   0;eor
      Berlin-Dahlem;20150707;   3;   22.9;  15.7;   2.5; 1001.89;   62.38;-999;   32.8;   13.0;   10.3;-999;   4.7;   6;   13.750;   0;eor
      Berlin-Dahlem;20150708;   3;   19.2;  15.0;   6.2;  996.95;   68.21;-999;   22.6;   16.4;   14.7;-999;   4.0;   6;    4.617;   0;eor
      Berlin-Dahlem;20150709;   3;   15.3;  10.9;   5.5; 1003.56;   63.21;-999;   18.6;   12.0;   10.7;-999;   0.0;   6;    6.150;   0;eor
      Berlin-Dahlem;20150710;   3;   14.5;   9.3;   4.5; 1009.86;   57.04;-999;   19.5;    9.3;    6.4;-999;   0.0;   0;    7.250;   0;eor
      Berlin-Dahlem;20150711;   3;   16.3;  11.7;   3.5; 1007.95;   65.88;-999;   22.3;    8.0;    5.6;-999;   0.0;   0;    9.033;   0;eor
      Berlin-Dahlem;20150712;   3;   17.5;  15.3;   6.9; 1005.43;   78.25;-999;   25.5;   12.0;    9.8;-999;   3.7;   6;    2.100;   0;eor
      Berlin-Dahlem;20150713;   3;   16.7;  17.4;   7.5; 1004.27;   91.92;-999;   21.4;   14.7;   14.3;-999;   7.9;   6;    1.266;   0;eor
      Berlin-Dahlem;20150714;   3;   17.1;  18.6;   7.0; 1003.62;   95.63;-999;   20.9;   14.7;   12.9;-999;   4.4;   6;    0.267;   0;eor
      Berlin-Dahlem;20150715;   3;   18.0;  14.4;   4.2; 1008.38;   72.17;-999;   22.9;   14.4;   12.0;-999;   0.0;   6;    9.633;   0;eor
      Berlin-Dahlem;20150716;   3;   20.5;  16.6;   4.8; 1008.03;   70.29;-999;   25.9;   15.8;   13.2;-999;   0.0;   0;    8.400;   0;eor
      Berlin-Dahlem;20150717;   3;   23.6;  18.2;   2.5; 1004.69;   65.54;-999;   32.1;   14.8;   12.0;-999;   0.0;   0;   10.983;   0;eor
      Berlin-Dahlem;20150718;   3;   22.4;  17.7;   4.4; 1004.43;   65.83;-999;   27.3;   16.0;   13.0;-999;   0.1;   6;   10.017;   0;eor
      Berlin-Dahlem;20150719;   3;   17.6;  16.7;   5.6; 1000.66;   83.08;-999;   21.2;   15.1;   12.6;-999;  18.4;   6;    3.100;   0;eor
      Berlin-Dahlem;20150720;   3;   19.0;  13.4;   3.4; 1003.20;   63.58;-999;   24.2;   14.0;   12.0;-999;   0.4;   6;   13.517;   0;eor
      Berlin-Dahlem;20150721;   3;   22.4;  18.3;   5.0; 1002.83;   68.13;-999;   27.8;   16.7;   14.5;-999;   1.8;   6;    8.867;   0;eor
      Berlin-Dahlem;20150722;   3;   23.5;  19.0;   6.0; 1003.35;   66.92;-999;   29.0;   16.5;   14.7;-999;   8.3;   6;    6.683;   0;eor
      Berlin-Dahlem;20150723;   3;   19.8;  15.5;   4.8; 1005.05;   68.54;-999;   24.6;   14.5;   11.6;-999;   0.0;   0;    8.267;   0;eor
      Berlin-Dahlem;20150724;   3;   20.4;  14.8;   4.8; 1004.37;   64.33;-999;   26.2;   13.4;   11.1;-999;   2.9;   6;   10.333;   0;eor
      Berlin-Dahlem;20150725;   3;   20.9;  15.5;   5.9;  993.34;   63.96;-999;   27.6;   12.8;   12.5;-999;   1.2;   6;    6.033;   0;eor
      Berlin-Dahlem;20150726;   3;   15.8;  11.2;   5.5; 1000.69;   64.58;-999;   20.6;   11.5;    9.1;-999;   0.1;   6;    7.700;   0;eor
      Berlin-Dahlem;20150727;   3;   16.6;  14.5;   7.0;  993.34;   76.92;-999;   22.4;   12.7;   11.4;-999;   2.4;   6;    2.117;   0;eor
      Berlin-Dahlem;20150728;   3;   16.8;  13.4;   6.3;  994.18;   71.25;-999;   20.4;   14.3;   11.5;-999;   0.1;   6;    3.417;   0;eor
      Berlin-Dahlem;20150729;   3;   16.0;  10.7;   4.1;  996.50;   59.46;-999;   20.8;   12.7;    9.3;-999;   0.0;   6;    8.550;   0;eor
      Berlin-Dahlem;20150730;   3;   15.3;  11.3;   5.5; 1000.89;   65.54;-999;   19.5;   12.1;    9.3;-999;   1.6;   6;    4.100;   0;eor
      Berlin-Dahlem;20150731;   3;   13.9;  10.6;   4.0; 1008.23;   68.58;-999;   19.1;    7.8;    4.3;-999;   0.0;   0;    6.867;   0;eor
      Berlin-Dahlem;20150801;   3;   17.2;  11.2;   4.2; 1007.80;   61.96;-999;   26.3;    7.2;    4.0;-999;   0.0;   0;   12.083;   0;eor
      Berlin-Dahlem;20150802;   3;   21.7;  12.9;   4.3; 1008.87;   52.96;-999;   29.2;   12.6;    9.1;-999;   0.0;   0;   13.467;   0;eor
      Berlin-Dahlem;20150803;   3;   23.4;  15.6;   1.9; 1008.56;   56.63;-999;   32.1;   13.8;    9.7;-999;   0.0;   0;   14.417;   0;eor
      Berlin-Dahlem;20150804;   3;   25.6;  18.9;   2.8; 1003.68;   61.13;-999;   34.8;   16.6;   12.5;-999;   0.3;   6;   11.750;   0;eor
      Berlin-Dahlem;20150805;   3;   20.6;  16.1;   4.6; 1008.71;   68.42;-999;   26.1;   16.0;   12.1;-999;   0.0;   0;   10.033;   0;eor
      Berlin-Dahlem;20150806;   3;   24.7;  17.8;   3.5; 1006.63;   61.88;-999;   34.3;   15.8;   11.4;-999;   0.0;   0;   13.350;   0;eor
      Berlin-Dahlem;20150807;   3;   27.2;  19.9;   2.9; 1006.45;   57.75;-999;   37.5;   17.7;   14.2;-999;   0.0;   0;    8.100;   0;eor
      Berlin-Dahlem;20150808;   3;   24.9;  20.6;   3.7; 1007.69;   66.54;-999;   33.2;   19.9;   16.6;-999;   0.0;   6;   10.350;   0;eor
      Berlin-Dahlem;20150809;   3;   22.2;  16.7;   1.8; 1010.65;   64.67;-999;   29.0;   17.4;   16.0;-999;   0.0;   0;   13.450;   0;eor
      Berlin-Dahlem;20150810;   3;   25.4;  20.1;   3.0; 1006.60;   62.17;-999;   32.9;   17.3;   14.9;-999;   0.0;   0;   12.317;   0;eor
      Berlin-Dahlem;20150811;   3;   26.2;  21.3;   2.8; 1005.56;   63.67;-999;   33.1;   20.1;   17.4;-999;   0.0;   0;   11.683;   0;eor
      Berlin-Dahlem;20150812;   3;   22.8;  20.1;   5.0; 1010.81;   73.88;-999;   29.0;   18.5;   17.3;-999;   0.0;   0;    9.700;   0;eor
      Berlin-Dahlem;20150813;   3;   23.7;  18.3;   3.5; 1009.48;   64.08;-999;   30.0;   18.4;   17.2;-999;   0.0;   0;   10.700;   0;eor
      Berlin-Dahlem;20150814;   3;   27.0;  19.5;   2.6; 1000.56;   55.71;-999;   34.8;   19.4;   17.6;-999;   0.0;   0;   12.100;   0;eor
      Berlin-Dahlem;20150815;   3;   24.1;  22.8;   5.0;  997.83;   77.04;-999;   30.9;   19.9;   17.2;-999;   0.0;   6;    8.717;   0;eor
      Berlin-Dahlem;20150816;   3;   22.5;  21.5;   6.3;  999.59;   82.21;-999;   30.6;   19.0;   16.2;-999;   6.0;   6;    7.500;   0;eor
      Berlin-Dahlem;20150817;   3;   22.7;  17.8;   7.2;  999.84;   66.96;-999;   27.4;   19.1;   17.5;-999;   0.2;   6;    2.167;   0;eor
      Berlin-Dahlem;20150818;   3;   18.5;  18.5;   7.7; 1003.75;   86.96;-999;   20.3;   16.3;   14.6;-999;   0.0;   6;    0.150;   0;eor
      Berlin-Dahlem;20150819;   3;   17.8;  17.8;   6.8; 1009.58;   88.33;-999;   22.8;   15.6;   13.2;-999;   0.0;   6;    5.483;   0;eor
      Berlin-Dahlem;20150820;   3;   18.6;  12.0;   3.5; 1014.29;   61.88;-999;   26.4;   11.8;    8.0;-999;   0.0;   0;   13.117;   0;eor
      Berlin-Dahlem;20150821;   3;   18.4;  11.2;   4.1; 1015.50;   56.96;-999;   27.0;   10.9;    7.1;-999;   0.0;   0;   10.633;   0;eor
      Berlin-Dahlem;20150822;   3;   19.2;  11.0;   1.3; 1012.19;   53.25;-999;   27.3;   11.2;    7.2;-999;   0.0;   0;   12.350;   0;eor
      Berlin-Dahlem;20150823;   3;   19.5;  12.8;   3.9; 1004.96;   57.58;-999;   25.9;   13.0;    8.9;-999;   1.7;   6;    6.383;   0;eor
      Berlin-Dahlem;20150824;   3;   21.1;  17.0;   6.5;  998.00;   69.50;-999;   27.7;   15.4;   12.8;-999;   7.8;   6;    6.467;   0;eor
      Berlin-Dahlem;20150825;   3;   17.7;  15.4;   6.5; 1003.30;   76.67;-999;   21.6;   13.3;   10.3;-999;   0.2;   6;    2.600;   0;eor
      Berlin-Dahlem;20150826;   3;   19.2;  14.5;   6.5; 1006.52;   67.71;-999;   26.5;   13.1;    9.7;-999;   0.0;   0;   10.417;   0;eor
      Berlin-Dahlem;20150827;   3;   20.3;  15.3;   6.8; 1001.48;   65.33;-999;   27.6;   14.4;   10.4;-999;  10.0;   6;    4.667;   0;eor
      Berlin-Dahlem;20150828;   3;   16.0;  15.3;   5.2; 1007.28;   85.25;-999;   19.5;   11.8;    9.0;-999;   0.0;   6;    4.400;   0;eor
      Berlin-Dahlem;20150829;   3;   17.3;  13.8;   2.0; 1013.71;   73.83;-999;   24.7;   10.4;    7.3;-999;   0.0;   0;   12.100;   0;eor
      Berlin-Dahlem;20150830;   3;   21.6;  18.0;   3.8; 1009.21;   71.75;-999;   30.8;   13.2;   11.1;-999;   0.0;   0;   10.567;   0;eor
      Berlin-Dahlem;20150831;   3;   25.8;  22.1;   4.4; 1001.94;   70.38;-999;   34.9;   18.0;   15.3;-999;   0.0;   0;   11.233;   0;eor
      Berlin-Dahlem;20150901;   3;   21.6;  20.3;   4.0;  998.68;   80.17;-999;   28.2;   15.0;   14.1;-999;   3.0;   6;    9.550;   0;eor
      Berlin-Dahlem;20150902;   3;   15.3;  12.5;   4.2; 1005.76;   74.00;-999;   20.0;    9.7;    6.7;-999;   0.0;   0;    9.950;   0;eor
      Berlin-Dahlem;20150903;   3;   14.1;  14.1;   5.9; 1004.46;   88.00;-999;   18.6;    9.1;    6.2;-999;   5.0;   6;    1.617;   0;eor
      Berlin-Dahlem;20150904;   3;   14.2;  12.3;   3.1; 1003.19;   77.38;-999;   19.5;    9.6;    6.7;-999;   0.6;   6;    9.217;   0;eor
      Berlin-Dahlem;20150905;   3;   13.8;  11.9;   4.8;  999.38;   76.38;-999;   18.8;   10.9;    7.6;-999;   2.5;   6;    3.233;   0;eor
      Berlin-Dahlem;20150906;   3;   12.3;  12.6;   6.3; 1001.90;   88.00;-999;   16.8;   10.7;    9.3;-999;   4.7;   6;    1.950;   0;eor
      Berlin-Dahlem;20150907;   3;   12.6;  10.7;   4.0; 1010.26;   74.92;-999;   17.0;    7.9;    3.8;-999;   0.0;   6;    6.667;   0;eor
      Berlin-Dahlem;20150908;   3;   13.1;  10.3;   4.3; 1012.57;   70.54;-999;   19.5;    5.8;    2.6;-999;   0.0;   0;    9.533;   0;eor
      Berlin-Dahlem;20150909;   3;   12.9;  10.6;   3.9; 1015.09;   72.83;-999;   17.9;    7.3;    3.3;-999;   0.0;   6;    5.317;   0;eor
      Berlin-Dahlem;20150910;   3;   13.0;  12.1;   5.0; 1015.30;   83.21;-999;   19.9;    8.9;    4.7;-999;   9.9;   8;    6.333;   0;eor
      Berlin-Dahlem;20150911;   3;   13.6;  14.5;   6.8; 1011.55;   93.54;-999;   17.3;   11.0;    8.8;-999;   0.6;   6;    0.433;   0;eor
      Berlin-Dahlem;20150912;   3;   15.9;  14.2;   3.5; 1007.89;   80.88;-999;   22.8;   10.9;    7.2;-999;   0.0;   6;    7.350;   0;eor
      Berlin-Dahlem;20150913;   3;   18.4;  15.4;   6.4; 1002.68;   73.38;-999;   24.2;   14.4;   12.9;-999;   0.0;   0;    4.750;   0;eor
      Berlin-Dahlem;20150914;   3;   16.9;  16.2;   5.2;  995.24;   84.92;-999;   21.0;   13.1;   10.9;-999;   3.1;   6;    4.067;   0;eor
      Berlin-Dahlem;20150915;   3;   14.6;  13.3;   3.6;  998.58;   81.92;-999;   20.4;    9.8;    6.9;-999;   0.7;   6;    6.417;   0;eor
      Berlin-Dahlem;20150916;   3;   16.3;  14.4;   5.8;  993.19;   80.63;-999;   24.6;    8.5;    5.2;-999;   1.7;   6;    4.317;   0;eor
      Berlin-Dahlem;20150917;   3;   18.0;  16.3;   6.1;  992.64;   81.25;-999;   25.0;   13.3;   11.6;-999;   3.8;   6;    3.317;   0;eor
      Berlin-Dahlem;20150918;   3;   14.7;  12.8;   4.0; 1005.68;   78.38;-999;   20.3;   10.1;    8.0;-999;   0.0;   0;    7.467;   0;eor
      Berlin-Dahlem;20150919;   3;   14.0;  13.2;   3.7; 1009.92;   84.71;-999;   21.2;    8.8;    5.6;-999;   1.2;   6;    6.567;   0;eor
      Berlin-Dahlem;20150920;   3;   12.1;  12.6;   5.4; 1009.40;   89.88;-999;   16.0;    9.8;    7.9;-999;   3.2;   6;    3.700;   0;eor
      Berlin-Dahlem;20150921;   3;   12.1;  11.6;   4.3; 1005.55;   84.17;-999;   16.7;    9.0;    6.3;-999;   0.0;   0;    4.583;   0;eor
      Berlin-Dahlem;20150922;   3;   13.7;  12.5;   7.2;  996.27;   81.79;-999;   19.0;    9.0;    6.8;-999;   2.6;   6;    0.733;   0;eor
      Berlin-Dahlem;20150923;   3;   12.1;  12.2;   5.5;  999.27;   87.29;-999;   16.5;    8.4;    5.3;-999;   0.0;   6;    1.667;   0;eor
      Berlin-Dahlem;20150924;   3;   12.6;  11.6;   2.3; 1008.16;   81.46;-999;   19.7;    7.0;    3.8;-999;   0.0;   0;    9.933;   0;eor
      Berlin-Dahlem;20150925;   3;   12.4;  11.5;   6.2; 1010.67;   81.75;-999;   18.7;    7.7;    4.7;-999;   0.0;   0;    7.783;   0;eor
      Berlin-Dahlem;20150926;   3;   11.5;  10.6;   3.1; 1015.65;   79.79;-999;   17.2;    5.9;    2.5;-999;   0.0;   0;    6.800;   0;eor
      Berlin-Dahlem;20150927;   3;   10.1;   9.7;   2.0; 1021.40;   80.67;-999;   16.9;    5.2;    1.6;-999;   0.0;   0;    8.917;   0;eor
      Berlin-Dahlem;20150928;   3;   11.1;   9.7;   1.5; 1026.12;   75.96;-999;   18.1;    4.1;    0.6;-999;   0.0;   0;    9.417;   0;eor
      Berlin-Dahlem;20150929;   3;   11.1;  10.1;   2.0; 1027.98;   78.46;-999;   18.3;    5.6;    1.4;-999;   0.0;   0;    9.033;   0;eor
      Berlin-Dahlem;20150930;   3;   10.3;   9.4;   2.3; 1026.51;   77.38;-999;   17.3;    5.1;    0.9;-999;   0.0;   0;    8.533;   0;eor
      Berlin-Dahlem;20151001;   3;    8.9;   8.0;   1.0; 1022.85;   75.08;-999;   17.8;    2.6;   -0.9;-999;   0.0;   0;   11.083;   0;eor
      Berlin-Dahlem;20151002;   3;    9.2;   8.3;   3.5; 1016.61;   76.00;-999;   19.8;    1.9;   -1.5;-999;   0.0;   0;   10.283;   0;eor
      Berlin-Dahlem;20151003;   3;   12.0;  10.4;   3.0; 1006.93;   76.46;-999;   20.9;    3.7;    0.3;-999;   0.0;   6;   10.733;   0;eor
      Berlin-Dahlem;20151004;   3;   13.6;  12.2;   6.2; 1005.13;   79.96;-999;   19.5;    8.8;    5.4;-999;   0.0;   0;    6.783;   0;eor
      Berlin-Dahlem;20151005;   3;   12.5;  11.6;   3.2; 1006.32;   82.38;-999;   19.3;    6.2;    2.2;-999;   0.0;   0;    9.700;   0;eor
      Berlin-Dahlem;20151006;   3;   13.5;  12.6;   6.8; 1000.83;   82.00;-999;   17.0;    9.7;    5.3;-999;   0.0;   6;    0.017;   0;eor
      Berlin-Dahlem;20151007;   3;   12.5;  12.9;   7.6; 1003.50;   88.83;-999;   14.3;    8.7;    8.4;-999;  17.8;   6;    0.000;   0;eor
      Berlin-Dahlem;20151008;   3;    7.4;  10.2;   8.0; 1009.32;   98.96;-999;    8.7;    6.4;    6.5;-999;   6.5;   6;    0.000;   0;eor
      Berlin-Dahlem;20151009;   3;    8.5;   8.3;   7.1; 1012.87;   75.21;-999;   11.7;    5.3;    3.2;-999;   0.0;   6;    1.067;   0;eor
      Berlin-Dahlem;20151010;   3;    6.0;   5.2;   2.0; 1014.01;   55.42;-999;   11.1;    2.8;   -0.3;-999;   0.0;   0;   10.233;   0;eor
      Berlin-Dahlem;20151011;   3;    4.8;   5.0;   0.0; 1013.51;   57.92;-999;    9.9;    0.7;   -1.9;-999;   0.0;   0;   10.200;   0;eor
      Berlin-Dahlem;20151012;   3;    4.2;   5.3;   1.8; 1012.98;   64.13;-999;    9.9;   -0.2;   -2.5;-999;   0.0;   0;    9.633;   0;eor
      Berlin-Dahlem;20151013;   3;    4.0;   6.9;   7.8; 1010.64;   84.71;-999;    4.8;    3.3;    2.9;-999;   0.0;   6;    0.000;   0;eor
      Berlin-Dahlem;20151014;   3;    5.0;   8.4;   8.0; 1009.48;   95.17;-999;    7.0;    3.2;    2.5;-999;   8.3;   6;    0.000;   0;eor
      Berlin-Dahlem;20151015;   3;    6.3;   9.4;   8.0; 1006.91;   98.71;-999;    7.0;    5.3;    5.0;-999;  11.9;   6;    0.000;   0;eor
      Berlin-Dahlem;20151016;   3;    7.6;  10.3;   8.0; 1006.29;   98.71;-999;    8.6;    6.9;    6.6;-999;  11.8;   6;    0.000;   0;eor
      Berlin-Dahlem;20151017;   3;    7.7;  10.2;   7.9; 1008.17;   96.88;-999;    8.7;    6.9;    6.4;-999;   0.0;   6;    0.000;   0;eor
      Berlin-Dahlem;20151018;   3;    7.7;   9.2;   7.2; 1008.72;   88.88;-999;   11.3;    5.4;    3.3;-999;   2.9;   6;    3.050;   0;eor
      Berlin-Dahlem;20151019;   3;    7.7;  10.3;   8.0; 1009.86;   98.46;-999;    8.5;    7.0;    6.5;-999;   2.2;   6;    0.000;   0;eor
      Berlin-Dahlem;20151020;   3;    9.1;  11.2;   7.8; 1009.76;   97.08;-999;   10.5;    8.1;    7.0;-999;   0.6;   6;    0.000;   0;eor
      Berlin-Dahlem;20151021;   3;    9.0;  10.4;   7.0; 1008.63;   91.33;-999;   11.2;    6.9;    4.4;-999;   0.0;   6;    0.083;   0;eor
      Berlin-Dahlem;20151022;   3;    8.9;  10.7;   7.4; 1004.04;   93.38;-999;   11.3;    6.1;    4.3;-999;   0.3;   6;    0.000;   0;eor
      Berlin-Dahlem;20151023;   3;   10.7;  10.7;   4.1; 1010.92;   83.83;-999;   14.7;    4.9;    1.9;-999;   0.0;   0;    5.033;   0;eor
      Berlin-Dahlem;20151024;   3;    7.6;   9.2;   4.8; 1010.02;   89.21;-999;   14.3;    2.6;    0.1;-999;   0.0;   0;    8.650;   0;eor
      Berlin-Dahlem;20151025;   3;    9.0;  10.5;   7.3; 1012.17;   92.17;-999;   12.7;    5.3;    2.8;-999;   0.0;   6;    0.533;   0;eor
      Berlin-Dahlem;20151026;   3;    6.8;   8.6;   5.1; 1015.81;   87.71;-999;   13.5;    1.6;   -0.9;-999;   0.0;   0;    8.800;   0;eor
      Berlin-Dahlem;20151027;   3;    7.5;   9.1;   2.2; 1011.33;   88.58;-999;   13.7;    2.8;   -0.8;-999;   0.0;   0;    8.817;   0;eor
      Berlin-Dahlem;20151028;   3;    7.3;   8.8;   1.9; 1005.93;   87.58;-999;   12.7;    3.7;    0.1;-999;   0.0;   0;    8.433;   0;eor
      Berlin-Dahlem;20151029;   3;    5.3;   8.4;   4.2; 1008.78;   94.58;-999;   11.0;    1.6;   -1.5;-999;   0.0;   0;    7.100;   0;eor
      Berlin-Dahlem;20151030;   3;    7.3;   9.5;   7.6; 1019.48;   92.71;-999;   11.0;    4.0;    4.1;-999;   0.0;   6;    1.783;   0;eor
      Berlin-Dahlem;20151031;   3;   10.5;  10.3;   4.6; 1021.63;   82.92;-999;   16.7;    5.2;    1.0;-999;   0.0;   0;    7.883;   0;eor
      Berlin-Dahlem;20151101;   3;    8.3;   8.9;   4.8; 1020.86;   84.13;-999;   15.7;    3.7;   -0.3;-999;   0.0;   0;    8.500;   0;eor
      Berlin-Dahlem;20151102;   3;    6.0;   8.0;   2.3; 1018.64;   86.83;-999;   15.3;    0.9;   -2.8;-999;   0.0;   0;    8.833;   0;eor
      Berlin-Dahlem;20151103;   3;    3.5;   6.7;   0.5; 1012.35;   87.21;-999;   12.1;   -0.9;   -4.4;-999;   0.0;   0;    8.900;   0;eor
      Berlin-Dahlem;20151104;   3;    3.2;   7.4;   4.6; 1010.74;   94.46;-999;    9.0;   -1.1;   -1.7;-999;   0.0;   6;    2.650;   0;eor
      Berlin-Dahlem;20151105;   3;    8.4;  10.0;   5.0; 1011.67;   91.63;-999;   15.1;    5.4;    2.2;-999;   0.0;   6;    3.150;   0;eor
      Berlin-Dahlem;20151106;   3;   11.3;  12.2;   7.0; 1011.01;   90.88;-999;   15.2;    6.8;    4.6;-999;   2.1;   6;    0.600;   0;eor
      Berlin-Dahlem;20151107;   3;   14.9;  16.0;   7.1; 1010.71;   94.50;-999;   17.5;   11.1;    7.4;-999;   0.1;   6;    0.083;   0;eor
      Berlin-Dahlem;20151108;   3;   12.8;  11.4;   4.1; 1014.37;   77.29;-999;   17.5;    6.9;    2.9;-999;   0.7;   6;    7.000;   0;eor
      Berlin-Dahlem;20151109;   3;   13.7;  11.8;   7.2; 1007.35;   75.71;-999;   17.4;    9.4;    7.2;-999;   0.3;   6;    2.033;   0;eor
      Berlin-Dahlem;20151110;   3;   14.2;  12.9;   8.0; 1006.71;   79.63;-999;   15.3;   12.5;   11.4;-999;   0.4;   6;    0.000;   0;eor
      Berlin-Dahlem;20151111;   3;   13.7;  13.7;   7.6; 1010.34;   87.13;-999;   14.7;   11.7;    9.4;-999;   0.2;   6;    0.000;   0;eor
      Berlin-Dahlem;20151112;   3;   11.4;  10.6;   5.7; 1013.28;   78.96;-999;   14.7;    6.8;    2.6;-999;   0.0;   0;    0.667;   0;eor
      Berlin-Dahlem;20151113;   3;   11.2;  10.7;   7.0; 1009.64;   81.00;-999;   14.1;    6.6;    4.8;-999;   2.4;   8;    0.850;   0;eor
      Berlin-Dahlem;20151114;   3;    7.5;   7.7;   4.7; 1009.01;   74.29;-999;    9.3;    6.2;    4.0;-999;   3.5;   6;    2.150;   0;eor
      Berlin-Dahlem;20151115;   3;    9.5;  11.8;   8.0;  996.33;   97.96;-999;   13.2;    6.1;    5.6;-999;  25.6;   6;    0.000;   0;eor
      Berlin-Dahlem;20151116;   3;   10.8;  11.6;   7.9; 1001.45;   89.88;-999;   12.2;    8.7;    7.9;-999;   1.9;   6;    0.000;   0;eor
      Berlin-Dahlem;20151117;   3;   11.6;  12.5;   7.4;  996.89;   91.71;-999;   13.5;    9.6;    7.7;-999;   5.1;   6;    0.000;   0;eor
      Berlin-Dahlem;20151118;   3;   11.8;  10.7;   6.5;  995.95;   76.79;-999;   13.5;    9.6;    8.1;-999;   2.5;   6;    1.417;   0;eor
      Berlin-Dahlem;20151119;   3;   11.3;   9.2;   5.9;  996.19;   69.38;-999;   13.2;    8.1;    6.7;-999;   0.4;   6;    3.650;   0;eor
      Berlin-Dahlem;20151120;   3;    7.5;   8.6;   6.1;  991.22;   82.38;-999;   10.1;    4.9;    2.2;-999;   0.2;   6;    0.983;   0;eor
      Berlin-Dahlem;20151121;   3;    4.6;   7.6;   6.8;  985.05;   89.54;-999;    6.4;    2.4;    0.3;-999;   2.1;   6;    0.167;   0;eor
      Berlin-Dahlem;20151122;   3;    1.1;   6.2;   6.8;  991.38;   93.54;-999;    3.1;   -1.6;   -3.3;-999;   2.1;   7;    0.600;   0;eor
      Berlin-Dahlem;20151123;   3;    0.2;   6.1;   6.4; 1007.98;   98.25;-999;    2.3;   -1.7;   -4.2;-999;   0.1;   8;    0.050;   2;eor
      Berlin-Dahlem;20151124;   3;    0.9;   5.6;   6.5; 1008.69;   86.58;-999;    3.4;   -1.5;   -3.4;-999;   0.0;   7;    3.667;   0;eor
      Berlin-Dahlem;20151125;   3;    3.0;   6.3;   8.0;  995.98;   83.33;-999;    4.1;    1.4;    0.3;-999;   0.0;   8;    0.000;   0;eor
      Berlin-Dahlem;20151126;   3;    4.0;   7.5;   6.9; 1003.55;   92.50;-999;    6.0;    0.1;   -2.7;-999;   0.0;   6;    0.000;   0;eor
      Berlin-Dahlem;20151127;   3;    1.4;   6.6;   3.1; 1007.86;   97.13;-999;    5.8;   -1.1;   -4.0;-999;   0.0;   6;    2.417;   0;eor
      Berlin-Dahlem;20151128;   3;    0.6;   6.2;   3.6;  999.09;   96.25;-999;    3.9;   -2.0;   -4.4;-999;   5.1;   8;    1.050;   0;eor
      Berlin-Dahlem;20151129;   3;    5.4;   8.2;   7.5;  996.27;   90.25;-999;    9.3;    1.2;   -0.8;-999;   6.4;   6;    0.000;   0;eor
      Berlin-Dahlem;20151130;   3;    6.2;   7.3;   6.3;  998.44;   77.21;-999;    8.7;    3.0;    2.7;-999;  12.3;   8;    2.467;   0;eor
      Berlin-Dahlem;20151201;   3;    5.6;   8.0;   6.2; 1007.48;   87.96;-999;    8.5;    4.4;    1.4;-999;   3.6;   6;    0.717;   0;eor
      Berlin-Dahlem;20151202;   3;    9.1;   9.9;   8.0; 1014.33;   85.67;-999;   11.0;    5.0;    4.3;-999;   0.0;   6;    0.000;   0;eor
      Berlin-Dahlem;20151203;   3;    8.2;   8.0;   6.9; 1017.90;   73.58;-999;   12.3;    4.3;    0.8;-999;   0.0;   0;    4.083;   0;eor
      Berlin-Dahlem;20151204;   3;    6.7;   8.3;   6.1; 1014.14;   83.96;-999;    9.3;    4.1;    1.5;-999;   0.4;   6;    0.000;   0;eor
      Berlin-Dahlem;20151205;   3;    6.5;   7.2;   6.0; 1015.28;   75.29;-999;    8.2;    4.3;    1.7;-999;   0.0;   0;    1.300;   0;eor
      Berlin-Dahlem;20151206;   3;    8.5;   7.8;   5.5; 1011.37;   69.79;-999;   10.7;    6.3;    3.0;-999;   0.0;   0;    3.867;   0;eor
      Berlin-Dahlem;20151207;   3;   10.7;  10.9;   7.4; 1021.02;   85.13;-999;   11.8;    8.3;    4.8;-999;   0.0;   0;    0.000;   0;eor
      Berlin-Dahlem;20151208;   3;    8.5;  10.1;   4.8; 1021.23;   91.00;-999;   12.1;    4.3;    1.3;-999;   0.0;   6;    5.033;   0;eor
      Berlin-Dahlem;20151209;   3;    6.1;   8.8;   4.7; 1021.33;   93.13;-999;    9.0;    2.1;   -1.3;-999;   0.7;   6;    0.000;   0;eor
      Berlin-Dahlem;20151210;   3;    2.7;   6.7;   3.5; 1022.09;   90.71;-999;    6.2;    0.2;   -2.8;-999;   0.0;   0;    7.167;   0;eor
      Berlin-Dahlem;20151211;   3;    4.0;   7.0;   7.5; 1010.33;   85.46;-999;    6.4;    1.6;   -0.4;-999;   1.5;   6;    0.000;   0;eor
      Berlin-Dahlem;20151212;   3;    5.1;   7.4;   5.8; 1008.41;   84.88;-999;    7.0;    3.7;    1.7;-999;   8.6;   6;    3.867;   0;eor
      Berlin-Dahlem;20151213;   3;    5.0;   8.1;   5.1; 1005.23;   91.75;-999;   10.1;   -0.4;   -3.2;-999;   0.4;   6;    0.033;   0;eor
      Berlin-Dahlem;20151214;   3;    0.6;   6.3;   6.2; 1014.16;   98.08;-999;    3.0;   -2.6;   -4.6;-999;   0.0;   0;    1.850;   0;eor
      Berlin-Dahlem;20151215;   3;    5.2;   8.2;   7.3; 1013.96;   93.13;-999;    6.8;    2.9;    2.3;-999;   0.0;   6;    0.000;   0;eor
      Berlin-Dahlem;20151216;   3;    5.7;   8.6;   6.4; 1016.54;   93.63;-999;    7.7;    4.3;    0.2;-999;   1.0;   6;    2.400;   0;eor
      Berlin-Dahlem;20151217;   3;   10.4;  12.2;   7.5; 1010.82;   96.42;-999;   12.3;    7.2;    5.9;-999;   0.8;   6;    0.017;   0;eor
      Berlin-Dahlem;20151218;   3;   10.8;  12.3;   6.4; 1010.07;   94.54;-999;   11.9;    8.6;    4.7;-999;   2.1;   6;    0.000;   0;eor
      Berlin-Dahlem;20151219;   3;    8.7;  10.3;   4.8; 1011.63;   91.21;-999;   12.0;    6.8;    2.4;-999;   0.0;   0;    3.283;   0;eor
      Berlin-Dahlem;20151220;   3;    9.1;   9.9;   5.3; 1008.95;   86.46;-999;   12.9;    6.4;    2.2;-999;   0.5;   6;    2.717;   0;eor
      Berlin-Dahlem;20151221;   3;    9.5;  10.5;   6.5; 1008.33;   88.75;-999;   10.6;    8.6;    5.9;-999;   2.7;   6;    1.983;   0;eor
      Berlin-Dahlem;20151222;   3;   11.4;  10.1;   6.4; 1009.31;   74.96;-999;   13.3;    8.7;    6.2;-999;   0.0;   6;    0.100;   0;eor
      Berlin-Dahlem;20151223;   3;   11.3;   8.9;   5.8; 1011.42;   66.08;-999;   13.4;    4.6;   -0.4;-999;   0.0;   6;    2.267;   0;eor
      Berlin-Dahlem;20151224;   3;    6.9;   8.7;   4.7; 1014.13;   87.58;-999;   10.6;    2.6;   -2.1;-999;   0.8;   6;    6.067;   0;eor
      Berlin-Dahlem;20151225;   3;    9.1;   8.8;   6.2; 1014.61;   76.50;-999;   11.2;    7.5;    4.6;-999;   0.1;   6;    3.083;   0;eor
      Berlin-Dahlem;20151226;   3;   12.9;  10.9;   7.1; 1011.46;   73.67;-999;   14.9;    8.8;    7.2;-999;   0.0;   0;    1.483;   0;eor
      Berlin-Dahlem;20151227;   3;   10.4;   9.9;   7.2; 1013.97;   78.50;-999;   12.0;    8.6;    5.9;-999;   0.6;   6;    3.317;   0;eor
      Berlin-Dahlem;20151228;   3;    7.1;   8.8;   5.3; 1020.78;   86.21;-999;   12.0;    3.7;   -0.6;-999;   0.0;   0;    6.333;   0;eor
      Berlin-Dahlem;20151229;   3;    4.3;   6.6;   3.4; 1022.10;   79.92;-999;    6.4;    1.6;   -0.8;-999;   0.0;   0;    6.750;   0;eor
      Berlin-Dahlem;20151230;   3;    0.6;   5.1;   2.5; 1022.79;   79.88;-999;    2.9;   -1.9;   -4.4;-999;   0.0;   0;    6.483;   0;eor
      Berlin-Dahlem;20151231;   3;    0.0;   4.2;   5.3; 1014.60;   68.75;-999;    3.1;   -2.9;   -5.0;-999;   1.1;   6;    5.783;   0;eor
      Berlin-Dahlem;20160101;   3;    1.3;   6.7;   7.0; 1015.45;   99.00;-999;    2.4;   -0.1;   -2.6;-999;   0.0;   6;    0.000;   0;eor
      Berlin-Dahlem;20160102;   3;   -3.4;   4.4;   7.8; 1013.10;   86.71;-999;    1.5;   -7.8;   -7.1;-999;   0.0;   8;    0.000;   0;eor
      Berlin-Dahlem;20160103;   3;   -9.7;   2.3;   4.6; 1006.60;   77.75;-999;   -7.6;  -11.5;  -12.0;-999;   0.0;   7;    3.583;   0;eor
      Berlin-Dahlem;20160104;   3;   -9.0;   2.4;   5.8;  989.49;   76.21;-999;   -6.2;  -11.5;  -12.0;-999;   0.0;   7;    0.000;   0;eor
      Berlin-Dahlem;20160105;   3;   -8.2;   2.7;   7.8;  990.58;   81.21;-999;   -7.0;   -9.1;   -8.4;-999;   1.6;   7;    0.000;   0;eor
      Berlin-Dahlem;20160106;   3;   -7.7;   3.1;   8.0;  994.47;   89.13;-999;   -6.7;   -8.7;   -8.3;-999;   1.0;   7;    0.000;   4;eor
      Berlin-Dahlem;20160107;   3;   -5.5;   3.8;   8.0;  992.88;   91.38;-999;   -1.8;   -7.8;   -7.6;-999;   4.1;   8;    0.000;   5;eor
      Berlin-Dahlem;20160108;   3;    2.9;   6.0;   6.9;  989.39;   81.46;-999;    5.7;   -1.8;   -2.1;-999;   0.0;   6;    1.217;   8;eor
      Berlin-Dahlem;20160109;   3;   -0.1;   5.4;   2.0;  995.10;   89.75;-999;    4.7;   -3.1;   -6.9;-999;   0.0;   0;    6.183;   2;eor
      Berlin-Dahlem;20160110;   3;   -0.1;   6.0;   5.3;  987.74;   98.42;-999;    2.8;   -2.7;   -5.8;-999;   2.8;   6;    0.817;   2;eor
      Berlin-Dahlem;20160111;   3;    2.2;   7.1;   7.7;  982.43;   99.00;-999;    3.2;    0.2;   -1.4;-999;   4.6;   6;    0.000;   2;eor
      Berlin-Dahlem;20160112;   3;    2.8;   7.4;   7.5;  983.06;   99.00;-999;    4.5;    1.6;    0.0;-999;   4.4;   6;    0.000;   2;eor
      Berlin-Dahlem;20160113;   3;    2.2;   7.0;   7.7;  994.12;   97.08;-999;    4.0;    0.4;   -1.6;-999;   2.5;   8;    0.000;   0;eor
      Berlin-Dahlem;20160114;   3;    1.4;   6.1;   6.2;  999.52;   90.13;-999;    4.9;   -2.0;   -4.9;-999;   0.5;   8;    5.283;   0;eor
      Berlin-Dahlem;20160115;   3;   -0.4;   5.8;   7.6;  998.25;   96.83;-999;    1.3;   -1.7;   -3.3;-999;   0.2;   7;    0.050;   1;eor
      Berlin-Dahlem;20160116;   3;   -0.4;   5.3;   7.6; 1007.86;   89.67;-999;    0.4;   -1.3;   -2.6;-999;   2.0;   7;    0.267;   1;eor
      Berlin-Dahlem;20160117;   3;   -1.2;   5.3;   7.5; 1011.03;   94.67;-999;   -0.4;   -2.1;   -3.3;-999;   0.1;   7;    0.000;   6;eor
      Berlin-Dahlem;20160118;   3;   -4.5;   4.0;   2.7; 1011.96;   90.67;-999;   -1.4;   -8.5;  -14.1;-999;   0.0;   0;    6.083;   6;eor
      Berlin-Dahlem;20160119;   3;   -6.4;   3.3;   3.3; 1005.83;   86.75;-999;   -2.0;  -10.4;  -15.2;-999;   0.0;   7;    6.633;   5;eor
      Berlin-Dahlem;20160120;   3;   -1.8;   4.6;   6.7; 1004.26;   86.71;-999;    0.1;   -3.8;  -10.1;-999;   0.0;   7;    0.483;   4;eor
      Berlin-Dahlem;20160121;   3;   -3.9;   3.8;   4.8; 1016.98;   83.71;-999;   -2.2;   -8.7;  -12.5;-999;   0.0;   7;    1.800;   4;eor
      Berlin-Dahlem;20160122;   3;   -7.0;   3.1;   0.4; 1021.05;   86.42;-999;   -2.1;  -11.2;  -14.4;-999;   0.0;   0;    8.183;   4;eor
      Berlin-Dahlem;20160123;   3;   -1.3;   5.4;   7.8; 1016.55;   92.75;-999;    3.8;   -7.5;   -8.8;-999;   2.6;   8;    0.000;   4;eor
      Berlin-Dahlem;20160124;   3;    3.4;   7.6;   7.6; 1019.79;   97.54;-999;    5.0;    1.8;   -0.9;-999;   3.0;   6;    0.300;   3;eor
      Berlin-Dahlem;20160125;   3;    7.6;  10.4;   7.7; 1013.88;   99.00;-999;    9.5;    3.2;    2.2;-999;   0.1;   6;    0.000;   0;eor
      Berlin-Dahlem;20160126;   3;    8.5;   9.5;   7.1; 1010.35;   86.17;-999;   11.5;    5.2;    2.6;-999;   1.0;   6;    3.267;   0;eor
      Berlin-Dahlem;20160127;   3;   10.0;   9.0;   7.3; 1003.80;   74.13;-999;   11.9;    7.7;    6.4;-999;   0.0;   6;    0.000;   0;eor
      Berlin-Dahlem;20160128;   3;    7.5;   7.1;   4.3; 1008.13;   67.58;-999;   11.8;   -0.3;   -4.2;-999;   1.0;   6;    5.017;   0;eor
      Berlin-Dahlem;20160129;   3;    4.9;   6.5;   6.4; 1010.73;   74.50;-999;    8.9;   -0.6;   -4.2;-999;   0.0;   6;    0.950;   0;eor
      Berlin-Dahlem;20160130;   3;    7.5;   8.2;   7.6;  998.71;   79.75;-999;    9.1;    3.4;    1.3;-999;   5.1;   6;    0.000;   0;eor
      Berlin-Dahlem;20160131;   3;    4.1;   6.1;   5.5;  996.55;   75.00;-999;    6.3;    2.3;    0.2;-999;   0.0;   6;    1.550;   0;eor
      Berlin-Dahlem;20160201;   3;    7.3;   9.0;   7.8; 1000.64;   88.21;-999;   11.6;    4.0;    1.2;-999;   6.1;   6;    0.433;   0;eor
      Berlin-Dahlem;20160202;   3;    8.9;   8.5;   6.7;  998.68;   74.46;-999;   11.9;    5.7;    3.4;-999;   1.4;   6;    3.583;   0;eor
      Berlin-Dahlem;20160203;   3;    5.4;   5.7;   5.0; 1001.33;   63.71;-999;    7.5;    3.7;    1.5;-999;   0.0;   6;    5.400;   0;eor
      Berlin-Dahlem;20160204;   3;    3.1;   6.9;   7.1; 1006.99;   90.29;-999;    4.3;    1.8;   -0.2;-999;   3.0;   6;    0.000;   0;eor
      Berlin-Dahlem;20160205;   3;    3.4;   7.3;   6.4; 1012.18;   92.96;-999;    5.8;    0.9;   -1.2;-999;   1.0;   8;    0.050;   0;eor
      Berlin-Dahlem;20160206;   3;    7.7;   8.5;   5.0; 1004.47;   82.25;-999;   11.9;    5.2;    1.2;-999;   0.0;   6;    3.100;   0;eor
      Berlin-Dahlem;20160207;   3;    6.5;   7.4;   5.1;  994.51;   77.17;-999;   10.4;    2.4;   -2.4;-999;   0.4;   6;    4.067;   0;eor
      Berlin-Dahlem;20160208;   3;    7.5;   7.5;   5.3;  987.58;   72.25;-999;   11.3;    5.5;    1.9;-999;   0.6;   6;    0.433;   0;eor
      Berlin-Dahlem;20160209;   3;    8.1;   7.5;   7.0;  981.28;   69.83;-999;    9.8;    6.2;    4.6;-999;   2.8;   6;    1.733;   0;eor
      Berlin-Dahlem;20160210;   3;    5.2;   6.3;   6.5;  981.46;   71.96;-999;    8.2;    3.4;    1.3;-999;   1.9;   6;    4.700;   0;eor
      Berlin-Dahlem;20160211;   3;    4.1;   6.9;   5.6;  989.81;   84.38;-999;    6.0;    0.9;   -2.5;-999;   1.4;   6;    0.267;   0;eor
      Berlin-Dahlem;20160212;   3;    1.9;   5.9;   3.4;  992.26;   84.79;-999;    7.0;   -1.8;   -5.0;-999;   0.0;   0;    4.983;   0;eor
      Berlin-Dahlem;20160213;   3;    1.3;   5.6;   3.2;  986.00;   86.00;-999;    7.9;   -3.0;   -5.5;-999;   0.0;   8;    8.733;   0;eor
      Berlin-Dahlem;20160214;   3;    3.0;   7.4;   8.0;  981.05;   96.83;-999;    4.5;    1.1;    0.7;-999;   0.2;   8;    0.000;   0;eor
      Berlin-Dahlem;20160215;   3;    3.3;   7.3;   8.0; 1000.48;   93.96;-999;    4.4;    1.1;    0.6;-999;   0.1;   8;    0.000;   0;eor
      Berlin-Dahlem;20160216;   3;    0.0;   4.6;   6.5; 1024.76;   75.29;-999;    1.4;   -2.9;   -5.9;-999;   0.0;   0;    0.000;   0;eor
      Berlin-Dahlem;20160217;   3;    0.1;   5.3;   4.2; 1015.29;   86.42;-999;    5.0;   -3.3;   -6.2;-999;   1.0;   8;    5.500;   0;eor
      Berlin-Dahlem;20160218;   3;    2.3;   6.2;   6.9; 1006.70;   86.54;-999;    5.9;   -0.7;   -2.8;-999;   0.0;   0;    1.817;   0;eor
      Berlin-Dahlem;20160219;   3;    3.2;   5.8;   7.3; 1008.25;   76.25;-999;    5.2;    1.3;   -1.2;-999;   0.0;   6;    1.700;   0;eor
      Berlin-Dahlem;20160220;   3;    3.1;   6.9;   6.5; 1001.60;   88.83;-999;    5.3;   -0.4;   -3.6;-999;   6.5;   8;    0.000;   0;eor
      Berlin-Dahlem;20160221;   3;    8.1;  10.2;   7.7;  994.29;   93.88;-999;   11.2;    5.1;    4.2;-999;  10.9;   6;    0.150;   0;eor
      Berlin-Dahlem;20160222;   3;    6.8;   9.5;   7.9;  992.26;   93.70;-999;   11.1;    3.6;    2.8;-999;   7.9;   6;    0.000;   0;eor
      Berlin-Dahlem;20160223;   3;    4.5;   6.9;   6.0;  998.28;   82.04;-999;    7.4;    2.5;    0.4;-999;   0.0;   8;    2.517;   0;eor
      Berlin-Dahlem;20160224;   3;    2.7;   5.8;   4.3; 1003.38;   78.63;-999;    6.7;   -1.4;   -4.5;-999;   0.0;   8;    3.833;   0;eor
      Berlin-Dahlem;20160225;   3;    0.8;   5.7;   5.1; 1000.99;   88.67;-999;    4.8;   -1.8;   -4.7;-999;   2.0;   8;    4.233;   0;eor
      Berlin-Dahlem;20160226;   3;    1.1;   5.7;   5.7; 1002.62;   86.46;-999;    4.6;   -3.4;   -5.8;-999;   0.0;   8;    0.250;   0;eor
      Berlin-Dahlem;20160227;   3;    1.2;   4.8;   6.1; 1003.76;   74.29;-999;    6.9;   -4.6;   -6.3;-999;   0.0;   0;    7.933;   0;eor
      Berlin-Dahlem;20160228;   3;    3.1;   5.4;   6.1; 1008.17;   71.92;-999;    6.6;    0.7;   -3.2;-999;   0.0;   0;    5.167;-999;eor
      Berlin-Dahlem;20160229;   3;    1.4;   4.9;   7.3; 1012.63;   72.00;-999;    3.4;   -0.4;   -3.3;-999;   0.0;   7;    0.200;   0;eor
      Berlin-Dahlem;20160301;   3;    1.1;   5.1;   6.2; 1006.38;   77.96;-999;    5.0;   -0.9;   -2.9;-999;   0.0;   8;    6.383;   0;eor
      Berlin-Dahlem;20160302;   3;    4.2;   7.1;   7.3;  990.83;   86.38;-999;    9.0;    0.0;   -2.1;-999;   0.1;   6;    0.667;   0;eor
      Berlin-Dahlem;20160303;   3;    3.2;   6.2;   6.5;  992.47;   81.21;-999;    7.4;   -0.8;   -4.4;-999;   0.0;   0;    1.333;   0;eor
      Berlin-Dahlem;20160304;   3;    3.3;   5.4;   4.4;  993.74;   72.25;-999;    9.6;   -3.3;   -6.1;-999;   0.0;   0;    8.517;   0;eor
      Berlin-Dahlem;20160305;   3;    5.6;   6.7;   7.3;  987.35;   73.38;-999;    8.5;    3.7;    1.8;-999;   2.3;   6;    0.650;   0;eor
      Berlin-Dahlem;20160306;   3;    3.3;   7.5;   6.0;  987.36;   97.17;-999;    4.8;   -0.5;   -3.7;-999;   5.1;   8;    0.250;   0;eor
      Berlin-Dahlem;20160307;   3;    2.2;   6.3;   5.5;  994.70;   88.21;-999;    6.6;   -2.0;   -4.7;-999;   0.1;   8;    1.033;   0;eor
      Berlin-Dahlem;20160308;   3;    1.7;   5.5;   2.6; 1003.60;   81.96;-999;    8.6;   -3.3;   -5.8;-999;   0.0;   0;    8.750;   0;eor
      Berlin-Dahlem;20160309;   3;    2.7;   5.3;   1.7; 1004.88;   75.04;-999;    9.5;   -2.6;   -5.7;-999;   0.0;   0;    9.733;   0;eor
      Berlin-Dahlem;20160310;   3;    5.1;   7.1;   7.2; 1010.17;   80.79;-999;    8.4;    2.8;    1.9;-999;   0.0;   6;    1.267;   0;eor
      Berlin-Dahlem;20160311;   3;    3.8;   6.7;   7.8; 1018.11;   83.83;-999;    4.9;    3.1;    2.6;-999;   0.0;   6;    0.000;   0;eor
      Berlin-Dahlem;20160312;   3;    2.8;   5.9;   7.5; 1021.88;   78.50;-999;    4.1;    1.1;   -0.6;-999;   0.0;   6;    0.000;   0;eor
      Berlin-Dahlem;20160313;   3;    1.7;   5.4;   6.5; 1026.18;   78.63;-999;    3.3;   -0.4;   -3.6;-999;   0.0;   0;    0.000;   0;eor
      Berlin-Dahlem;20160314;   3;    3.6;   5.9;   6.7; 1023.40;   74.25;-999;    7.5;   -0.6;   -3.1;-999;   0.7;   6;    7.900;   0;eor
      Berlin-Dahlem;20160315;   3;    4.3;   6.6;   7.5; 1017.20;   79.96;-999;    5.9;    3.0;    2.6;-999;   0.0;   6;    0.017;   0;eor
      Berlin-Dahlem;20160316;   3;    4.6;   5.5;   2.1; 1022.74;   66.04;-999;    9.8;   -0.7;   -4.8;-999;   0.0;   0;   11.083;   0;eor
      Berlin-Dahlem;20160317;   3;    4.5;   5.2;   0.0; 1017.83;   66.50;-999;   12.1;   -2.7;   -5.9;-999;   0.0;   6;   11.400;   0;eor
      Berlin-Dahlem;20160318;   3;    4.3;   7.3;   6.0; 1008.53;   87.21;-999;    6.8;    1.4;   -2.1;-999;   0.2;   6;    0.000;   0;eor
      Berlin-Dahlem;20160319;   3;    5.8;   7.0;   5.8; 1008.92;   76.92;-999;    9.4;    3.6;   -0.8;-999;   0.0;   6;    6.217;   0;eor
      Berlin-Dahlem;20160320;   3;    5.2;   7.9;   7.0; 1003.70;   88.88;-999;    6.7;    3.5;   -0.3;-999;   0.4;   6;    0.000;   0;eor
      Berlin-Dahlem;20160321;   3;    5.5;   8.0;   6.6; 1002.18;   89.08;-999;    8.2;    3.0;    0.4;-999;   1.6;   6;    0.350;   0;eor
      Berlin-Dahlem;20160322;   3;    5.9;   8.2;   6.9;  999.74;   88.79;-999;    8.5;    4.5;    1.8;-999;   2.4;   6;    1.500;   0;eor
      Berlin-Dahlem;20160323;   3;    5.1;   7.5;   7.0;  998.52;   86.00;-999;    7.2;    2.7;   -1.2;-999;   0.0;   6;    0.200;   0;eor
      Berlin-Dahlem;20160324;   3;    3.8;   6.7;   6.7; 1002.89;   85.50;-999;    7.8;    1.2;   -2.1;-999;   0.1;   6;    2.117;   0;eor
      Berlin-Dahlem;20160325;   3;    6.0;   8.6;   7.9; 1001.79;   91.63;-999;    8.4;    4.0;    2.5;-999;   4.0;   6;    0.000;   0;eor
      Berlin-Dahlem;20160326;   3;    8.9;   8.3;   4.0; 1007.55;   74.67;-999;   13.8;    5.6;    0.6;-999;   0.0;   0;    9.767;   0;eor
      Berlin-Dahlem;20160327;   3;    8.6;   7.9;   6.5; 1001.76;   72.96;-999;   15.9;    2.9;   -1.7;-999;   0.0;   6;    6.650;   0;eor
      Berlin-Dahlem;20160328;   3;    9.9;   8.0;   5.3;  996.18;   69.08;-999;   15.9;    2.6;   -2.2;-999;   2.3;   6;    7.450;   0;eor
      Berlin-Dahlem;20160329;   3;    7.0;   8.7;   5.5;  996.09;   87.29;-999;   11.0;    3.4;   -0.4;-999;   4.9;   8;    1.817;   0;eor
      Berlin-Dahlem;20160330;   3;    6.7;   7.9;   5.8;  999.82;   82.42;-999;   11.8;    2.7;   -1.1;-999;   0.5;   6;    3.383;   0;eor
      Berlin-Dahlem;20160331;   3;    7.2;   7.3;   7.5; 1003.63;   72.83;-999;   10.5;    3.5;    0.9;-999;   0.0;   6;    0.450;   0;eor
      Berlin-Dahlem;20160401;   3;    7.7;   5.7;   3.8; 1010.22;   56.17;-999;   12.8;    2.3;   -2.4;-999;   0.0;   0;    9.750;   0;eor
      Berlin-Dahlem;20160402;   3;    8.9;   5.6;   3.3; 1011.29;   54.08;-999;   16.7;   -0.2;   -4.3;-999;   0.0;   0;   11.450;   0;eor
      Berlin-Dahlem;20160Berlin-Dahlem;   3;   12.3;   8.7;   5.7; 1003.60;   61.29;-999;   19.5;    5.0;    1.0;-999;   0.0;   0;    8.500;   0;eor
      Berlin-Dahlem;20160404;   3;   14.5;  10.9;   6.5;  998.21;   67.17;-999;   20.1;    9.2;    5.2;-999;   0.0;   0;    1.200;   0;eor
      Berlin-Dahlem;20160405;   3;   15.5;  11.4;   5.5;  996.10;   68.08;-999;   22.6;    7.9;    3.5;-999;   0.0;   6;    7.350;   0;eor
      Berlin-Dahlem;20160406;   3;   11.6;   9.0;   4.3;  998.72;   66.71;-999;   15.5;    8.8;    4.4;-999;   1.3;   6;    6.933;   0;eor
      Berlin-Dahlem;20160407;   3;    9.5;   7.6;   4.7;  999.03;   64.58;-999;   12.4;    3.0;   -1.6;-999;   0.0;   6;    3.233;   0;eor
      Berlin-Dahlem;20160408;   3;    7.5;   6.9;   3.7; 1001.60;   69.88;-999;   13.8;    1.6;   -2.3;-999;   0.0;   0;    9.750;   0;eor
      Berlin-Dahlem;20160409;   3;    8.4;   6.9;   4.4; 1001.03;   66.21;-999;   13.7;    0.8;   -3.5;-999;   0.0;   0;    6.950;   0;eor
      Berlin-Dahlem;20160410;   3;    8.0;   7.9;   7.0; 1005.86;   73.63;-999;   10.7;    5.3;    0.1;-999;   0.0;   6;    0.833;   0;eor
      Berlin-Dahlem;20160411;   3;    9.7;   8.6;   6.9; 1006.69;   71.79;-999;   12.9;    6.0;    4.2;-999;   0.0;   6;    0.733;   0;eor
      Berlin-Dahlem;20160412;   3;   10.4;  10.0;   6.5; 1001.66;   79.46;-999;   14.3;    6.5;    1.7;-999;   0.2;   6;    1.400;   0;eor
      Berlin-Dahlem;20160413;   3;   12.5;  10.3;   6.4;  997.13;   74.25;-999;   18.0;    6.5;    3.1;-999;   4.5;   6;    5.800;   0;eor
      Berlin-Dahlem;20160414;   3;    8.6;   9.9;   5.9; 1000.21;   89.50;-999;   11.3;    3.3;   -0.8;-999;   3.1;   6;    1.200;   0;eor
      Berlin-Dahlem;20160415;   3;    8.0;   9.8;   5.4;  996.38;   91.25;-999;   13.3;    2.4;   -1.2;-999;  16.1;   6;    4.683;   0;eor
      Berlin-Dahlem;20160416;   3;    9.7;  10.7;   5.9;  992.87;   89.08;-999;   14.5;    5.4;    1.0;-999;   2.0;   6;    3.233;   0;eor
      Berlin-Dahlem;20160417;   3;    8.7;   7.7;   5.5;  999.15;   70.04;-999;   12.3;    4.9;   -0.1;-999;   0.3;   6;    5.650;   0;eor
      Berlin-Dahlem;20160418;   3;    8.0;   6.1;   3.3; 1008.95;   59.67;-999;   12.7;    0.3;   -3.2;-999;   0.0;   6;    9.733;   0;eor
      Berlin-Dahlem;20160419;   3;   10.0;   6.6;   5.7; 1010.65;   53.71;-999;   13.4;    7.1;    5.0;-999;   0.0;   6;    5.517;   0;eor
      Berlin-Dahlem;20160420;   3;    8.7;   6.8;   4.3; 1017.35;   60.83;-999;   13.4;    4.0;   -0.9;-999;   0.0;   0;    6.000;   0;eor
      Berlin-Dahlem;20160421;   3;    8.6;   6.9;   0.5; 1014.08;   65.21;-999;   14.9;    1.0;   -2.9;-999;   0.0;   0;   13.667;   0;eor
      Berlin-Dahlem;20160422;   3;    8.3;   6.9;   3.8; 1007.18;   64.63;-999;   13.5;    4.1;    0.3;-999;   0.0;   0;   11.650;   0;eor
      Berlin-Dahlem;20160423;   3;    6.6;   6.3;   5.4;  999.90;   65.83;-999;   11.0;    2.9;    1.0;-999;   0.1;   6;    9.017;   0;eor
      Berlin-Dahlem;20160424;   3;    4.1;   6.2;   4.7;  999.13;   76.79;-999;    9.1;    1.2;   -1.7;-999;   0.4;   8;    6.283;   0;eor
      Berlin-Dahlem;20160425;   3;    5.0;   5.9;   5.5;  996.78;   69.71;-999;   10.0;    1.7;   -0.8;-999;   3.1;   8;    6.550;   0;eor
      Berlin-Dahlem;20160426;   3;    4.9;   6.7;   6.5;  989.33;   79.04;-999;    9.6;    2.3;   -0.2;-999;   1.2;   8;    2.700;   0;eor
      Berlin-Dahlem;20160427;   3;    5.0;   7.0;   6.2;  993.37;   81.38;-999;    9.4;    2.3;    0.2;-999;   2.0;   8;    3.917;   0;eor
      Berlin-Dahlem;20160428;   3;    5.0;   6.9;   5.0; 1002.70;   80.96;-999;    9.7;    0.5;   -2.9;-999;   1.6;   8;    6.583;   0;eor
      Berlin-Dahlem;20160429;   3;    8.0;   6.0;   3.7; 1008.59;   61.08;-999;   15.7;   -0.7;   -4.1;-999;   0.0;   0;    9.300;   0;eor
      Berlin-Dahlem;20160430;   3;   12.1;   7.1;   5.4; 1008.46;   51.83;-999;   19.4;    4.1;   -0.4;-999;   0.0;   0;   10.383;   0;eor
      Berlin-Dahlem;20160501;   3;   13.1;   7.8;   4.2; 1013.24;   53.33;-999;   18.7;    5.5;    0.3;-999;   0.0;   0;   13.083;   0;eor
      Berlin-Dahlem;20160502;   3;   12.8;   8.9;   0.9; 1013.55;   61.63;-999;   19.6;    5.6;    0.4;-999;   0.0;   0;   14.067;   0;eor
      Berlin-Dahlem;20160503;   3;   12.0;   9.3;   3.7; 1008.85;   69.46;-999;   19.7;    5.1;    0.5;-999;   0.0;   6;    6.267;   0;eor
      Berlin-Dahlem;20160504;   3;    9.7;   8.9;   6.3; 1016.89;   75.00;-999;   14.5;    5.5;    0.7;-999;   0.0;   6;    3.433;   0;eor
      Berlin-Dahlem;20160505;   3;   13.4;   8.6;   2.1; 1017.06;   58.92;-999;   20.2;    5.3;    0.6;-999;   0.0;   0;   14.100;   0;eor
      Berlin-Dahlem;20160506;   3;   16.4;  10.1;   0.9; 1010.60;   57.17;-999;   23.8;    7.7;    2.3;-999;   0.0;   0;   14.517;   0;eor
      Berlin-Dahlem;20160507;   3;   17.8;  10.3;   0.5; 1007.98;   52.88;-999;   25.0;    8.6;    2.6;-999;   0.0;   0;   14.167;   0;eor
      Berlin-Dahlem;20160508;   3;   17.8;  11.3;   1.0; 1009.77;   56.04;-999;   24.5;   10.4;    3.6;-999;   0.0;   0;   13.150;   0;eor
      Berlin-Dahlem;20160509;   3;   18.5;  11.0;   0.8; 1009.86;   54.17;-999;   25.5;   11.8;    5.2;-999;   0.0;   0;   13.950;   0;eor
      Berlin-Dahlem;20160510;   3;   18.2;  10.7;   1.3; 1005.61;   54.13;-999;   24.8;   11.3;    4.9;-999;   0.0;   0;   14.500;   0;eor
      Berlin-Dahlem;20160511;   3;   18.7;  11.1;   2.1; 1000.73;   53.54;-999;   25.3;   10.9;    5.0;-999;   0.0;   0;   13.117;   0;eor
      Berlin-Dahlem;20160512;   1;   18.0;  11.9;   3.2;  994.38;   58.96;-999;   24.8;   13.5;    9.4;-999;   4.1;   6;    9.550;   0;eor
      Berlin-Dahlem;20160513;   1;   16.3;  10.3;   2.4;  990.90;   55.50;-999;   22.3;    8.4;    3.1;-999;   0.0;   0;   12.250;   0;eor
      Berlin-Dahlem;20160514;   1;   10.1;   7.8;   4.9;  995.71;   63.88;-999;   14.0;    6.6;    2.3;-999;   0.6;   6;    5.783;   0;eor
      Berlin-Dahlem;20160515;   1;    8.2;   8.3;   5.9; 1001.85;   77.04;-999;   13.0;    5.8;    4.6;-999;   2.6;   8;    5.633;   0;eor
      Berlin-Dahlem;20160516;   1;    9.4;   7.7;   6.0; 1004.91;   67.58;-999;   14.2;    5.9;    4.4;-999;   0.0;   6;    4.383;   0;eor
      Berlin-Dahlem;20160517;   1;    9.5;   8.8;   7.0; 1004.58;   73.46;-999;   12.5;    6.9;    5.4;-999;   0.4;   6;    0.200;   0;eor
      Berlin-Dahlem;20160518;   1;   13.7;  10.1;   6.3; 1001.90;   66.75;-999;   19.5;    7.7;    5.4;-999;   0.0;   0;    5.650;   0;eor
      Berlin-Dahlem;20160519;   1;   16.3;  10.1;   6.5; 1001.36;   57.79;-999;   22.4;   11.0;    7.5;-999;   0.0;   0;    5.733;   0;eor
      Berlin-Dahlem;20160520;   1;   16.8;  11.7;   6.2; 1006.53;   62.88;-999;   22.1;   10.5;    6.0;-999;   0.0;   6;    6.983;   0;eor
      Berlin-Dahlem;20160521;   1;   17.9;  13.4;   6.5; 1007.32;   66.96;-999;   23.4;   12.6;    8.3;-999;   0.0;   0;    7.717;   0;eor
      Berlin-Dahlem;20160522;   1;   20.6;  13.4;   6.3; 1001.56;   59.26;-999;   29.3;   11.2;    6.5;-999;   0.0;   6;   11.150;   0;eor
      Berlin-Dahlem;20160523;   1;   19.7;  16.8;   6.3;  997.41;   73.58;-999;   24.6;   14.1;    9.2;-999;   8.2;   8;    8.867;   0;eor
      Berlin-Dahlem;20160524;   1;   15.5;  15.7;   6.7;  999.76;   89.25;-999;   18.4;   13.0;    9.1;-999;   0.0;   6;    0.133;   0;eor
      Berlin-Dahlem;20160525;   1;   13.4;  14.1;   8.0; 1004.18;   91.54;-999;   15.2;   12.1;   11.8;-999;   0.9;   6;    0.000;   0;eor
      Berlin-Dahlem;20160526;   1;   13.5;  14.1;   7.2; 1006.63;   91.38;-999;   15.9;    9.8;    5.4;-999;   0.0;   6;    0.017;   0;eor
      Berlin-Dahlem;20160527;   1;   15.3;  12.7;   5.0; 1007.28;   75.79;-999;   20.5;    8.5;    4.2;-999;   0.0;   0;    6.850;   0;eor
      Berlin-Dahlem;20160528;   1;   18.2;  14.0;   3.6; 1004.75;   69.79;-999;   24.2;   10.0;    5.7;-999;   0.0;   0;    8.933;   0;eor
      Berlin-Dahlem;20160529;   1;   21.5;  17.1;   5.1;  998.33;   69.08;-999;   28.8;   15.0;   12.1;-999;   0.0;   6;   10.967;   0;eor
      Berlin-Dahlem;20160530;   1;   20.8;  18.7;   4.0;  995.90;   77.54;-999;   27.7;   14.7;   10.9;-999;   8.9;   6;    7.700;   0;eor
      Berlin-Dahlem;20160531;   1;   19.4;  18.6;   4.5; 1000.29;   84.42;-999;   25.7;   13.7;    9.9;-999;   5.6;   6;    7.600;   0;eor
      Berlin-Dahlem;20160601;   1;   18.8;  19.8;   6.0; 1001.03;   91.71;-999;   22.8;   16.0;   12.0;-999;  10.9;   6;    3.500;   0;eor
      Berlin-Dahlem;20160602;   1;   19.2;  17.9;   5.4; 1001.30;   82.63;-999;   25.4;   14.0;   10.0;-999;   2.7;   6;    5.433;   0;eor
      Berlin-Dahlem;20160603;   1;   21.0;  15.0;   4.4; 1002.24;   63.58;-999;   26.3;   15.6;   11.7;-999;   0.0;   0;   13.000;   0;eor
      Berlin-Dahlem;20160604;   1;   21.5;  14.9;   5.1; 1003.24;   61.33;-999;   27.8;   14.0;   10.2;-999;   0.0;   6;   12.667;   0;eor
      Berlin-Dahlem;20160605;   1;   21.3;  17.4;   2.9; 1006.28;   70.71;-999;   27.0;   14.7;   10.7;-999;   2.9;   6;   10.333;   0;eor
      Berlin-Dahlem;20160606;   1;   19.8;  12.3;   1.1; 1011.86;   54.04;-999;   25.2;   14.1;    9.0;-999;   0.0;   0;   15.767;   0;eor
      Berlin-Dahlem;20160607;   1;   19.0;  11.3;   3.7; 1012.50;   52.75;-999;   26.6;   11.1;    6.5;-999;   0.0;   0;   15.200;   0;eor
      Berlin-Dahlem;20160608;   1;   19.5;  13.7;   2.0; 1006.82;   62.46;-999;   26.1;   11.6;    7.9;-999;   0.0;   0;   14.683;   0;eor
      Berlin-Dahlem;20160609;   1;   17.7;  14.2;   6.0; 1005.08;   71.17;-999;   22.6;   13.0;    8.1;-999;   0.0;   0;    4.717;   0;eor
      Berlin-Dahlem;20160610;   1;   16.0;  11.5;   3.9; 1001.07;   64.35;-999;   21.7;   10.5;    6.0;-999;   0.0;   0;   11.533;   0;eor
