STATIONS_ID; MESS_DATUM; QUALITAETS_NIVEAU; LUFTTEMPERATUR;DAMPFDRUCK;BEDECKUNGSGRAD;LUFTDRUCK_STATIONSHOEHE;REL_FEUCHTE; WINDGESCHWINDIGKEIT; LUFTTEMPERATUR_MAXIMUM;LUFTTEMPERATUR_MINIMUM;LUFTTEMP_AM_ERDB_MINIMUM; WINDSPITZE_MAXIMUM; NIEDERSCHLAGSHOEHE;NIEDERSCHLAGSHOEHE_IND;SONNENSCHEINDAUER; SCHNEEHOEHE;eor
      880;20141130;   3;   -1.3;   4.3;   7.8; 1011.30;   77.38;   5.0;   -0.1;   -2.1;   -2.6;  12.4;   0.0;   0;    0.000;   0;eor
      880;20141201;   3;   -2.4;   3.7;   8.0; 1010.56;   73.33;   5.5;   -2.2;   -2.7;   -2.9;  13.3;   0.0;   0;    0.000;   0;eor
      880;20141202;   3;   -2.3;   3.9;   7.9; 1009.37;   75.13;   3.8;   -1.7;   -2.9;   -3.5;  11.1;   0.0;   4;    0.000;   0;eor
      880;20141203;   3;   -0.2;   4.8;   7.9; 1013.23;   79.83;   2.2;    0.9;   -1.7;   -1.8;   5.2;   0.0;   4;    0.000;   0;eor
      880;20141204;   3;    2.7;   6.2;   7.8; 1011.15;   83.33;   3.1;    6.3;    0.1;   -2.2;   8.0;   0.0;   4;    0.600;   0;eor
      880;20141205;   3;    2.5;   7.0;   7.2; 1010.08;   94.92;   1.1;    4.5;   -0.1;   -1.8;   4.4;   0.0;   4;    0.000;   0;eor
      880;20141206;   3;    3.3;   7.2;   7.4; 1013.56;   92.96;   1.1;    5.4;    0.4;   -2.3;   3.3;   0.0;   0;    0.117;   0;eor
      880;20141207;   3;    3.8;   7.3;   6.7; 1011.66;   91.67;   1.6;    4.9;    2.2;   -0.4;   7.4;   1.6;   4;    0.017;   0;eor
      880;20141208;   3;    2.5;   6.4;   3.4; 1008.56;   87.54;   3.4;    6.1;   -2.8;   -6.4;   9.7;   0.0;   4;    5.700;   0;eor
      880;20141209;   3;   -2.0;   4.8;   0.4; 1018.00;   91.21;   1.7;    4.3;   -5.7;   -8.6;   4.6;   0.0;   0;    6.533;   0;eor
      880;20141210;   3;    0.4;   5.3;   7.8; 1011.16;   84.42;   3.8;    3.2;   -4.8;   -8.3;  12.1;   0.3;   4;    0.000;   0;eor
      880;20141211;   3;    4.0;   6.6;   6.5; 1001.17;   81.63;   4.5;    6.3;    1.2;   -0.9;  12.6;   1.1;   4;    0.250;   0;eor
      880;20141212;   3;    7.6;   7.4;   7.7;  994.99;   71.38;   6.2;   11.2;    3.3;    2.4;  16.9;   1.3;   4;    0.000;   0;eor
      880;20141213;   3;    5.9;   8.0;   7.6; 1000.86;   86.29;   3.2;   11.1;    3.1;    1.5;  13.1;   0.1;   4;    0.000;   0;eor
      880;20141214;   3;    3.7;   7.6;   7.6; 1008.09;   95.33;   1.0;    4.4;    3.0;    2.2;   3.9;   1.2;   4;    0.000;   0;eor
      880;20141215;   3;    5.9;   7.7;   7.0; 1005.60;   83.96;   3.1;   10.2;    2.4;    0.0;  11.4;   0.2;   4;    4.933;   0;eor
      880;20141216;   3;    5.6;   7.8;   7.3; 1002.83;   86.13;   2.6;    8.1;    3.0;    0.9;   7.0;   0.0;   4;    0.317;   0;eor
      880;20141217;   3;    3.1;   6.6;   5.2; 1000.22;   87.33;   3.4;    5.4;   -0.2;   -2.2;  10.4;   1.1;   4;    1.067;   0;eor
      880;20141218;   3;    8.6;  10.3;   7.7; 1000.70;   91.29;   4.3;   11.7;    4.9;    4.4;  11.3;   3.5;   4;    0.000;   0;eor
      880;20141219;   3;   10.9;  10.7;   6.9; 1000.33;   81.83;   6.2;   13.0;    5.9;    4.2;  14.5;   2.1;   4;    0.000;   0;eor
      880;20141220;   3;    5.6;   6.7;   7.2; 1004.28;   74.21;   7.1;    7.1;    0.8;   -0.1;  18.5;   6.3;   4;    0.000;   0;eor
      880;20141221;   3;    5.6;   7.3;   7.4; 1012.46;   80.58;   5.4;    7.5;    3.4;    2.4;  14.7;   1.5;   4;    0.000;   0;eor
      880;20141222;   3;    9.6;   9.0;   7.4; 1003.79;   75.42;   8.8;   11.1;    6.4;    5.4;  19.2;   0.0;   4;    0.000;   0;eor
      880;20141223;   3;   11.3;   9.7;   7.5; 1004.25;   72.21;   7.7;   12.1;   10.5;    9.1;  16.0;   0.0;   4;    0.000;   0;eor
      880;20141224;   3;    8.7;   8.4;   7.7; 1003.68;   75.04;   6.6;   10.9;    5.2;    3.8;  15.9;   1.7;   4;    0.000;   0;eor
      880;20141225;   3;    4.4;   6.5;   5.4; 1007.43;   78.04;   5.1;    6.3;    0.9;    0.4;  14.8;   1.1;   4;    0.500;   0;eor
      880;20141226;   3;   -0.9;   5.5;   7.4; 1016.39;   95.54;   1.7;    1.1;   -3.5;   -5.7;  11.4;   0.5;   4;    0.083;   0;eor
      880;20141227;   3;   -4.2;   3.9;   5.9; 1005.26;   86.13;   2.7;   -1.3;   -7.9;   -9.4;  10.4;   0.0;   4;    4.367;   0;eor
      880;20141228;   3;   -6.2;   3.3;   7.2; 1013.22;   84.46;   2.7;   -2.7;   -8.6;   -9.5;   8.9;   3.0;   4;    1.583;   0;eor
      880;20141229;   3;   -4.0;   4.2;   6.9; 1019.30;   93.04;   2.0;   -2.3;   -8.5;  -15.7;   5.5;   0.1;   4;    0.567;   3;eor
      880;20141230;   3;   -3.5;   4.4;   6.5; 1022.73;   91.50;   1.9;   -0.1;   -8.5;  -15.1;   4.7;   0.6;   4;    1.083;   3;eor
      880;20141231;   3;    1.6;   6.8;   7.9; 1022.08;   98.88;   2.6;    3.1;   -0.1;   -0.2;   6.5;   1.1;   4;    0.000;   3;eor
      880;20150101;   3;    3.5;   7.2;   6.6; 1023.15;   91.04;   3.5;    5.8;    1.8;   -1.8;   9.1;   0.0;   0;    4.400;   0;eor
      880;20150102;   3;    5.1;   6.8;   7.2; 1012.25;   77.46;   6.7;    7.1;    2.8;    1.5;  14.6;   1.7;   4;    0.000;   0;eor
      880;20150103;   3;    4.1;   5.9;   7.5; 1010.04;   72.88;   6.4;    5.4;    2.6;    1.7;  15.9;   0.7;   4;    0.000;   0;eor
      880;20150104;   3;    3.4;   6.0;   5.7; 1012.69;   77.38;   4.5;    5.3;   -0.1;   -2.1;  14.7;   0.6;   4;    1.200;   0;eor
      880;20150105;   3;    2.3;   7.0;   7.6; 1018.03;   96.25;   3.4;    3.2;   -0.1;   -1.7;  11.8;   6.2;   4;    0.000;   0;eor
      880;20150106;   3;    0.2;   5.9;   7.9; 1018.73;   94.96;   2.5;    2.4;   -1.3;   -2.1;   8.5;   0.0;   0;    0.133;   0;eor
      880;20150107;   3;    1.7;   6.3;   7.3; 1017.00;   90.21;   2.9;    3.5;   -0.3;   -1.9;   6.8;   0.9;   4;    0.000;   0;eor
      880;20150108;   3;    4.2;   7.3;   7.5; 1012.74;   87.54;   4.2;    7.5;    1.2;   -0.2;  15.6;   9.0;   4;    0.000;   0;eor
      880;20150109;   3;    6.8;   7.7;   7.6; 1004.22;   78.21;   7.1;   10.0;    4.5;    3.4;  21.2;   8.1;   4;    0.000;   0;eor
      880;20150110;   3;    9.6;   9.8;   7.5;  994.81;   80.54;   6.5;   14.5;    5.1;    3.7;  22.2;   3.8;   4;    0.017;   0;eor
      880;20150111;   3;    3.6;   5.8;   6.4; 1000.25;   73.83;   6.9;    5.5;    1.0;    0.4;  16.3;   5.6;   4;    0.167;   0;eor
      880;20150112;   3;    5.4;   7.3;   7.7; 1005.69;   82.00;   6.4;    7.7;    1.3;    0.8;  14.4;   0.6;   4;    0.000;   0;eor
      880;20150113;   3;   10.7;   7.1;   5.9; 1000.73;   56.46;   6.2;   13.6;    7.4;    6.3;  18.0;   0.1;   4;    5.533;   0;eor
      880;20150114;   3;    7.1;   7.3;   7.4; 1000.90;   72.38;   4.5;   11.2;    2.3;   -1.6;  16.2;   0.3;   4;    1.750;   0;eor
      880;20150115;   3;    4.9;   6.1;   6.8; 1001.50;   71.04;   4.6;    9.1;    0.6;   -2.4;  12.7;   0.1;   4;    0.000;   0;eor
      880;20150116;   3;    7.3;   6.9;   7.9;  999.15;   68.13;   2.6;    8.8;    4.7;    3.4;   9.6;   1.0;   4;    0.167;   0;eor
      880;20150117;   3;    3.0;   7.0;   7.7; 1003.88;   92.96;   1.6;    5.6;   -2.9;   -5.1;   6.4;   0.2;   4;    0.000;   0;eor
      880;20150118;   3;   -0.4;   5.2;   3.9; 1008.98;   89.08;   1.7;    5.7;   -4.2;   -6.9;   5.8;   0.0;   0;    6.750;   0;eor
      880;20150119;   3;   -0.3;   5.6;   7.7; 1006.25;   92.67;   1.9;    2.2;   -4.0;   -7.2;   5.4;   0.0;   4;    0.000;   0;eor
      880;20150120;   3;    1.5;   5.9;   7.8; 1003.47;   87.63;   1.6;    3.9;    0.2;   -0.1;   6.3;   4.3;   4;    0.000;   0;eor
      880;20150121;   3;   -0.1;   5.5;   7.0; 1007.50;   90.04;   1.6;    1.0;   -2.1;   -4.7;   4.4;   0.0;   0;    0.117;   1;eor
      880;20150122;   3;    0.1;   5.8;   7.5; 1008.88;   93.63;   3.2;    1.0;   -1.8;   -2.9;   8.6;   3.4;   4;    0.000;   0;eor
      880;20150123;   3;   -0.2;   5.8;   7.6; 1014.43;   96.96;   1.7;    0.2;   -1.0;   -1.6;   5.3;   1.4;   4;    0.000;   1;eor
      880;20150124;   3;   -0.8;   5.3;   7.7; 1012.38;   91.71;   1.7;   -0.3;   -1.4;   -4.7;   5.3;   0.2;   4;    0.000;   1;eor
      880;20150125;   3;    0.7;   6.1;   7.6; 1015.61;   95.25;   1.9;    2.0;   -0.5;   -0.9;   6.6;   0.2;   4;    0.050;   0;eor
      880;20150126;   3;    2.1;   6.3;   7.4; 1011.94;   89.42;   2.4;    5.1;    0.2;   -1.0;   9.0;   6.2;   4;    1.933;   0;eor
      880;20150127;   3;    2.8;   7.0;   7.5; 1004.63;   93.79;   3.5;    4.1;    0.5;   -0.1;   9.7;   2.3;   4;    0.033;   0;eor
      880;20150128;   3;    3.3;   6.4;   7.6; 1000.03;   83.00;   4.3;    5.5;    1.6;    1.1;  12.7;   2.6;   4;    0.400;   0;eor
      880;20150129;   3;    2.5;   5.6;   5.9;  981.29;   77.38;   4.9;    4.9;    0.9;   -0.6;  14.1;   0.9;   4;    3.917;   0;eor
      880;20150130;   3;    1.7;   5.8;   7.0;  966.78;   84.21;   3.6;    4.5;   -0.7;   -3.3;  10.5;   1.1;   4;    0.167;   0;eor
      880;20150131;   3;    0.8;   5.7;   6.8;  972.08;   88.00;   3.7;    2.6;   -0.8;   -2.0;   8.3;   0.6;   4;    0.933;   1;eor
      880;20150201;   3;    0.1;   5.1;   0.8;  981.38;   83.92;   2.9;    4.5;   -2.6;   -5.7;   7.8;   0.0;   4;    5.650;   0;eor
      880;20150202;   3;    1.1;   5.3;   6.8;  987.32;   80.92;   3.1;    4.8;   -2.0;   -4.6;  10.2;   0.3;   4;    3.217;   0;eor
      880;20150203;   3;    0.3;   5.7;   7.5;  992.40;   91.88;   2.9;    2.8;   -1.2;   -3.6;   7.5;   3.3;   4;    0.483;   0;eor
      880;20150204;   3;   -1.4;   5.1;   7.6; 1003.07;   92.75;   1.7;   -0.2;   -2.6;   -5.4;   5.4;   1.1;   4;    0.000;   2;eor
      880;20150205;   3;   -1.6;   4.8;   6.1; 1014.72;   89.58;   1.9;    1.4;   -3.1;   -7.7;   7.1;   0.0;   4;    2.600;   4;eor
      880;20150206;   3;   -2.8;   4.2;   7.9; 1021.20;   84.63;   2.9;   -1.8;   -3.9;   -5.9;   9.0;   0.0;   4;    0.000;   2;eor
      880;20150207;   3;   -1.6;   4.7;   4.8; 1016.08;   85.67;   3.8;    3.6;   -7.4;  -11.4;  12.5;   0.4;   4;    4.217;   2;eor
      880;20150208;   3;    1.4;   3.8;   4.2; 1009.76;   56.71;   4.8;    3.6;   -1.8;   -3.7;  15.9;   0.2;   4;    6.550;   0;eor
      880;20150209;   3;    3.3;   7.1;   7.6; 1010.69;   90.42;   3.9;    5.0;   -0.4;   -1.1;  10.2;   0.1;   4;    0.000;   0;eor
      880;20150210;   3;    4.8;   7.4;   6.8; 1017.60;   86.21;   2.9;    5.3;    4.4;    3.9;   9.2;   0.0;   4;    0.000;   0;eor
      880;20150211;   3;    4.6;   6.7;   6.0; 1019.15;   78.79;   1.8;    5.9;    2.8;    2.2;   5.7;   0.0;   0;    0.000;   0;eor
      880;20150212;   3;    1.7;   5.4;   0.3; 1015.41;   79.88;   2.0;    8.2;   -3.3;   -6.2;   6.1;   0.0;   0;    8.567;   0;eor
      880;20150213;   3;    0.5;   5.0;   0.0; 1011.54;   80.29;   1.9;    7.9;   -5.7;   -8.3;   6.9;   0.0;   0;    8.617;   0;eor
      880;20150214;   3;    0.1;   4.9;   0.0; 1006.40;   81.08;   2.0;    7.2;   -4.6;   -8.3;   6.8;   0.0;   0;    8.600;   0;eor
      880;20150215;   3;    2.1;   5.5;   0.8; 1009.93;   78.67;   3.4;   10.2;   -3.5;   -6.2;  10.2;   0.0;   0;    7.517;   0;eor
      880;20150216;   3;    0.5;   5.2;   5.4; 1016.61;   82.08;   4.8;    2.8;   -1.4;   -2.9;  11.8;   0.0;   0;    0.417;   0;eor
      880;20150217;   3;    2.2;   5.4;   1.6; 1022.52;   76.67;   2.7;    9.0;   -3.3;   -6.4;   7.8;   0.0;   4;    8.633;   0;eor
      880;20150218;   3;    2.7;   6.3;   7.4; 1029.92;   86.29;   2.4;    7.5;   -1.4;   -4.8;   6.7;   0.0;   4;    4.300;   0;eor
      880;20150219;   3;    1.6;   5.3;   2.3; 1020.18;   79.38;   2.8;    7.3;   -1.9;   -4.8;   8.7;   0.0;   0;    8.250;   0;eor
      880;20150220;   3;    3.6;   5.5;   0.5; 1006.70;   71.25;   3.7;   11.3;   -3.9;   -8.1;  15.0;   0.0;   0;    8.217;   0;eor
      880;20150221;   3;    6.0;   6.0;   4.8;  992.03;   64.17;   3.8;   11.6;    2.9;    0.6;  13.8;   0.0;   0;    5.533;   0;eor
      880;20150222;   3;    2.5;   5.9;   6.8; 1000.35;   81.67;   1.6;    5.4;   -2.1;   -5.9;   5.5;   0.0;   0;    0.000;   0;eor
      880;20150223;   3;    3.4;   6.2;   6.3;  993.50;   80.63;   3.5;    9.1;   -0.1;   -2.8;  12.1;   1.8;   4;    3.583;   0;eor
      880;20150224;   3;    4.6;   6.3;   7.3;  998.36;   76.50;   2.7;    9.7;    0.1;   -3.2;   9.2;   0.0;   0;    5.900;   0;eor
      880;20150225;   3;    1.9;   5.8;   7.1; 1009.74;   84.00;   1.8;    8.6;   -3.2;   -5.8;   5.4;   0.0;   0;    4.650;   0;eor
      880;20150226;   3;    2.0;   5.2;   0.8; 1012.65;   75.42;   1.5;   10.1;   -5.6;   -8.3;   5.7;   0.0;   0;    9.050;   0;eor
      880;20150227;   3;    2.7;   5.9;   0.8; 1005.52;   80.92;   2.0;   10.0;   -2.6;   -6.4;   6.3;   0.0;   4;    7.667;   0;eor
      880;20150228;   3;    3.3;   5.8;   4.1; 1010.08;   76.38;   2.7;    8.2;   -2.1;   -5.9;   8.0;   0.0;   4;    5.250;   0;eor
      880;20150301;   3;    4.0;   6.6;   6.7;  998.76;   80.83;   3.3;    7.1;    0.1;   -1.9;   9.5;   2.2;   4;    0.700;   0;eor
      880;20150302;   3;    5.3;   6.1;   5.5;  993.37;   69.33;   4.1;    9.0;    1.2;   -3.6;  15.1;   2.6;   4;    3.650;   0;eor
      880;20150303;   3;    5.2;   5.5;   6.7; 1006.18;   63.38;   5.7;    8.3;    2.0;    1.0;  14.5;   0.9;   4;    5.567;   0;eor
      880;20150304;   3;    4.1;   5.9;   5.2; 1011.76;   72.25;   4.5;    7.9;    1.3;   -0.2;  12.0;   0.0;   4;    3.150;   0;eor
      880;20150305;   3;    3.9;   6.3;   6.5; 1022.12;   79.67;   2.7;    7.7;    0.9;   -1.2;   8.9;   0.1;   4;    2.967;   0;eor
      880;20150306;   3;    2.8;   6.6;   5.5; 1025.88;   88.79;   2.4;    7.1;   -3.1;   -5.7;   7.6;   0.1;   4;    0.283;   0;eor
      880;20150307;   3;    7.0;   6.5;   7.2; 1023.69;   67.75;   2.9;   12.5;   -0.4;   -3.2;  10.6;   0.0;   0;    8.350;   0;eor
      880;20150308;   3;   10.8;   6.5;   8.0; 1017.81;   50.92;   3.1;   15.9;    6.9;    5.2;   8.0;   0.0;   0;    6.433;   0;eor
      880;20150309;   3;    9.3;   7.5;   5.3; 1017.31;   64.04;   2.0;   14.6;    3.9;   -0.4;   6.3;   0.0;   0;    4.883;   0;eor
      880;20150310;   3;    7.6;   8.2;   6.4; 1016.52;   80.17;   2.2;   14.0;   -0.6;   -4.2;   7.4;   1.4;   4;    6.467;   0;eor
      880;20150311;   3;    3.7;   7.2;   6.8; 1018.50;   90.21;   2.1;    5.8;    1.0;   -1.7;   6.6;   0.3;   4;    0.017;   0;eor
      880;20150312;   3;    2.8;   7.0;   7.6; 1022.05;   93.13;   1.7;    4.5;    1.0;   -0.8;   7.0;   0.0;   4;    0.167;   0;eor
      880;20150313;   3;    2.7;   6.3;   7.0; 1018.52;   85.50;   1.7;    5.5;   -1.4;   -3.1;   6.0;   1.9;   4;    0.983;   0;eor
      880;20150314;   3;    3.8;   7.6;   7.4; 1018.46;   94.88;   2.4;    4.9;    2.3;    2.0;   7.3;   2.5;   4;    0.000;   0;eor
      880;20150315;   3;    6.3;   7.9;   7.5; 1021.98;   84.00;   3.6;    8.6;    4.0;    3.5;   8.8;   0.0;   4;    0.483;   0;eor
      880;20150316;   3;    8.5;   8.0;   5.8; 1022.49;   73.50;   4.5;   13.2;    3.3;    2.1;  11.9;   0.0;   0;    6.067;   0;eor
      880;20150317;   3;   11.0;   7.5;   3.1; 1021.32;   59.75;   3.9;   18.0;    4.8;    3.2;  10.2;   0.0;   0;    9.017;   0;eor
      880;20150318;   3;    7.7;   4.5;   0.0; 1019.66;   45.29;   3.9;   14.0;    1.9;   -1.3;  11.3;   0.0;   0;   10.883;   0;eor
      880;20150319;   3;    4.6;   4.4;   1.8; 1018.94;   56.04;   2.6;   12.6;   -2.4;   -5.4;   8.6;   0.0;   0;   10.883;   0;eor
      880;20150320;   3;    3.3;   4.7;   3.6; 1014.63;   64.46;   1.2;   12.4;   -5.1;   -7.8;   5.3;   0.0;   0;   10.217;   0;eor
      880;20150321;   3;    3.9;   6.2;   5.3; 1006.99;   77.33;   2.3;    9.6;   -2.9;   -6.3;  10.4;   0.7;   4;    5.350;   0;eor
      880;20150322;   3;    2.1;   4.0;   7.0; 1017.11;   57.83;   3.0;    5.8;   -1.5;   -5.4;   9.5;   0.0;   0;    8.233;   0;eor
      880;20150323;   3;    4.2;   4.7;   5.3; 1009.22;   57.63;   1.7;   12.5;   -2.0;   -5.3;   6.7;   0.0;   0;   10.483;   0;eor
      880;20150324;   3;    7.2;   6.6;   3.5; 1000.94;   68.29;   1.8;   15.4;   -2.2;   -5.4;   9.3;   0.0;   0;    7.500;   0;eor
      880;20150325;   3;    9.9;   7.5;   5.0;  999.57;   65.13;   2.2;   18.5;   -1.2;   -4.2;   7.5;   0.0;   0;    9.500;   0;eor
      880;20150326;   3;    9.2;   9.4;   7.6;  997.92;   81.29;   2.6;   12.4;    6.2;    5.5;   8.7;   1.8;   4;    0.000;   0;eor
      880;20150327;   3;    7.5;   8.3;   6.7; 1004.68;   81.50;   3.1;   12.7;    5.2;    4.3;  12.6;   0.6;   4;    3.050;   0;eor
      880;20150328;   3;    6.7;   7.2;   6.5; 1009.70;   74.29;   2.9;   10.1;    3.7;   -0.9;   7.9;   0.1;   4;    1.417;   0;eor
      880;20150329;   3;    9.7;  10.0;   7.7;  991.85;   82.63;   4.5;   13.6;    6.4;    5.8;  13.7;   5.4;   4;    0.017;   0;eor
      880;20150330;   3;    6.9;   6.9;   6.5;  987.28;   69.67;   7.0;   10.0;    2.7;    1.3;  20.7;   1.8;   4;    3.100;   0;eor
      880;20150331;   3;    6.2;   7.1;   7.1;  985.39;   74.88;   6.8;   12.2;    1.1;    0.2;  24.3;   6.7;   4;    2.083;   0;eor
      880;20150401;   3;    4.3;   6.2;   7.3;  997.51;   74.25;   6.4;    8.1;    1.7;    0.2;  23.6;   3.4;   4;    2.283;   0;eor
      880;20150402;   3;    2.8;   6.3;   5.8;  999.14;   85.13;   4.4;    7.7;    0.4;   -0.5;  12.9;   3.4;   4;    3.733;   0;eor
      880;20150403;   3;    3.3;   6.3;   5.3; 1008.35;   82.83;   3.4;    8.3;   -0.4;   -2.7;  10.7;   2.6;   4;    1.150;   0;eor
      880;20150404;   3;    2.4;   5.8;   3.3; 1007.40;   81.71;   1.9;    9.4;   -3.3;   -5.5;  10.0;   0.1;   4;    7.217;   0;eor
      880;20150405;   3;    2.5;   4.9;   3.5; 1013.12;   70.67;   1.9;   10.3;   -4.3;   -6.5;   8.5;   0.0;   4;    7.033;   0;eor
      880;20150406;   3;    3.4;   5.3;   5.9; 1018.39;   69.50;   2.5;    9.2;   -2.5;   -5.4;  11.1;   0.0;   4;    5.067;   0;eor
      880;20150407;   3;    5.9;   6.2;   7.5; 1023.52;   69.21;   3.0;   13.4;   -4.0;   -6.4;  10.2;   0.0;   4;    9.100;   0;eor
      880;20150408;   3;    7.8;   8.7;   7.5; 1021.95;   81.79;   2.4;    8.7;    6.9;    6.1;  10.3;   0.0;   4;    0.000;   0;eor
      880;20150409;   3;   10.4;   8.5;   4.8; 1020.74;   70.38;   1.8;   17.2;    4.2;    1.0;  12.9;   0.0;   0;    9.117;   0;eor
      880;20150410;   3;   11.4;   8.7;   1.7; 1014.17;   68.92;   1.3;   20.6;    1.2;   -1.1;   5.6;   0.0;   0;   12.050;   0;eor
      880;20150411;   3;   15.0;   9.0;   6.9; 1010.13;   56.71;   3.8;   23.0;    4.9;    1.4;  13.1;   0.0;   4;   10.050;   0;eor
      880;20150412;   3;   10.5;   6.0;   7.9; 1018.73;   48.92;   3.2;   15.1;    5.2;    1.7;  13.8;   0.0;   4;   10.117;   0;eor
      880;20150413;   3;   10.0;   6.4;   5.9; 1016.44;   52.54;   4.8;   12.8;    4.1;    0.6;  16.7;   0.0;   4;    5.517;   0;eor
      880;20150414;   3;    9.5;   6.9;   6.7; 1016.23;   58.79;   3.1;   14.9;    0.0;   -3.5;  11.4;   0.1;   4;    5.733;   0;eor
      880;20150415;   3;   15.8;   9.6;   3.9; 1006.31;   56.04;   4.1;   23.0;    8.8;    3.8;  12.6;   0.0;   4;    8.883;   0;eor
      880;20150416;   3;   11.0;   7.3;   7.1; 1004.69;   56.96;   2.8;   15.6;    2.3;   -0.8;  10.0;   0.7;   4;    5.233;   0;eor
      880;20150417;   3;    7.5;   6.5;   7.5; 1006.58;   64.33;   2.4;   11.6;    2.3;   -0.9;   9.2;   0.1;   4;    4.650;   0;eor
      880;20150418;   3;    5.3;   5.9;   4.2; 1014.78;   68.63;   2.2;   10.8;   -1.1;   -3.9;   9.1;   0.0;   4;    4.917;-999;eor
      880;20150419;   3;    7.3;   6.0;   6.0; 1014.13;   62.79;   1.7;   15.6;   -2.4;   -5.1;   8.1;   0.0;   0;    9.467;   0;eor
      880;20150420;   3;   10.1;   6.8;   3.7; 1015.11;   59.17;   3.0;   19.0;    0.4;   -3.1;  11.0;   0.0;   0;   11.983;   0;eor
      880;20150421;   3;   12.4;   6.6;   0.4; 1015.55;   53.42;   3.4;   22.0;    1.1;   -2.7;  14.5;   0.0;   0;   12.767;   0;eor
      880;20150422;   3;    7.4;   7.5;   4.8; 1015.71;   74.63;   1.7;   12.9;    0.5;   -2.8;   7.1;   0.0;   4;    1.900;   0;eor
      880;20150423;   3;   10.0;   7.4;   0.5; 1009.68;   65.21;   2.3;   19.4;   -1.1;   -3.9;   8.4;   0.0;   0;   12.800;   0;eor
      880;20150424;   3;   12.3;   8.4;   2.7; 1005.00;   63.83;   2.4;   21.7;    2.1;   -1.1;   9.8;   0.0;   0;   10.050;   0;eor
      880;20150425;   3;   16.0;   8.5;   6.8; 1000.78;   49.96;   3.0;   23.4;    6.1;    1.5;  12.8;   0.0;   4;    8.200;   0;eor
      880;20150426;   3;   15.6;  12.2;   7.0;  999.03;   70.92;   2.3;   21.3;   10.2;    6.5;   9.2;   0.2;   4;    5.017;   0;eor
      880;20150427;   3;   14.4;  12.3;   7.2;  994.69;   78.17;   2.5;   24.5;    6.9;    4.3;  10.2;   3.9;   4;    5.600;   0;eor
      880;20150428;   3;    6.3;   8.7;   7.3; 1003.56;   91.42;   2.5;    8.4;    3.9;    1.8;   8.5;  10.8;   4;    0.100;   0;eor
      880;20150429;   3;    8.3;   6.3;   3.9; 1011.91;   61.17;   2.3;   14.3;    1.0;   -1.3;   6.1;   0.0;   0;   12.033;   0;eor
      880;20150430;   3;   11.8;   8.1;   7.4; 1005.29;   60.54;   3.0;   18.1;    4.9;    1.7;  11.1;   5.4;   4;    8.717;   0;eor
      880;20150501;   3;    9.8;   8.3;   6.6;  999.54;   71.13;   2.4;   14.9;    2.2;    0.6;   7.6;   0.0;   0;    7.250;-999;eor
      880;20150502;   3;    8.1;   7.0;   3.5; 1003.36;   69.13;   1.7;   15.6;    0.2;   -1.9;   7.8;   0.0;   0;    8.400;-999;eor
      880;20150503;   3;   13.0;   8.8;   6.0; 1001.57;   62.50;   3.0;   20.9;    1.7;   -0.9;   8.7;   4.1;   4;    8.917;-999;eor
      880;20150504;   3;   17.5;  13.8;   6.8; 1000.65;   71.88;   2.7;   23.1;   12.2;    9.6;   9.4;   0.0;   4;    8.100;-999;eor
      880;20150505;   3;   20.1;  16.1;   7.7;  998.06;   68.67;   3.0;   26.0;   12.9;    9.5;  10.5;   0.0;   4;    1.983;-999;eor
      880;20150506;   3;   16.3;  10.2;   5.9; 1004.50;   55.79;   2.2;   21.6;   11.1;    6.5;   8.4;   0.0;   0;    5.867;-999;eor
      880;20150507;   3;   12.8;   8.6;   2.0; 1008.85;   60.83;   3.3;   19.2;    5.0;    2.6;  15.2;   0.1;   4;   10.450;-999;eor
      880;20150508;   3;   13.9;   8.5;   7.0; 1009.57;   58.50;   1.8;   20.8;    3.1;    0.8;   6.8;   0.3;   4;    7.450;-999;eor
      880;20150509;   3;   16.1;  12.2;   7.1; 1007.78;   68.75;   2.7;   22.6;   11.4;    9.7;  17.5;   7.6;   4;    4.767;-999;eor
      880;20150510;   3;   11.3;  10.0;   5.9; 1015.55;   76.33;   3.2;   14.4;    3.9;    1.3;  12.0;   0.0;   0;    3.917;-999;eor
      880;20150511;   3;   13.4;   7.9;   7.1; 1018.07;   57.54;   1.9;   22.2;    1.7;    0.1;   7.2;   0.0;   0;   12.417;-999;eor
      880;20150512;   3;   18.9;  11.4;   7.8; 1008.60;   52.83;   3.7;   25.6;   10.4;    7.4;  13.1;   1.8;   4;    7.017;-999;eor
      880;20150513;   3;   12.7;   9.4;   3.9; 1008.29;   67.42;   2.9;   18.9;    5.5;    2.9;  11.3;   0.0;   0;    9.967;-999;eor
      880;20150514;   3;    9.8;   8.3;   5.1; 1003.93;   70.33;   2.4;   13.3;    2.3;    0.4;   9.8;   0.0;   0;    4.917;-999;eor
      880;20150515;   3;   10.8;   7.9;   0.8; 1007.06;   65.58;   1.7;   19.1;    0.6;   -1.1;   7.8;   0.0;   0;   12.867;-999;eor
      880;20150516;   3;   11.7;   9.4;   5.5; 1011.37;   71.46;   2.7;   18.9;    2.1;    0.0;  10.6;   1.0;   4;    8.200;-999;eor
      880;20150517;   3;   11.1;   8.2;   6.0; 1013.30;   63.38;   3.5;   15.9;    5.6;    2.0;  11.2;   0.0;   4;    5.350;-999;eor
      880;20150518;   3;   14.8;   8.8;   6.3; 1003.60;   56.04;   2.2;   22.4;    6.0;    3.2;   8.4;   0.0;   0;    7.100;-999;eor
      880;20150519;   3;   16.4;  10.1;   7.1;  997.89;   55.88;   3.0;   22.7;   10.3;    6.2;  11.5;   0.0;   0;    8.067;-999;eor
      880;20150520;   3;   13.2;   8.8;   7.7; 1004.50;   60.33;   1.6;   17.8;    7.0;    4.7;   6.7;   0.0;   4;    0.100;-999;eor
      880;20150521;   3;   11.6;   8.6;   6.0; 1013.72;   66.54;   1.9;   18.2;    3.6;    1.5;   7.4;   0.0;   0;    6.400;-999;eor
      880;20150522;   3;   12.1;   8.1;   4.2; 1016.31;   62.21;   1.3;   20.2;    1.7;   -0.4;   5.5;   0.0;   0;   12.317;-999;eor
      880;20150523;   3;   15.0;  10.1;   7.0; 1010.51;   62.25;   1.7;   21.4;    5.0;    2.8;   7.3;   0.0;   0;    2.667;-999;eor
      880;20150524;   3;   14.8;   8.8;   3.0; 1010.29;   56.33;   1.7;   22.1;    7.3;    4.8;   5.9;   0.0;   0;   14.433;-999;eor
      880;20150525;   3;   15.2;  12.4;   5.4; 1004.18;   72.42;   2.0;   21.7;    6.1;    3.7;   9.3;   4.3;   4;    5.233;-999;eor
      880;20150526;   3;   13.6;   9.6;   7.4; 1006.80;   63.08;   2.9;   17.4;   10.6;   10.1;   9.8;   0.0;   0;    2.583;-999;eor
      880;20150527;   3;   11.0;   8.6;   6.7; 1011.56;   66.25;   2.9;   14.3;    5.7;    3.3;   9.9;   0.0;   4;    3.517;-999;eor
      880;20150528;   3;   14.1;   9.1;   6.0; 1007.11;   61.46;   3.0;   21.5;    4.3;    1.6;  11.8;   1.1;   4;   10.967;-999;eor
      880;20150529;   3;   15.7;  11.1;   7.0; 1002.87;   65.79;   2.0;   21.3;    9.1;    7.3;   6.9;   0.1;   4;    6.317;-999;eor
      880;20150530;   3;   12.8;   9.8;   5.8; 1003.81;   67.21;   3.6;   16.8;    6.2;    2.3;  15.6;   2.0;   4;    4.550;-999;eor
      880;20150531;   3;   14.8;   9.0;   4.9; 1007.33;   56.67;   2.8;   22.6;    4.4;    1.4;  10.7;   0.0;   4;   11.767;-999;eor
      880;20150601;   3;   15.3;  13.6;   7.5; 1007.08;   79.42;   2.3;   20.6;   12.4;   11.9;   9.7;   4.4;   4;    0.250;-999;eor
      880;20150602;   3;   18.8;  11.9;   5.7; 1006.90;   59.50;   4.4;   25.7;   10.4;    8.3;  15.0;   0.0;   0;   10.600;-999;eor
      880;20150603;   3;   21.1;  12.4;   3.0; 1010.55;   49.67;   4.0;   27.4;   10.4;    8.2;  12.2;   0.0;   0;   11.550;-999;eor
      880;20150604;   3;   16.6;   9.0;   1.3; 1019.64;   51.25;   1.6;   23.3;    7.1;    5.0;   6.9;   0.0;   0;   13.717;-999;eor
      880;20150605;   3;   21.3;   9.4;   0.0; 1015.37;   39.67;   3.0;   29.4;   10.8;    9.3;   7.7;   0.0;   0;   15.000;-999;eor
      880;20150606;   3;   25.6;  13.8;   3.5; 1011.73;   44.33;   2.9;   34.2;   13.7;   10.1;   9.9;   0.6;   4;   14.467;-999;eor
      880;20150607;   3;   15.3;  12.0;   7.7; 1019.06;   70.21;   1.7;   19.3;    9.7;    8.2;   7.2;   3.1;   4;    0.100;-999;eor
      880;20150608;   3;   14.3;  12.3;   6.8; 1017.63;   78.46;   1.9;   21.6;    8.1;    6.6;   7.5;  11.5;   4;    6.600;-999;eor
      880;20150609;   3;   11.5;  12.2;   7.5; 1018.58;   89.67;   2.1;   13.6;    9.1;    8.8;   6.8;   0.0;   4;    0.000;-999;eor
      880;20150610;   3;   15.9;  11.2;   4.8; 1017.86;   65.04;   2.1;   21.9;   11.1;    8.8;   8.3;   0.0;   0;   12.950;-999;eor
      880;20150611;   3;   17.2;  10.0;   1.5; 1013.08;   55.71;   1.5;   24.4;    7.3;    5.8;   6.0;   3.2;   4;   13.667;-999;eor
      880;20150612;   3;   19.0;  15.8;   3.8; 1005.35;   73.54;   1.6;   26.3;   11.5;   10.1;   5.5;   0.1;   4;    9.867;-999;eor
      880;20150613;   3;   21.6;  18.9;   5.8; 1000.79;   77.38;   2.0;   31.3;   14.5;   12.3;   6.7;   0.8;   4;    7.917;-999;eor
      880;20150614;   3;   20.6;  15.1;   3.7; 1001.34;   66.00;   2.9;   26.9;   13.7;   11.7;   9.7;   0.0;   0;   13.117;-999;eor
      880;20150615;   3;   15.7;  10.6;   4.4; 1007.90;   61.67;   2.4;   21.2;    7.7;    5.5;   9.1;   0.0;   0;    7.617;-999;eor
      880;20150616;   3;   12.3;   8.5;   5.3; 1013.42;   62.29;   1.9;   17.9;    4.6;    2.8;   8.0;   0.0;   0;    5.517;-999;eor
      880;20150617;   3;   14.7;   8.8;   4.6; 1013.09;   56.25;   2.0;   21.9;    4.3;    2.2;   7.4;   2.6;   4;   12.250;-999;eor
      880;20150618;   3;   15.2;  14.0;   7.5; 1004.48;   80.92;   2.6;   19.9;   12.4;   11.9;   7.8;   1.8;   4;    0.883;-999;eor
      880;20150619;   3;   12.9;  10.8;   7.6; 1005.31;   72.54;   3.1;   16.0;   10.4;    9.8;  11.5;   5.6;   4;    2.783;-999;eor
      880;20150620;   3;   12.6;  12.2;   7.2; 1007.00;   83.50;   2.5;   17.7;   10.8;   10.6;   9.9;   7.4;   4;    3.150;-999;eor
      880;20150621;   3;   14.3;  11.4;   7.0; 1007.35;   72.04;   2.6;   19.7;   11.0;    9.2;   9.2;   0.0;   4;    4.700;-999;eor
      880;20150622;   3;   14.6;  13.6;   7.5; 1000.53;   82.67;   2.5;   18.3;   11.6;   11.0;   8.6;  11.7;   4;    1.550;-999;eor
      880;20150623;   3;   11.6;  12.7;   6.7;  999.51;   92.88;   2.6;   14.1;    9.3;    8.1;  11.0;   5.7;   4;    0.500;-999;eor
      880;20150624;   3;   12.1;  11.4;   5.5; 1011.09;   81.71;   2.9;   16.2;    7.4;    5.2;  11.0;   0.8;   4;    1.417;-999;eor
      880;20150625;   3;   15.9;  12.5;   5.8; 1014.10;   71.92;   2.0;   23.0;    6.7;    4.5;   6.3;   0.0;   0;    5.267;-999;eor
      880;20150626;   3;   18.0;  14.9;   7.9; 1010.66;   74.58;   1.7;   25.0;   10.2;    8.6;   8.8;   0.2;   4;    5.767;-999;eor
      880;20150627;   3;   18.5;  17.9;   7.8; 1006.67;   84.63;   2.1;   23.6;   15.3;   14.7;   8.6;   2.1;   4;    0.533;-999;eor
      880;20150628;   3;   16.6;  13.8;   6.7; 1011.70;   75.79;   2.3;   22.7;   12.0;   10.9;   8.0;   0.3;   4;    5.700;-999;eor
      880;20150629;   3;   19.5;  13.7;   6.4; 1012.08;   63.96;   1.5;   26.5;   12.2;   11.6;   6.6;   0.0;   0;    7.583;-999;eor
      880;20150630;   3;   20.7;  14.2;   6.2; 1012.66;   61.04;   1.9;   26.6;   15.0;   12.2;   9.5;   0.0;   0;   11.650;-999;eor
      880;20150701;   3;   21.6;  12.4;   0.8; 1014.93;   50.63;   2.4;   28.0;   13.6;   10.9;   7.0;   0.0;   0;   15.117;-999;eor
      880;20150702;   3;   23.7;  12.7;   0.1; 1016.28;   45.71;   3.1;   30.0;   15.5;   12.2;   9.8;   0.0;   0;   15.100;-999;eor
      880;20150703;   3;   26.2;  13.6;   1.8; 1016.13;   42.92;   2.8;   33.8;   17.2;   14.8;   8.6;   0.0;   0;   14.483;-999;eor
      880;20150704;   3;   28.7;  16.6;   2.6; 1012.03;   44.33;   1.7;   36.6;   18.2;   15.8;   5.8;   0.0;   0;   13.133;-999;eor
      880;20150705;   3;   30.0;  18.7;   4.0; 1007.30;   46.21;   2.2;   36.8;   22.0;   20.0;  11.7;   3.3;   4;   10.517;-999;eor
      880;20150706;   3;   21.5;  16.8;   4.8; 1009.71;   67.71;   2.7;   26.6;   13.5;   11.8;  11.5;   0.0;   4;    8.650;-999;eor
      880;20150707;   3;   24.2;  14.9;   2.0; 1003.63;   56.83;   2.1;   33.9;   11.8;   10.4;  21.9;  20.5;   4;   14.000;-999;eor
      880;20150708;   3;   20.3;  15.9;   7.0;  999.23;   67.46;   4.0;   22.8;   16.8;   15.3;  15.0;   1.0;   4;    5.100;-999;eor
      880;20150709;   3;   15.6;  11.6;   4.9; 1005.60;   66.08;   4.2;   19.3;   11.8;   10.7;  13.5;   7.0;   4;    6.100;-999;eor
      880;20150710;   3;   14.0;   9.2;   4.6; 1011.78;   59.13;   3.7;   19.3;    7.8;    6.1;  12.8;   0.0;   0;    7.250;-999;eor
      880;20150711;   3;   16.2;  11.4;   3.9; 1009.52;   65.25;   1.5;   22.7;    6.6;    5.3;   7.2;   0.0;   0;    8.600;-999;eor
      880;20150712;   3;   18.2;  14.7;   7.6; 1007.00;   74.04;   2.0;   26.9;   10.9;    9.6;   9.9;   8.2;   4;    4.150;-999;eor
      880;20150713;   3;   16.7;  17.1;   7.5; 1006.26;   90.04;   2.9;   20.7;   14.5;   14.3;  13.3;  14.5;   4;    0.883;-999;eor
      880;20150714;   3;   17.9;  18.9;   7.4; 1005.19;   92.00;   2.2;   23.0;   15.6;   15.4;   9.5;  10.1;   4;    1.833;-999;eor
      880;20150715;   3;   18.7;  15.8;   5.7; 1009.90;   75.08;   2.0;   23.2;   14.7;   13.4;   7.8;   0.0;   4;    8.617;-999;eor
      880;20150716;   3;   20.9;  16.6;   3.8; 1009.42;   69.75;   1.6;   27.1;   14.3;   13.1;   7.1;   0.0;   0;   11.283;-999;eor
      880;20150717;   3;   24.7;  18.4;   2.9; 1006.41;   62.42;   1.2;   32.8;   14.5;   13.2;   5.8;   0.0;   4;    8.300;-999;eor
      880;20150718;   3;   24.2;  20.9;   6.5; 1005.57;   70.54;   2.2;   28.7;   19.2;   17.3;  11.8;   0.6;   4;    7.950;-999;eor
      880;20150719;   3;   22.1;  20.5;   6.9; 1001.66;   77.88;   2.5;   27.9;   17.2;   15.6;  12.7;   1.1;   4;    5.200;-999;eor
      880;20150720;   3;   20.6;  14.6;   2.6; 1004.90;   63.08;   3.0;   26.1;   14.8;   13.6;  10.8;   2.1;   4;   12.817;-999;eor
      880;20150721;   3;   23.1;  21.4;   4.5; 1004.82;   77.79;   2.6;   30.6;   18.0;   17.3;  11.2;   0.0;   0;    8.183;-999;eor
      880;20150722;   3;   25.3;  19.9;   7.1; 1004.72;   65.17;   1.5;   31.4;   17.5;   16.4;  11.5;   6.8;   4;   10.767;-999;eor
      880;20150723;   3;   20.8;  17.2;   6.5; 1006.30;   71.46;   2.3;   24.6;   17.3;   15.7;   8.4;   0.0;   0;    5.583;-999;eor
      880;20150724;   3;   21.8;  15.5;   5.1; 1005.38;   60.83;   2.6;   27.6;   15.3;   14.1;   8.2;   0.1;   4;   10.183;-999;eor
      880;20150725;   3;   21.8;  15.5;   5.4;  996.13;   60.21;   4.9;   28.4;   16.7;   16.1;  19.4;   0.1;   4;    5.550;-999;eor
      880;20150726;   3;   16.8;  10.3;   6.3; 1003.13;   55.42;   4.4;   21.4;   12.8;   10.5;  17.6;   0.1;   4;    6.967;-999;eor
      880;20150727;   3;   17.1;  14.0;   7.8;  995.63;   72.21;   3.2;   23.4;   13.5;   12.4;   9.9;   2.7;   4;    1.800;-999;eor
      880;20150728;   3;   17.8;  12.7;   6.3;  996.76;   63.88;   4.4;   22.0;   14.9;   13.6;  15.0;   0.0;   4;    7.300;-999;eor
      880;20150729;   3;   16.4;  11.2;   4.8;  999.10;   62.46;   4.1;   22.3;   11.1;    9.7;  13.5;   5.3;   4;    6.317;-999;eor
      880;20150730;   3;   15.4;  10.5;   3.3; 1003.57;   61.58;   4.6;   20.5;    9.1;    7.2;  13.6;   0.0;   0;    7.100;-999;eor
      880;20150731;   3;   14.2;  10.3;   3.8; 1009.91;   66.54;   2.3;   20.7;    7.9;    5.9;   8.0;   0.0;   0;    8.650;-999;eor
      880;20150801;   3;   18.2;  10.7;   5.6; 1008.80;   56.33;   2.4;   26.9;    6.8;    5.5;   7.8;   0.0;   0;   10.533;-999;eor
      880;20150802;   3;   22.6;  12.6;   5.9; 1009.74;   48.50;   1.4;   30.4;   15.9;   13.3;   5.8;   0.0;   0;    8.483;-999;eor
      880;20150803;   3;   23.2;  14.0;   2.5; 1009.90;   53.17;   1.6;   31.9;   12.2;   10.9;   6.9;   0.0;   0;   13.850;-999;eor
      880;20150804;   3;   26.3;  16.4;   2.8; 1005.18;   52.00;   2.6;   34.9;   16.6;   14.4;  11.8;   0.0;   4;   12.550;-999;eor
      880;20150805;   3;   21.7;  17.2;   4.8; 1009.95;   67.75;   2.2;   27.3;   15.6;   14.2;   8.8;   0.0;   0;    9.700;-999;eor
      880;20150806;   3;   25.9;  17.1;   5.8; 1008.00;   56.83;   1.7;   35.4;   15.4;   14.1;   7.6;   0.0;   0;   12.917;-999;eor
      880;20150807;   3;   28.8;  15.8;   3.7; 1007.77;   46.54;   1.7;   38.5;   17.5;   15.8;   7.6;   0.0;   0;   13.583;-999;eor
      880;20150808;   3;   28.3;  17.8;   0.6; 1007.81;   48.92;   2.4;   36.0;   20.4;   17.9;  11.2;   0.0;   0;   13.150;-999;eor
      880;20150809;   3;   23.8;  17.9;   4.2; 1011.01;   62.04;   2.5;   30.1;   18.4;   17.7;   7.6;   0.0;   0;   10.500;-999;eor
      880;20150810;   3;   26.6;  19.1;   4.7; 1007.33;   57.42;   3.1;   33.9;   19.0;   18.2;   8.7;   0.0;   0;    9.850;-999;eor
      880;20150811;   3;   28.5;  16.9;   5.6; 1006.18;   46.38;   2.1;   36.2;   21.7;   19.9;   6.7;   0.0;   0;    9.683;-999;eor
      880;20150812;   3;   24.8;  18.6;   4.1; 1011.05;   61.63;   2.4;   31.2;   18.3;   16.3;   8.6;   0.0;   0;    8.817;-999;eor
      880;20150813;   3;   24.5;  18.7;   2.1; 1010.12;   62.21;   3.3;   30.9;   18.2;   16.8;   9.6;   0.0;   0;   10.967;-999;eor
      880;20150814;   3;   27.5;  17.1;   3.4; 1001.57;   48.58;   4.1;   34.6;   19.6;   18.7;  11.2;   0.0;   4;   11.667;-999;eor
      880;20150815;   3;   24.8;  19.7;   6.3;  999.22;   65.13;   2.2;   32.2;   17.7;   15.9;   9.1;   0.3;   4;    7.583;-999;eor
      880;20150816;   3;   21.9;  21.1;   7.5; 1000.55;   82.08;   1.6;   30.2;   17.0;   15.0;   8.2;   3.0;   4;    3.500;-999;eor
      880;20150817;   3;   23.3;  18.9;   7.2; 1000.69;   68.79;   2.6;   28.5;   18.8;   17.5;   9.0;   0.3;   4;    5.917;-999;eor
      880;20150818;   3;   17.3;  17.7;   7.6; 1005.35;   89.33;   2.3;   20.5;   16.1;   15.9;   6.3;   0.0;   4;    0.000;-999;eor
      880;20150819;   3;   18.6;  17.5;   7.4; 1010.65;   82.58;   2.0;   25.0;   15.0;   13.4;   8.0;   0.0;   0;    5.450;-999;eor
      880;20150820;   3;   18.5;  11.1;   6.5; 1015.50;   57.67;   2.0;   25.8;   11.7;    9.4;   8.5;   0.0;   0;   11.117;-999;eor
      880;20150821;   3;   17.9;   9.7;   4.8; 1016.66;   52.46;   1.9;   26.5;    8.8;    6.7;   8.4;   0.0;   0;   11.367;-999;eor
      880;20150822;   3;   18.0;   9.5;   2.7; 1013.35;   51.54;   1.9;   26.8;    8.2;    6.4;   8.3;   0.0;   0;   10.700;-999;eor
      880;20150823;   3;   19.1;  11.3;   3.5; 1006.25;   53.13;   2.9;   25.6;   11.3;    8.5;  11.6;   2.8;   4;    9.400;-999;eor
      880;20150824;   3;   21.5;  16.2;   7.5; 1000.23;   64.79;   2.9;   28.6;   15.7;   14.7;   9.3;   5.7;   4;    6.933;-999;eor
      880;20150825;   3;   17.5;  15.0;   7.4; 1006.18;   75.63;   3.7;   21.4;   12.3;    9.8;  14.4;   0.1;   4;    1.067;-999;eor
      880;20150826;   3;   20.1;  12.6;   7.5; 1009.14;   56.96;   2.6;   27.4;   11.4;    9.0;   9.3;   0.0;   0;   11.233;-999;eor
      880;20150827;   3;   24.2;  13.3;   7.3; 1003.41;   44.92;   3.1;   31.1;   14.2;   10.6;   8.1;   1.0;   4;    9.583;-999;eor
      880;20150828;   3;   17.4;  17.3;   6.5; 1008.65;   86.96;   1.9;   21.7;   12.7;   10.7;   7.8;   0.9;   4;    0.317;-999;eor
      880;20150829;   3;   18.3;  14.4;   2.6; 1015.21;   72.75;   1.0;   26.5;   10.7;    9.2;   5.1;   0.0;   0;    9.083;-999;eor
      880;20150830;   3;   23.6;  17.7;   4.3; 1010.52;   64.21;   1.7;   33.5;   13.7;   12.2;   5.4;   0.0;   0;    9.250;-999;eor
      880;20150831;   3;   27.1;  18.7;   4.8; 1003.52;   58.21;   1.4;   36.9;   17.5;   15.5;   9.9;   1.9;   4;   11.150;-999;eor
      880;20150901;   3;   23.3;  20.4;   3.2;  999.84;   75.21;   2.6;   32.6;   15.4;   14.9;  25.0;  29.0;   4;   10.033;-999;eor
      880;20150902;   3;   15.8;  13.4;   6.0; 1007.56;   76.83;   2.2;   21.4;    9.9;    8.6;  11.7;   0.0;   0;    5.650;-999;eor
      880;20150903;   3;   14.0;  14.0;   6.3; 1006.25;   88.33;   1.6;   21.2;    9.1;    7.4;  11.9;   9.0;   4;    1.433;-999;eor
      880;20150904;   3;   13.6;  13.5;   5.8; 1005.33;   87.75;   1.6;   19.4;    9.9;    7.9;   6.6;   2.2;   4;    2.617;-999;eor
      880;20150905;   3;   13.9;  11.7;   4.5; 1002.34;   75.13;   4.2;   19.5;    9.9;    7.3;  11.7;   0.3;   4;    3.983;-999;eor
      880;20150906;   3;   11.9;  12.3;   6.3; 1004.26;   87.88;   5.3;   15.2;   10.1;    8.9;  16.3;   9.6;   4;    0.500;-999;eor
      880;20150907;   3;   12.3;  11.2;   5.8; 1011.69;   79.67;   2.8;   17.3;    6.8;    4.9;   8.9;   0.2;   4;    4.683;-999;eor
      880;20150908;   3;   13.2;  10.6;   7.5; 1013.83;   71.75;   2.3;   19.6;    6.4;    4.3;   9.8;   0.1;   4;    5.900;-999;eor
      880;20150909;   3;   12.3;  11.4;   3.8; 1015.78;   80.83;   1.6;   18.8;    6.4;    4.3;   8.2;   0.6;   4;    7.450;-999;eor
      880;20150910;   3;   11.8;  11.6;   4.2; 1015.80;   85.46;   2.3;   19.1;    5.1;    3.7;  15.3;   5.8;   4;    6.700;-999;eor
      880;20150911;   3;   14.0;  14.3;   7.0; 1012.17;   89.63;   2.4;   17.7;   10.4;    9.2;   7.2;   0.1;   4;    0.517;-999;eor
      880;20150912;   3;   16.6;  13.8;   2.9; 1009.13;   75.42;   2.2;   23.5;    9.3;    7.0;   7.3;   0.0;   0;   10.983;-999;eor
      880;20150913;   3;   19.6;  13.8;   8.0; 1003.98;   62.83;   2.8;   26.5;   13.5;   11.4;   9.4;   0.0;   0;    8.833;-999;eor
      880;20150914;   3;   17.7;  15.5;   6.3;  997.10;   77.08;   2.6;   21.7;   14.2;   11.6;   8.9;   1.2;   4;    3.800;-999;eor
      880;20150915;   3;   17.2;  12.2;   7.6; 1000.70;   62.58;   2.7;   20.9;   11.7;    8.8;   8.1;   0.0;   4;    3.033;-999;eor
      880;20150916;   3;   17.7;  14.8;   6.3;  994.70;   74.00;   1.9;   25.1;    9.3;    6.9;   7.4;   0.1;   4;    3.300;-999;eor
      880;20150917;   3;   20.2;  15.9;   4.9;  993.95;   71.08;   2.7;   29.8;   13.4;   12.0;  12.6;   7.6;   4;    9.800;-999;eor
      880;20150918;   3;   15.1;  13.0;   5.8; 1007.35;   77.96;   2.3;   21.0;   10.8;    9.3;   7.5;   0.0;   0;    7.450;-999;eor
      880;20150919;   3;   15.4;  12.9;   4.6; 1011.25;   77.04;   2.0;   22.4;    9.4;    7.1;   8.0;   0.5;   4;    8.017;-999;eor
      880;20150920;   3;   13.0;  12.5;   6.0; 1010.59;   84.04;   2.7;   17.1;    9.4;    7.9;   9.1;   1.4;   4;    4.333;-999;eor
      880;20150921;   3;   12.1;  11.8;   5.8; 1007.01;   84.25;   2.3;   16.7;    8.0;    5.5;   7.6;   0.0;   0;    3.350;-999;eor
      880;20150922;   3;   15.4;  11.2;   7.7;  998.25;   65.58;   2.9;   20.4;   10.0;    8.8;   9.0;   0.0;   4;    4.083;-999;eor
      880;20150923;   3;   13.7;  12.4;   7.0; 1000.74;   79.58;   2.0;   16.5;    8.2;    5.6;   7.6;   0.0;   4;    0.050;-999;eor
      880;20150924;   3;   12.2;  11.2;   4.8; 1009.84;   81.58;   1.9;   19.5;    5.9;    3.0;   7.5;   0.0;   0;    9.267;-999;eor
      880;20150925;   3;   12.9;  11.9;   6.8; 1011.61;   81.54;   1.7;   19.2;    5.8;    3.6;   6.2;   0.0;   0;    7.133;-999;eor
      880;20150926;   3;   11.4;  10.3;   6.3; 1015.92;   78.75;   1.3;   18.0;    4.1;    1.8;   7.2;   0.0;   0;    6.100;-999;eor
      880;20150927;   3;    9.0;   8.8;   2.2; 1021.83;   79.71;   1.6;   17.2;    2.0;    0.1;   6.9;   0.0;   0;    8.850;-999;eor
      880;20150928;   3;    9.5;   8.8;   1.4; 1026.50;   77.04;   1.5;   18.2;    0.8;   -1.1;   7.1;   0.0;   0;    9.267;-999;eor
      880;20150929;   3;    9.8;   9.3;   3.0; 1028.10;   79.46;   1.9;   17.2;    2.4;    0.1;   8.5;   0.0;   0;    7.417;-999;eor
      880;20150930;   3;    9.6;   8.7;   3.3; 1026.98;   75.92;   1.8;   16.1;    1.9;   -0.4;   7.9;   0.0;   0;    6.800;-999;eor
      880;20151001;   3;    7.3;   7.2;   1.5; 1023.73;   75.21;   1.3;   16.8;    0.1;   -2.8;   6.3;   0.0;   0;   10.133;   0;eor
      880;20151002;   3;    8.9;   7.8;   4.4; 1017.52;   73.54;   1.1;   20.3;   -1.1;   -2.9;   4.2;   0.0;   0;   10.333;   0;eor
      880;20151003;   3;   12.7;  10.3;   3.7; 1007.94;   72.04;   1.9;   21.7;    3.5;    0.8;   7.4;   0.0;   4;    7.917;   0;eor
      880;20151004;   3;   14.4;  12.2;   7.3; 1006.27;   76.21;   2.0;   20.9;    7.3;    5.4;   6.1;   0.0;   0;    6.567;   0;eor
      880;20151005;   3;   12.2;  10.7;   3.7; 1007.17;   77.71;   1.4;   20.5;    5.1;    2.8;   5.5;   0.0;   0;    9.450;   0;eor
      880;20151006;   3;   13.7;  12.3;   8.0; 1001.95;   79.38;   2.8;   18.3;    9.1;    5.8;   7.6;   0.1;   4;    0.017;   0;eor
      880;20151007;   3;   13.2;  12.8;   8.0; 1004.47;   83.88;   3.5;   15.3;   10.1;    8.9;   9.3;   1.9;   4;    0.000;   0;eor
      880;20151008;   3;    8.1;   9.3;   7.8; 1009.74;   86.42;   1.9;   10.2;    7.0;    6.6;   6.7;   7.7;   4;    0.000;   0;eor
      880;20151009;   3;    7.5;   7.7;   8.0; 1013.33;   74.54;   2.1;   12.0;    4.3;    2.6;   7.4;   7.1;   4;    2.650;   0;eor
      880;20151010;   3;    5.9;   4.9;   2.0; 1014.00;   54.04;   3.8;   11.6;    1.5;    0.5;   9.4;   0.0;   0;    9.883;   0;eor
      880;20151011;   3;    4.7;   4.6;   0.0; 1013.40;   54.96;   3.9;    9.7;    0.1;   -1.4;  11.5;   0.0;   0;    9.850;   0;eor
      880;20151012;   3;    3.5;   5.3;   3.0; 1013.37;   67.42;   3.3;    9.3;   -1.9;   -3.9;   9.9;   0.0;   0;    7.983;   0;eor
      880;20151013;   3;    3.6;   6.3;   7.7; 1011.25;   79.79;   2.0;    4.3;    2.9;    2.8;   5.2;   0.0;   4;    0.000;   0;eor
      880;20151014;   3;    5.4;   8.5;   7.8; 1009.45;   93.71;   2.9;    7.8;    2.9;    2.7;   7.9;  20.2;   4;    0.000;   0;eor
      880;20151015;   3;    7.0;   9.7;   7.7; 1006.80;   97.21;   3.4;    7.8;    6.1;    5.7;   9.1;  12.8;   4;    0.000;   0;eor
      880;20151016;   3;    8.3;  10.6;   7.7; 1006.98;   96.83;   1.3;    9.5;    7.6;    7.3;   4.1;   5.6;   4;    0.000;   0;eor
      880;20151017;   3;    8.2;  10.5;   7.6; 1009.23;   96.25;   1.1;    9.9;    7.4;    7.0;   4.0;   0.0;   4;    0.017;   0;eor
      880;20151018;   3;    7.6;   9.3;   7.1; 1009.80;   89.29;   1.1;   11.8;    3.7;    2.1;   4.2;   0.0;   4;    3.900;   0;eor
      880;20151019;   3;    6.7;   9.2;   7.5; 1011.13;   93.71;   1.4;    9.5;    3.4;    1.5;   4.8;   0.1;   4;    0.000;   0;eor
      880;20151020;   3;    7.6;  10.4;   7.8; 1010.39;   98.67;   1.4;    9.6;    5.5;    5.1;   4.0;   1.5;   4;    0.000;   0;eor
      880;20151021;   3;    8.8;  10.7;   7.8; 1009.83;   94.75;   2.0;   10.3;    8.0;    7.6;   5.5;   0.4;   4;    0.000;   0;eor
      880;20151022;   3;    9.3;  10.5;   7.5; 1005.98;   89.46;   2.9;   12.7;    5.4;    2.2;   7.9;   0.9;   4;    1.167;   0;eor
      880;20151023;   3;   10.5;  10.8;   6.3; 1012.24;   85.71;   2.8;   14.3;    4.5;    1.6;   8.9;   0.0;   0;    3.683;   0;eor
      880;20151024;   3;    8.7;   9.2;   5.4; 1011.59;   83.04;   2.1;   15.3;    1.2;   -1.0;   7.7;   0.0;   0;    8.833;   0;eor
      880;20151025;   3;    9.3;  10.4;   7.9; 1013.43;   88.83;   2.2;   12.8;    4.0;    2.0;   6.9;   0.1;   4;    0.017;   0;eor
      880;20151026;   3;    7.1;   9.2;   7.7; 1016.80;   91.67;   1.6;   12.6;    3.9;    2.6;   6.4;   0.0;   0;    4.767;   0;eor
      880;20151027;   3;    7.1;   9.4;   6.9; 1012.67;   92.71;   2.5;   12.5;    3.6;    2.0;   6.5;   0.0;   0;    4.250;   0;eor
      880;20151028;   3;    7.3;   8.9;   5.3; 1007.00;   87.25;   2.4;   12.9;    2.8;    0.8;   6.8;   0.0;   0;    6.050;   0;eor
      880;20151029;   3;    6.5;   9.1;   6.1; 1009.79;   93.46;   1.5;   12.4;    1.4;   -1.6;   7.4;   0.0;   4;    4.050;   0;eor
      880;20151030;   3;    8.1;  10.5;   7.8; 1020.31;   97.00;   1.2;    9.8;    6.6;    6.6;   3.9;   0.1;   4;    0.000;   0;eor
      880;20151031;   3;    8.5;  10.3;   3.9; 1023.32;   92.71;   2.3;   12.9;    3.5;    0.0;   6.2;   0.0;   0;    5.567;   0;eor
      880;20151101;   3;    7.6;   7.3;   4.6; 1022.80;   73.96;   2.0;   17.1;    0.0;   -2.5;   9.6;   0.0;   0;    8.500;   0;eor
      880;20151102;   3;    4.6;   6.4;  -999; 1020.08;   79.58;   1.0;   15.6;   -1.7;   -4.5;   3.2;   0.0;   0;    8.433;   0;eor
      880;20151103;   3;    3.0;   6.0;   0.0; 1013.69;   82.17;   1.2;   13.9;   -2.9;   -6.0;   4.5;   0.0;   0;    8.300;   0;eor
      880;20151104;   3;    4.1;   7.1;   4.1; 1011.94;   85.96;   0.9;   12.1;   -3.5;   -5.8;   3.8;   0.0;   4;    5.633;   0;eor
      880;20151105;   3;    9.2;  10.4;   6.0; 1012.94;   89.67;   1.1;   15.8;    5.0;    1.6;   3.6;   0.0;   4;    2.717;   0;eor
      880;20151106;   3;   11.1;  11.3;   7.5; 1012.85;   85.50;   1.6;   17.2;    4.3;    1.1;   5.7;   1.1;   4;    2.300;   0;eor
      880;20151107;   3;   14.6;  15.9;   7.8; 1012.78;   95.13;   2.6;   16.7;   12.5;    9.4;  10.5;   2.3;   4;    0.167;   0;eor
      880;20151108;   3;   12.7;  11.7;   5.6; 1016.21;   80.00;   3.6;   17.5;    5.0;    1.8;  14.0;   0.2;   4;    5.950;   0;eor
      880;20151109;   3;   13.9;  12.1;   7.3; 1009.40;   76.46;   3.9;   18.1;    8.7;    5.7;  13.0;   2.4;   4;    2.367;   0;eor
      880;20151110;   3;   15.0;  12.4;   7.9; 1008.68;   72.63;   6.0;   16.3;   13.4;   11.9;  14.8;   0.6;   4;    0.000;   0;eor
      880;20151111;   3;   13.7;  14.2;   7.7; 1012.03;   90.00;   3.9;   14.8;   11.3;    9.6;  10.5;   0.6;   4;    0.000;   0;eor
      880;20151112;   3;   10.4;  10.4;   6.7; 1015.23;   82.25;   3.6;   13.8;    4.0;    0.7;  10.1;   0.0;   0;    0.233;   0;eor
      880;20151113;   3;   11.1;  10.3;   7.8; 1012.08;   78.54;   3.8;   14.6;    3.7;    0.6;  15.9;   1.8;   4;    1.517;   0;eor
      880;20151114;   3;    7.8;   7.6;   5.8; 1011.53;   72.21;   5.6;   10.2;    5.9;    4.2;  15.3;   5.0;   4;    2.767;   0;eor
      880;20151115;   3;    9.7;  11.8;   7.6;  998.50;   97.50;   4.8;   13.5;    5.8;    5.4;  14.3;  27.9;   4;    0.000;   0;eor
      880;20151116;   3;   10.8;  11.4;   7.8; 1003.45;   88.42;   2.9;   12.4;    8.5;    8.3;   8.7;   1.4;   4;    0.000;   0;eor
      880;20151117;   3;   11.9;  12.1;   7.7;  999.81;   86.96;   4.6;   14.1;    9.7;    8.9;  11.3;   3.5;   4;    0.867;   0;eor
      880;20151118;   3;   12.3;  10.7;   7.3;  998.63;   74.04;   6.3;   15.1;    9.7;    7.7;  19.5;   0.6;   4;    0.667;   0;eor
      880;20151119;   3;   11.8;  10.0;   7.6;  998.98;   72.25;   6.3;   13.8;    7.7;    7.1;  18.0;   3.5;   4;    1.250;   0;eor
      880;20151120;   3;    7.1;   8.8;   7.6;  993.04;   87.13;   3.9;   10.1;    4.0;    2.0;  11.2;   0.0;   4;    1.700;   0;eor
      880;20151121;   3;    4.5;   7.3;   7.2;  986.65;   87.04;   2.7;    7.2;    0.8;   -2.0;   7.5;   0.5;   4;    2.933;   0;eor
      880;20151122;   3;    0.9;   5.9;   5.5;  993.07;   91.13;   2.8;    3.2;   -2.4;   -5.1;   8.6;   0.1;   4;    1.150;   0;eor
      880;20151123;   3;    0.3;   5.8;   7.1; 1009.06;   93.71;   2.0;    2.0;   -2.3;   -4.9;   7.2;   0.8;   4;    0.117;   0;eor
      880;20151124;   3;    0.5;   5.2;   2.5; 1011.62;   82.33;   3.0;    4.2;   -3.0;   -6.5;   8.3;   0.0;   0;    7.050;   0;eor
      880;20151125;   3;    2.8;   5.7;   7.9;  998.24;   76.08;   3.0;    3.9;    1.7;    0.5;   8.6;   0.7;   4;    0.000;   0;eor
      880;20151126;   3;    3.7;   7.6;   7.8; 1004.73;   95.92;   1.4;    5.5;    0.9;   -1.6;   3.3;   0.3;   4;    0.000;   0;eor
      880;20151127;   3;    0.5;   6.2;   4.4; 1009.83;   98.42;   1.7;    3.3;   -3.5;   -6.2;   4.9;   0.0;   0;    0.000;   0;eor
      880;20151128;   3;    0.5;   5.9;   3.2; 1001.64;   91.88;   3.2;    3.5;   -3.2;   -6.9;   9.1;   2.5;   4;    1.950;   0;eor
      880;20151129;   3;    5.5;   7.7;   7.6; 1000.02;   84.63;   5.6;   10.1;    1.4;   -0.2;  15.0;   6.5;   4;    0.000;   0;eor
      880;20151130;   3;    6.7;   7.7;   6.8; 1000.91;   78.58;   5.5;    9.5;    2.8;    2.4;  17.8;   9.8;   4;    2.433;   0;eor
      880;20151201;   3;    6.5;   8.2;   7.0; 1008.74;   84.50;   4.5;   10.3;    4.1;    2.7;  14.9;   1.3;   4;    0.467;   0;eor
      880;20151202;   3;    8.9;   9.9;   7.8; 1016.22;   86.42;   3.4;   11.0;    4.9;    4.4;  10.9;   0.0;   4;    0.000;   0;eor
      880;20151203;   3;    6.8;   8.0;   7.9; 1019.98;   81.13;   2.4;   10.7;    1.4;   -1.8;   7.5;   0.0;   0;    3.467;   0;eor
      880;20151204;   3;    6.5;   7.9;   6.0; 1016.79;   81.67;   3.9;   10.2;    1.5;   -1.3;  12.6;   0.1;   4;    0.067;   0;eor
      880;20151205;   3;    7.0;   7.5;  -999; 1018.56;   75.63;   4.5;   10.1;    3.8;    1.2;  11.1;   0.0;   0;    3.883;   0;eor
      880;20151206;   3;    9.5;   8.1;  -999; 1014.52;   68.17;   6.0;   11.7;    7.3;    5.6;  15.8;   0.0;   4;    5.683;   0;eor
      880;20151207;   3;    9.9;  11.0;   7.9; 1022.72;   89.96;   2.6;   11.2;    7.9;    4.6;   9.0;   0.1;   4;    0.000;   0;eor
      880;20151208;   3;    8.4;   9.5;   6.0; 1023.06;   86.38;   2.0;   13.0;    4.5;    2.6;   8.7;   0.0;   0;    5.583;   0;eor
      880;20151209;   3;    5.9;   8.5;   7.8; 1023.01;   91.29;   2.6;    8.3;    2.7;   -0.1;   6.4;   0.8;   4;    0.000;-999;eor
      880;20151210;   3;    3.2;   6.5;   5.3; 1024.76;   85.50;   2.9;    7.5;    0.8;   -2.5;   7.6;   0.0;   0;    6.550;   0;eor
      880;20151211;   3;    3.8;   6.5;   7.8; 1013.21;   80.67;   4.5;    6.2;    0.2;   -3.9;  12.1;   0.9;   4;    0.167;   0;eor
      880;20151212;   3;    5.2;   7.2;   7.6; 1010.73;   81.08;   4.3;    7.3;    3.1;    0.4;  12.3;   8.4;   4;    3.933;   0;eor
      880;20151213;   3;    5.5;   7.6;   7.6; 1007.18;   83.92;   4.9;   10.9;   -0.9;   -3.3;  19.0;   0.0;   4;    0.167;   0;eor
      880;20151214;   3;    1.5;   6.0;   7.9; 1015.76;   88.25;   1.6;    6.1;   -3.7;   -5.6;   5.6;   0.0;   4;    3.750;   0;eor
      880;20151215;   3;    5.7;   8.0;   7.9; 1015.26;   87.46;   1.5;    7.2;    4.8;    3.4;   6.3;   0.0;   0;    0.000;   0;eor
      880;20151216;   3;    6.3;   8.5;   5.5; 1018.47;   89.42;   2.5;    8.9;    4.9;    3.3;   7.7;   0.4;   4;    3.550;   0;eor
      880;20151217;   3;   10.6;  11.7;   7.7; 1013.05;   91.58;   3.5;   12.6;    7.7;    7.0;   8.1;   0.8;   4;    0.000;   0;eor
      880;20151218;   3;   10.8;  12.3;   7.8; 1012.10;   94.75;   3.1;   12.3;    8.2;    6.3;   7.4;   6.6;   4;    0.000;   0;eor
      880;20151219;   3;    9.2;  10.6;   7.3; 1013.89;   91.29;   2.5;   12.3;    7.0;    4.0;   6.9;   0.0;   0;    2.967;   0;eor
      880;20151220;   3;    8.2;   9.1;   6.5; 1011.71;   84.17;   3.0;   11.8;    4.5;    0.9;   9.0;   0.0;   0;    6.333;   0;eor
      880;20151221;   3;    8.5;   9.4;   6.4; 1011.26;   84.58;   3.9;   10.8;    7.2;    6.3;  15.4;   2.0;   4;    0.383;   0;eor
      880;20151222;   3;   11.8;  10.2;   7.8; 1012.33;   73.54;   6.1;   13.1;   10.0;    8.3;  15.1;   0.0;   4;    0.067;   0;eor
      880;20151223;   3;   10.8;   9.1;   4.6; 1014.10;   71.38;   5.2;   13.1;    5.4;    0.4;  14.7;   0.0;   0;    3.383;   0;eor
      880;20151224;   3;    7.0;   8.7;   7.3; 1016.78;   87.13;   2.6;   11.4;    1.5;   -2.5;   8.9;   0.0;   4;    4.883;   0;eor
      880;20151225;   3;    9.3;   9.1;   7.7; 1016.91;   78.04;   3.1;   12.0;    7.3;    3.8;  11.8;   0.1;   4;    1.850;   0;eor
      880;20151226;   3;   12.8;  10.9;   7.6; 1014.43;   73.67;   5.8;   15.4;    9.5;    8.4;  14.3;   0.0;   0;    2.267;   0;eor
      880;20151227;   3;   10.4;   9.4;   8.0; 1016.51;   74.63;   4.1;   12.2;    7.0;    3.2;  10.0;   0.0;   4;    1.433;   0;eor
      880;20151228;   3;    7.6;   9.1;   5.5; 1021.75;   85.42;   2.3;   11.3;    0.9;   -2.9;   6.7;   0.0;   4;    0.467;   0;eor
      880;20151229;   3;    3.3;   6.6;   2.8; 1023.62;   85.21;   3.2;    6.7;    0.4;   -1.8;   9.7;   0.0;   0;    6.350;   0;eor
      880;20151230;   3;   -0.2;   4.6;   3.8; 1025.06;   76.38;   3.5;    2.4;   -3.5;   -5.2;   7.7;   0.0;   0;    6.367;   0;eor
      880;20151231;   3;   -0.5;   3.8;   6.8; 1017.03;   65.00;   3.3;    3.2;   -4.8;   -7.0;  11.9;   0.7;   4;    6.167;   0;eor
      880;20160101;   3;    2.4;   7.2;   7.9; 1016.75;   98.71;   2.0;    3.5;    1.0;    0.3;   6.0;   0.0;   4;    0.000;   0;eor
      880;20160102;   3;   -3.8;   4.2;   8.0; 1014.31;   85.29;   4.6;    2.4;   -7.8;   -7.7;  13.2;   0.0;   4;    0.000;   0;eor
      880;20160103;   3;  -10.2;   2.2;  -999; 1008.12;   77.71;   4.8;   -7.7;  -11.7;  -12.6;  11.2;   0.0;   4;    3.350;   0;eor
      880;20160104;   3;   -8.9;   2.4;   5.7;  990.55;   77.42;   4.3;   -6.0;  -11.8;  -12.5;  10.8;   0.0;   4;    0.000;   0;eor
      880;20160105;   3;   -7.8;   2.9;   8.0;  991.05;   85.96;   3.6;   -7.0;   -8.2;   -8.2;   7.9;   1.9;   4;    0.000;   0;eor
      880;20160106;   3;   -7.0;   3.2;   7.8;  994.82;   88.54;   2.7;   -6.1;   -7.9;   -7.7;   7.2;   0.5;   4;    0.000;   2;eor
      880;20160107;   3;   -4.5;   4.0;   7.7;  994.07;   89.75;   2.8;   -1.4;   -6.8;   -6.6;   8.1;   3.9;   4;    0.000;   2;eor
      880;20160108;   3;    3.4;   5.9;   5.4;  992.19;   76.67;   4.9;    6.1;   -1.6;   -1.8;  15.1;   0.0;   0;    4.567;   2;eor
      880;20160109;   3;    0.1;   5.2;   3.3;  996.84;   85.92;   1.9;    5.0;   -3.9;   -7.2;   5.7;   0.0;   0;    3.650;   0;eor
      880;20160110;   3;    0.7;   6.1;   6.2;  989.87;   93.63;   2.0;    5.0;   -5.0;   -8.1;   7.1;   4.1;   4;    1.083;   0;eor
      880;20160111;   3;    3.4;   7.6;   7.8;  983.95;   97.96;   1.8;    5.3;    1.5;    0.1;   7.4;   9.0;   4;    0.000;   0;eor
      880;20160112;   3;    3.4;   7.6;   7.6;  984.39;   97.71;   2.3;    4.7;    2.3;    1.0;   7.4;   7.8;   4;    0.000;   0;eor
      880;20160113;   3;    2.7;   7.0;   7.5;  995.43;   94.13;   3.5;    4.4;    0.4;   -0.9;  10.8;   2.7;   4;    0.000;   0;eor
      880;20160114;   3;    1.6;   5.9;   6.3; 1001.61;   87.38;   2.5;    5.2;   -1.3;   -4.1;   7.8;   0.8;   4;    3.683;   0;eor
      880;20160115;   3;    0.4;   6.1;   7.8;  998.74;   96.79;   1.6;    1.5;   -0.7;   -2.7;   5.5;   0.4;   4;    0.000;   0;eor
      880;20160116;   3;   -0.5;   5.2;   7.8; 1008.94;   88.67;   2.0;    0.6;   -1.8;   -3.9;   6.4;   0.7;   4;    0.133;   0;eor
      880;20160117;   3;   -2.1;   5.0;   7.6; 1011.62;   94.88;   1.6;   -1.0;   -3.9;  -10.1;   4.3;   0.6;   4;    0.000;   1;eor
      880;20160118;   3;   -4.2;   4.0;   5.4; 1013.26;   89.58;   1.3;   -0.6;  -11.2;  -14.9;   3.9;   0.1;   4;    3.533;   1;eor
      880;20160119;   3;   -7.6;   2.8;   2.9; 1007.95;   82.13;   2.1;   -2.7;  -13.3;  -16.7;   6.9;   0.2;   4;    7.183;   0;eor
      880;20160120;   3;   -2.8;   4.5;   7.7; 1005.50;   89.92;   2.8;   -0.8;   -5.2;   -6.1;   7.1;   0.5;   4;    0.000;   1;eor
      880;20160121;   3;   -3.3;   4.0;   7.5; 1018.00;   82.92;   2.0;   -2.0;   -9.3;  -15.2;   6.4;   0.0;   4;    0.000;   1;eor
      880;20160122;   3;   -7.1;   2.9;   0.2; 1023.06;   80.83;   1.7;   -0.8;  -13.3;  -17.4;   5.8;   0.0;   0;    7.350;   1;eor
      880;20160123;   3;   -1.0;   5.4;   7.5; 1018.30;   89.71;   3.0;    3.6;  -10.0;  -15.5;   9.9;   4.2;   4;    0.000;   1;eor
      880;20160124;   3;    3.6;   7.3;   7.9; 1021.73;   92.33;   2.5;    6.4;    2.3;   -0.4;   7.2;   2.3;   4;    2.183;   0;eor
      880;20160125;   3;    6.6;   9.8;   7.9; 1015.70;   99.67;   3.2;    9.0;    3.2;    2.3;   9.1;   0.5;   4;    0.000;   0;eor
      880;20160126;   3;    8.9;   9.6;   7.6; 1012.75;   84.54;   3.7;   11.5;    5.3;    2.9;  10.6;   0.9;   4;    0.183;   0;eor
      880;20160127;   3;   10.9;   8.9;   7.9; 1006.73;   68.63;   5.3;   12.6;    8.2;    7.0;  11.4;   0.0;   4;    0.000;   0;eor
      880;20160128;   3;    8.4;   7.2;   6.0; 1009.94;   65.04;   4.8;   12.8;    0.8;   -2.9;  16.0;   0.0;   4;    3.800;   0;eor
      880;20160129;   3;    5.4;   6.2;   6.6; 1013.79;   69.96;   4.8;    9.4;    0.2;   -4.4;  14.0;   0.0;   0;    3.167;   0;eor
      880;20160130;   3;    7.9;   7.9;   7.8; 1002.27;   74.46;   6.4;   10.1;    3.5;    2.6;  16.0;   6.3;   4;    0.100;   0;eor
      880;20160131;   3;    4.1;   6.2;   7.2;  999.03;   76.38;   5.0;    6.0;    2.3;    0.5;  12.9;   1.3;   4;    3.033;   0;eor
      880;20160201;   3;    7.6;   9.5;   7.8; 1002.83;   91.38;   3.7;   12.2;    3.6;    3.1;  16.7;   1.8;   4;    0.000;   0;eor
      880;20160202;   3;    9.7;   9.8;   7.6; 1001.41;   81.63;   6.3;   12.2;    5.2;    4.3;  14.7;   7.2;   4;    0.567;   0;eor
      880;20160203;   3;    5.1;   6.3;   5.4; 1003.66;   71.63;   5.3;    7.1;    3.2;    1.3;  12.3;   0.0;   4;    2.150;   0;eor
      880;20160204;   3;    3.2;   6.7;   7.0; 1008.60;   87.13;   4.4;    4.8;    1.3;   -0.6;  13.3;   4.5;   4;    0.000;   0;eor
      880;20160205;   3;    3.7;   6.9;   7.3; 1014.20;   87.08;   3.3;    6.3;    0.2;   -1.3;   9.0;   0.3;   4;    1.183;   0;eor
      880;20160206;   3;    8.2;   8.3;   7.7; 1007.20;   77.00;   3.4;   11.8;    5.2;    1.5;   9.4;   0.0;   0;    5.267;   0;eor
      880;20160207;   3;    7.6;   7.1;   7.2;  996.99;   68.71;   3.4;   11.9;    5.1;    2.0;  10.2;   0.0;   4;    5.583;   0;eor
      880;20160208;   3;    8.2;   7.6;   6.8;  991.46;   69.79;   5.0;   11.3;    5.6;    3.8;  14.3;   1.7;   4;    1.883;   0;eor
      880;20160209;   3;    8.5;   7.6;   7.2;  985.13;   68.83;   5.6;   10.9;    6.2;    5.2;  15.8;   3.8;   4;    2.250;   0;eor
      880;20160210;   3;    5.4;   6.3;   7.9;  983.62;   70.00;   4.6;   10.0;    3.7;    2.1;  17.5;   0.4;   4;    1.517;   0;eor
      880;20160211;   3;    4.1;   6.4;   6.4;  991.82;   79.08;   4.6;    7.5;    1.2;   -0.9;  14.3;   1.9;   4;    2.850;   0;eor
      880;20160212;   3;    2.1;   5.8;   4.0;  993.91;   82.38;   2.3;    7.5;   -3.2;   -5.7;   7.3;   0.0;   0;    5.033;   0;eor
      880;20160213;   3;    0.5;   5.6;   4.3;  986.90;   88.08;   2.2;    6.4;   -4.8;   -7.1;   8.2;   1.3;   4;    6.150;   0;eor
      880;20160214;   3;    3.7;   7.7;   7.8;  981.79;   95.92;   2.4;    7.6;    1.4;    0.5;   7.9;   0.4;   4;    0.050;   0;eor
      880;20160215;   3;    4.1;   7.5;   7.9; 1000.88;   91.96;   2.4;    6.2;    2.6;    2.0;   9.0;   0.2;   4;    0.133;   0;eor
      880;20160216;   3;    0.8;   5.3;   6.5; 1025.11;   81.38;   2.3;    2.8;   -3.7;   -6.5;   7.7;   0.0;   4;    0.000;   0;eor
      880;20160217;   3;   -1.0;   5.4;   5.0; 1016.09;   94.75;   3.3;    1.3;   -4.2;   -7.5;  10.8;   3.9;   4;    0.867;   0;eor
      880;20160218;   3;    2.4;   6.1;   5.1; 1008.38;   84.96;   1.8;    7.2;   -2.5;   -4.9;   5.2;   0.0;   0;    4.433;   2;eor
      880;20160219;   3;    0.9;   5.4;   7.8; 1009.40;   83.96;   1.8;    5.1;   -2.8;   -5.0;   7.0;   0.0;   0;    0.567;   0;eor
      880;20160220;   3;    3.5;   6.7;   7.3; 1004.84;   84.83;   4.1;    6.5;    0.0;   -1.9;  13.8;   7.9;   4;    0.317;   0;eor
      880;20160221;   3;    8.5;  10.5;   7.6;  996.86;   94.13;   4.6;   12.6;    5.3;    4.5;  16.5;   8.4;   4;    0.000;   0;eor
      880;20160222;   3;    7.9;   9.1;   7.8;  994.57;   85.79;   5.9;   13.0;    2.3;    2.0;  17.9;  10.6;   4;    0.000;   0;eor
      880;20160223;   3;    3.4;   6.9;   6.8; 1000.10;   88.63;   3.3;    6.6;    1.7;   -1.0;   8.4;   0.0;   4;    0.133;   0;eor
      880;20160224;   3;    2.7;   5.8;   4.4; 1005.15;   79.71;   3.9;    7.1;   -1.8;   -4.7;  12.7;   0.0;   4;    4.867;   0;eor
      880;20160225;   3;    0.3;   5.2;   4.8; 1002.68;   84.75;   2.3;    4.9;   -3.8;   -6.7;   7.3;   1.1;   4;    5.017;   0;eor
      880;20160226;   3;    0.6;   5.0;   5.7; 1004.20;   79.42;   2.4;    5.4;   -4.8;   -7.0;   7.9;   0.4;   4;    0.950;   0;eor
      880;20160227;   3;    0.5;   4.5;   8.0; 1004.37;   73.08;   2.4;    6.4;   -5.9;   -8.3;   9.5;   0.0;   0;    6.583;   0;eor
      880;20160228;   3;    2.2;   5.1;   6.7; 1008.25;   73.08;   2.2;    6.7;   -4.2;   -6.2;   8.2;   0.0;   0;    6.167;   0;eor
      880;20160229;   3;    0.8;   5.2;   7.8; 1011.96;   80.21;   3.7;    1.9;   -0.2;   -0.5;   8.6;   6.7;   4;    0.000;   0;eor
      880;20160301;   3;   -0.5;   5.3;   7.9; 1007.38;   90.46;   2.4;    0.5;   -2.0;   -4.8;   6.6;   0.4;   4;    0.000;   3;eor
      880;20160302;   3;    3.6;   6.6;   7.9;  993.38;   83.29;   3.0;    8.1;   -1.6;   -3.2;   8.5;   0.1;   4;    0.050;   1;eor
      880;20160303;   3;    3.2;   6.2;   7.4;  993.75;   81.83;   1.4;    7.2;   -2.1;   -4.4;   5.2;   0.0;   0;    0.933;   0;eor
      880;20160304;   3;    2.9;   5.0;   5.7;  995.44;   69.13;   2.2;   10.0;   -4.4;   -6.9;   7.0;   0.0;   0;    8.733;   0;eor
      880;20160305;   3;    4.9;   6.5;   8.0;  988.67;   76.13;   2.7;    9.8;    0.8;   -1.0;   7.8;   1.2;   4;    5.067;   0;eor
      880;20160306;   3;    3.7;   7.0;   6.8;  988.76;   87.75;   2.5;    6.1;    0.4;   -2.2;  11.3;   2.0;   4;    0.117;   0;eor
      880;20160307;   3;    2.7;   5.6;   4.6;  995.84;   77.08;   1.8;    7.4;   -3.7;   -6.0;   6.3;   0.0;   4;    2.600;   0;eor
      880;20160308;   3;    1.2;   5.4;   7.5; 1004.68;   81.50;   1.3;    6.7;   -4.8;   -7.0;   5.4;   0.0;   0;    0.083;   0;eor
      880;20160309;   3;    2.8;   5.5;   4.4; 1006.10;   75.29;   2.4;    8.6;   -4.0;   -6.9;   9.3;   0.0;   0;    6.033;   0;eor
      880;20160310;   3;    5.6;   7.0;   7.6; 1010.14;   77.83;   2.8;    8.6;    2.4;    0.0;   7.8;   0.0;   0;    0.000;   0;eor
      880;20160311;   3;    4.6;   6.5;   7.9; 1018.17;   77.25;   2.0;    6.8;    3.3;    2.5;   6.3;   0.0;   4;    0.000;   0;eor
      880;20160312;   3;    3.4;   6.3;   7.9; 1021.98;   81.38;   2.1;    5.3;    1.3;    1.3;   6.3;   0.1;   4;    0.017;   0;eor
      880;20160313;   3;    2.1;   5.7;   7.8; 1026.33;   79.50;   2.4;    3.4;    1.2;    0.1;   6.4;   0.0;   0;    0.000;   0;eor
      880;20160314;   3;    3.1;   5.4;   6.5; 1023.95;   72.33;   1.6;    8.4;   -3.6;   -6.5;   5.9;   3.6;   4;    8.250;   0;eor
      880;20160315;   3;    3.7;   6.6;   7.9; 1017.24;   82.75;   2.8;    4.8;    2.2;    1.9;   7.5;   0.0;   4;    0.000;   0;eor
      880;20160316;   3;    4.1;   5.5;   2.5; 1023.09;   70.13;   3.5;    9.5;   -2.4;   -4.9;   9.8;   0.0;   0;   10.333;   0;eor
      880;20160317;   3;    3.3;   5.4;   0.2; 1018.78;   72.58;   1.3;   12.3;   -4.3;   -6.5;   5.6;   0.0;   0;   10.833;   0;eor
      880;20160318;   3;    2.6;   6.4;   5.1; 1009.52;   86.29;   2.3;    5.0;   -2.4;   -5.2;  10.5;   0.9;   4;    1.950;   0;eor
      880;20160319;   3;    5.2;   7.1;   7.6; 1009.66;   80.83;   1.7;    9.6;    2.1;   -1.9;   6.2;   0.0;   4;    2.983;   0;eor
      880;20160320;   3;    5.2;   7.3;   7.9; 1005.06;   82.58;   3.9;    6.4;    3.8;    3.2;  12.1;   0.8;   4;    0.000;   0;eor
      880;20160321;   3;    5.6;   7.6;   7.5; 1003.46;   83.04;   3.9;    9.3;    3.1;    1.4;  13.3;   2.1;   4;    0.450;   0;eor
      880;20160322;   3;    5.8;   7.7;   7.8; 1000.68;   83.29;   3.0;    8.8;    1.6;   -0.9;  10.1;   2.2;   4;    1.200;   0;eor
      880;20160323;   3;    4.3;   7.1;   7.5;  999.18;   85.83;   1.8;    7.2;    0.8;   -1.4;   7.8;   0.0;   4;    0.183;   0;eor
      880;20160324;   3;    4.4;   6.5;   7.3; 1003.60;   78.71;   1.8;    8.6;    0.0;   -2.5;   6.7;   0.0;   4;    1.950;   0;eor
      880;20160325;   3;    6.1;   7.9;   7.7; 1003.28;   83.71;   2.5;    9.3;    1.5;   -1.0;   8.5;   1.4;   4;    0.000;   0;eor
      880;20160326;   3;    8.2;   8.2;   5.7; 1008.70;   77.50;   2.3;   13.7;    2.4;   -1.3;   7.1;   0.0;   0;    7.067;   0;eor
      880;20160327;   3;   10.2;   7.5;   7.9; 1003.37;   62.88;   3.4;   17.4;    3.1;    0.0;   9.9;   0.0;   0;    9.600;   0;eor
      880;20160328;   3;   11.3;   8.1;   6.8;  998.05;   63.04;   2.9;   17.3;    3.9;   -0.3;  12.0;   1.2;   4;    7.317;   0;eor
      880;20160329;   3;    7.5;   7.9;   6.9;  998.05;   77.17;   4.5;   12.3;    1.2;   -1.5;  14.7;   1.7;   4;    2.083;   0;eor
      880;20160330;   3;    7.2;   8.8;   7.2; 1001.65;   86.38;   2.8;   12.7;    1.2;   -1.6;  12.0;   2.5;   4;    0.583;   0;eor
      880;20160331;   3;    7.2;   8.5;   7.8; 1004.23;   84.00;   2.0;    9.8;    4.5;    4.0;   8.2;  11.7;   4;    0.000;   0;eor
      880;20160401;   3;    6.4;   6.8;   6.5; 1010.85;   74.46;   1.7;   13.2;   -0.4;   -2.5;   7.9;   0.0;   0;    6.617;   0;eor
      880;20160402;   3;    8.6;   5.4;   7.4; 1012.85;   55.88;   2.9;   17.1;   -0.9;   -3.4;  10.8;   0.0;   0;   11.783;   0;eor
      880;20160403;   3;   12.0;   7.8;   6.5; 1004.75;   58.54;   2.0;   20.3;    4.4;    1.7;   6.1;   0.0;   0;    7.817;   0;eor
      880;20160404;   3;   14.1;   9.9;   7.9;  998.90;   64.92;   1.3;   22.2;    7.0;    4.1;   4.1;   0.0;   0;    5.317;   0;eor
      880;20160405;   3;   15.5;  11.1;   7.2;  996.75;   66.67;   1.8;   24.8;    5.3;    3.0;  10.1;   0.9;   4;    8.717;   0;eor
      880;20160406;   3;   12.5;   8.8;   4.6; 1000.46;   61.92;   3.7;   16.7;    9.4;    4.7;  13.7;   0.0;   4;    6.417;   0;eor
      880;20160407;   3;    9.8;   7.9;   6.1; 1000.68;   65.33;   2.9;   13.5;    3.6;    0.6;   9.1;   0.1;   4;    2.983;   0;eor
      880;20160408;   3;    9.2;   6.7;   7.6; 1002.33;   60.08;   1.8;   15.1;    2.9;    0.1;   8.2;   0.0;   0;    8.533;   0;eor
      880;20160409;   3;    7.2;   6.6;   7.9; 1001.34;   66.83;   1.6;   12.2;    0.2;   -1.9;   5.9;   1.0;   4;    0.017;   0;eor
      880;20160410;   3;    7.3;   8.5;   7.6; 1006.05;   83.25;   1.8;    8.8;    6.2;    5.5;   6.4;   2.6;   4;    0.000;   0;eor
      880;20160411;   3;    9.0;   8.7;   7.9; 1006.90;   75.92;   1.5;   12.5;    5.9;    4.3;   5.8;   0.0;   0;    0.167;   0;eor
      880;20160412;   3;   10.4;  10.3;   6.7; 1002.27;   82.50;   1.1;   15.1;    5.9;    3.5;   4.3;   0.0;   4;    0.450;   0;eor
      880;20160413;   3;   12.1;   9.9;   6.7;  997.64;   73.13;   1.4;   19.0;    4.4;    2.5;   5.8;   9.9;   4;    6.417;   0;eor
      880;20160414;   3;    8.6;  10.2;   6.1; 1000.55;   90.38;   2.2;   11.1;    2.3;    0.0;   8.1;   3.6;   4;    0.400;   0;eor
      880;20160415;   3;    8.1;   9.2;   6.0;  998.34;   84.71;   2.6;   13.5;    0.8;   -1.3;   8.6;   4.6;   4;    2.417;   0;eor
      880;20160416;   3;   11.2;  11.0;   7.3;  994.93;   82.13;   2.8;   14.7;    6.9;    3.3;  10.0;   8.7;   4;    2.433;   0;eor
      880;20160417;   3;    8.8;   9.2;   7.5; 1000.01;   81.29;   2.5;   12.2;    4.7;    2.5;   9.4;   1.3;   4;    1.033;   0;eor
      880;20160418;   3;    7.6;   6.8;   4.9; 1010.10;   67.46;   2.2;   13.5;    0.7;   -1.3;   9.0;   0.0;   0;    8.617;   0;eor
      880;20160419;   3;    9.7;   6.7;   6.1; 1011.84;   56.67;   4.2;   13.9;    5.9;    3.9;  12.9;   0.0;   4;    3.017;   0;eor
      880;20160420;   3;    7.4;   6.5;   5.3; 1018.24;   64.04;   2.9;   13.3;    0.8;   -1.7;   9.4;   0.0;   0;    3.167;   0;eor
      880;20160421;   3;    8.1;   6.9;   0.6; 1014.65;   67.71;   1.9;   16.8;   -1.3;   -3.4;   7.4;   0.0;   0;   12.717;   0;eor
      880;20160422;   3;    7.8;   6.4;   4.5; 1007.75;   64.58;   2.1;   14.6;    1.5;   -1.9;   7.5;   0.0;   0;   10.300;   0;eor
      880;20160423;   3;    6.5;   6.2;   7.7; 1000.19;   66.00;   2.5;   12.3;    1.1;   -1.1;  10.4;   0.0;   4;    2.833;   0;eor
      880;20160424;   3;    4.3;   5.7;   5.1; 1000.10;   70.21;   3.1;    8.7;    0.5;   -1.9;  12.1;   0.9;   4;    7.017;   0;eor
      880;20160425;   3;    4.7;   5.5;   4.3;  998.65;   66.08;   3.2;    9.7;   -0.3;   -1.6;  12.3;   1.7;   4;    6.933;-999;eor
      880;20160426;   3;    4.8;   6.5;   5.0;  991.50;   75.71;   3.3;    8.1;    2.8;    1.2;   9.2;   4.8;   4;    3.400;   0;eor
      880;20160427;   3;    5.8;   6.0;   7.0;  996.26;   66.00;   4.7;   10.0;    2.8;    1.1;  12.7;   0.1;   4;    3.300;   0;eor
      880;20160428;   3;    6.1;   6.4;   6.0; 1004.58;   69.71;   3.5;   11.5;    0.2;   -2.5;  12.6;   0.0;   4;    6.583;   0;eor
      880;20160429;   3;    8.9;   5.4;   3.6; 1010.30;   52.75;   2.6;   16.2;   -1.7;   -3.9;  10.8;   0.0;   0;   12.683;   0;eor
      880;20160430;   3;   12.3;   6.2;   7.6; 1009.43;   46.92;   2.6;   19.7;    2.3;   -0.8;   9.2;   0.0;   0;   11.883;   0;eor
      880;20160501;   3;   11.5;   7.9;   7.7; 1013.06;   60.75;   3.1;   17.4;    4.9;    2.3;  10.9;   0.0;   0;    6.383;   0;eor
      880;20160502;   3;   11.6;   8.5;   4.0; 1013.90;   65.38;   2.2;   18.3;    3.9;    0.9;   8.0;   0.0;   0;    7.767;   0;eor
      880;20160503;   1;   12.5;   8.5;   5.6; 1008.69;   63.04;   2.2;   19.7;    2.8;    0.9;  12.3;   0.8;   4;    7.667;-999;eor
      880;20160504;   1;    8.9;  10.0;   7.8; 1016.83;   87.08;   2.4;   10.3;    7.6;    7.3;   8.9;   5.8;   4;    0.000;-999;eor
      880;20160505;   1;   11.4;   9.8;   4.2; 1017.66;   75.42;   1.1;   19.5;    4.0;    2.4;   5.6;   0.0;   0;    7.233;-999;eor
      880;20160506;   1;   15.8;   9.1;   2.3; 1011.40;   56.50;   2.5;   24.1;    4.8;    2.9;   8.9;   0.0;   0;   13.333;-999;eor
      880;20160507;   1;   17.5;   8.6;   1.3; 1008.70;   47.13;   3.3;   24.4;    8.5;    4.6;  11.6;   0.0;   0;   13.167;-999;eor
      880;20160508;   1;   17.2;  10.0;   1.1; 1010.26;   53.04;   3.5;   23.6;    9.8;    6.1;  14.6;   0.0;   0;   12.683;-999;eor
      880;20160509;   1;   17.8;  11.0;   0.9; 1010.32;   56.79;   3.8;   24.1;   10.5;    7.0;  13.9;   0.0;   0;   13.750;-999;eor
      880;20160510;   1;   17.9;  10.5;   0.3; 1006.14;   55.00;   3.5;   24.2;   10.5;    8.0;  11.8;   0.0;   0;   13.833;-999;eor
      880;20160511;   1;   18.4;  10.3;   2.2; 1001.22;   52.25;   2.9;   25.4;    9.2;    6.1;  10.1;   0.0;   0;   12.333;-999;eor
      880;20160512;   1;   19.1;  11.2;   5.8;  993.97;   52.67;   3.9;   24.7;   13.1;   10.4;  12.0;   0.0;   4;   11.917;-999;eor
      880;20160513;   1;   16.6;  12.5;   4.8;  990.02;   66.88;   3.2;   23.1;    7.6;    4.7;  10.9;   4.4;   4;   11.067;-999;eor
      880;20160514;   1;   10.7;   7.5;  -999;  995.95;   59.29;   3.4;   15.9;    4.9;    2.9;  11.0;   0.0;   4;    9.450;-999;eor
      880;20160515;   1;    8.3;   7.4;   6.0; 1003.21;   67.58;   4.4;   12.7;    5.0;    3.7;  12.3;   0.3;   4;    4.617;-999;eor
      880;20160516;   1;    9.5;   7.0;   7.6; 1006.18;   60.29;   3.9;   14.4;    5.6;    4.3;  12.8;   0.0;   4;    3.517;-999;eor
      880;20160517;   1;    9.4;   8.0;   7.8; 1005.80;   67.88;   3.1;   12.8;    6.1;    4.5;  10.8;   0.4;   4;    0.133;-999;eor
      880;20160518;   1;   13.6;   9.9;   7.8; 1003.18;   65.29;   1.8;   20.2;    8.5;    7.7;   8.0;   0.0;   0;    2.567;-999;eor
      880;20160519;   1;   15.4;   9.3;   7.4; 1002.36;   56.08;   1.7;   21.5;    7.4;    4.8;   9.4;   0.0;   0;    4.467;-999;eor
      880;20160520;   1;   15.8;  10.5;   6.8; 1007.60;   61.88;   2.4;   23.0;    6.1;    3.8;  10.0;   0.0;   4;    8.233;-999;eor
      880;20160521;   1;   17.9;  12.0;   7.7; 1008.53;   60.88;   2.0;   24.8;   12.3;    9.9;   7.6;   0.0;   0;    6.383;-999;eor
      880;20160522;   1;   22.1;  11.7;   7.6; 1002.80;   47.46;   2.8;   29.6;   12.5;    8.9;  10.3;   0.0;   0;   13.517;-999;eor
      880;20160523;   1;   21.1;  14.8;   6.8;  997.93;   60.50;   2.9;   26.6;   14.1;   13.1;  22.2;   7.1;   4;   10.300;-999;eor
      880;20160524;   1;   16.5;  15.9;   7.3;  999.87;   84.71;   2.8;   21.0;   13.2;   12.4;  10.2;   0.5;   4;    1.650;-999;eor
      880;20160525;   1;   13.7;  13.7;   7.8; 1004.81;   87.25;   2.4;   15.4;   12.2;   12.1;   6.4;   0.1;   4;    0.000;-999;eor
      880;20160526;   1;   15.1;  13.2;   6.3; 1007.24;   78.00;   1.9;   20.1;    9.0;    6.8;   6.4;   0.0;   0;    3.250;-999;eor
      880;20160527;   1;   15.9;  12.8;   7.6; 1007.73;   73.92;   1.2;   23.4;    7.5;    5.5;   5.9;   4.8;   4;    7.117;-999;eor
      880;20160528;   1;   18.5;  15.6;   5.5; 1004.77;   76.17;   1.4;   25.8;   11.0;    9.5;   5.0;   0.1;   4;    8.233;-999;eor
      880;20160529;   1;   21.7;  16.9;   6.9;  998.48;   67.46;   2.9;   28.0;   14.4;   12.6;  10.4;   0.0;   0;   12.583;-999;eor
      880;20160530;   1;   20.3;  17.7;   6.6;  996.38;   75.88;   2.7;   26.7;   14.2;   12.5;  11.0;   2.0;   4;    4.550;-999;eor
      880;20160531;   1;   19.3;  17.3;   7.2; 1000.43;   78.79;   1.7;   25.2;   12.9;   11.5;   8.0;   0.4;   4;    4.683;-999;eor
      880;20160601;   1;   17.9;  18.0;   7.6; 1001.52;   88.04;   1.4;   23.5;   14.6;   13.5;   5.8;   5.3;   4;    1.867;-999;eor
