STATIONS_ID; MESS_DATUM; QUALITAETS_NIVEAU; LUFTTEMPERATUR;DAMPFDRUCK;BEDECKUNGSGRAD;LUFTDRUCK_STATIONSHOEHE;REL_FEUCHTE; WINDGESCHWINDIGKEIT; LUFTTEMPERATUR_MAXIMUM;LUFTTEMPERATUR_MINIMUM;LUFTTEMP_AM_ERDB_MINIMUM; WINDSPITZE_MAXIMUM; NIEDERSCHLAGSHOEHE;NIEDERSCHLAGSHOEHE_IND;SONNENSCHEINDAUER; SCHNEEHOEHE;eor
     Erfurt;20141130;   3;    0.2;   6.1;   8.0;  975.93;   97.58;   2.5;    1.1;   -0.5;   -0.4;   7.1;   0.0;   7;    0.000;   0;eor
     Erfurt;20141201;   3;   -2.3;   4.8;   8.0;  974.63;   93.25;   5.5;   -0.5;   -3.5;   -3.3;  12.3;   0.0;   0;    0.000;   0;eor
     Erfurt;20141202;   3;   -3.1;   4.5;   8.0;  976.13;   91.83;   3.6;   -2.0;   -3.8;   -3.5;   8.1;   1.5;   8;    0.000;   0;eor
     Erfurt;20141203;   3;   -3.4;   4.7;   8.0;  981.23;   99.21;   2.1;   -2.6;   -3.8;   -3.7;   4.1;   0.3;   8;    0.000;   2;eor
     Erfurt;20141204;   3;   -1.6;   5.4;   8.0;  978.84;  100.00;   1.1;   -0.5;   -2.7;   -2.4;   2.9;   0.4;   6;    0.000;   2;eor
     Erfurt;20141205;   3;    0.5;   6.4;   7.9;  979.42;  100.00;   1.4;    1.4;   -0.6;   -0.3;   3.2;   0.0;   6;    0.000;   1;eor
     Erfurt;20141206;   3;    1.9;   6.8;   7.5;  983.38;   97.75;   2.1;    3.0;    0.8;   -0.1;   4.5;   0.0;   6;    0.750;   0;eor
     Erfurt;20141207;   3;    2.4;   6.6;   6.9;  981.29;   91.08;   4.0;    4.0;    1.1;   -0.4;  12.8;   0.4;   6;    0.033;   0;eor
     Erfurt;20141208;   3;    1.1;   5.8;   3.3;  979.23;   86.75;   4.9;    4.0;   -3.8;   -6.8;  10.2;   0.0;   0;    5.333;   0;eor
     Erfurt;20141209;   3;   -1.3;   5.1;   3.8;  987.10;   91.63;   3.0;    2.5;   -4.5;   -7.5;  10.4;   0.0;   0;    4.983;   0;eor
     Erfurt;20141210;   3;    1.3;   5.7;   6.9;  979.96;   84.96;   7.8;    2.6;   -2.0;   -5.0;  17.6;   0.0;   6;    0.000;   0;eor
     Erfurt;20141211;   3;    2.8;   6.5;   6.3;  971.68;   87.33;   8.2;    5.2;    0.4;   -0.1;  18.7;   3.3;   8;    0.000;   0;eor
     Erfurt;20141212;   3;    6.5;   7.8;   7.3;  964.83;   80.96;  11.3;    8.8;    3.7;    2.3;  20.9;   1.6;   6;    0.000;   0;eor
     Erfurt;20141213;   3;    3.4;   7.4;   8.0;  971.65;   94.88;   4.1;    6.7;    1.1;    1.2;  13.2;  10.2;   8;    0.000;   0;eor
     Erfurt;20141214;   3;    1.1;   6.4;   7.8;  977.49;   96.96;   1.4;    2.2;   -0.9;   -0.9;   5.1;   0.9;   8;    0.000;   0;eor
     Erfurt;20141215;   3;    3.3;   6.9;   6.3;  975.76;   88.92;   4.2;    6.7;   -2.5;   -3.8;  12.6;   0.0;   6;    2.183;   0;eor
     Erfurt;20141216;   3;    4.2;   7.4;   7.1;  973.53;   89.67;   4.0;    6.4;    1.2;   -1.6;   8.0;   0.0;   6;    0.400;   0;eor
     Erfurt;20141217;   3;    2.4;   6.5;   6.7;  970.25;   88.75;   6.0;    5.2;    0.1;   -2.6;  13.0;   0.1;   6;    0.000;   0;eor
     Erfurt;20141218;   3;    8.9;  10.2;   7.6;  972.59;   89.17;   7.8;   12.4;    5.2;    4.7;  20.6;   0.2;   6;    0.100;   0;eor
     Erfurt;20141219;   3;    9.0;   9.6;   6.8;  973.44;   83.25;  10.5;   11.7;    3.4;    1.7;  19.3;   1.8;   6;    0.000;   0;eor
     Erfurt;20141220;   3;    3.8;   6.6;   5.5;  978.80;   81.88;  10.2;    4.8;    2.1;    0.8;  20.8;   2.6;   8;    0.000;   0;eor
     Erfurt;20141221;   3;    4.1;   6.9;   6.8;  986.45;   84.79;   8.1;    6.1;    2.1;    0.3;  18.5;   0.0;   6;    0.067;   0;eor
     Erfurt;20141222;   3;    7.3;   8.5;   8.0;  978.85;   82.88;  12.5;    9.2;    6.0;    5.4;  22.3;   0.0;   6;    0.000;   0;eor
     Erfurt;20141223;   3;    9.0;   9.1;   7.4;  978.67;   78.79;  11.1;    9.7;    8.0;    7.6;  20.6;   0.0;   6;    0.000;   0;eor
     Erfurt;20141224;   3;    6.6;   7.9;   7.7;  976.70;   80.63;   9.5;    8.2;    3.8;    2.6;  18.3;   1.9;   6;    0.017;   0;eor
     Erfurt;20141225;   3;    2.9;   6.2;   4.9;  981.37;   82.96;   7.3;    5.3;    1.0;   -0.6;  17.0;   0.7;   8;    3.983;   0;eor
     Erfurt;20141226;   3;   -0.3;   5.2;   4.1;  986.81;   86.75;   3.4;    2.0;   -4.6;   -7.7;   8.3;   0.0;   7;    4.900;   0;eor
     Erfurt;20141227;   3;   -2.7;   3.9;   6.9;  969.69;   79.25;   4.9;   -1.0;   -5.2;   -5.5;  11.9;   0.0;   0;    0.000;   0;eor
     Erfurt;20141228;   3;   -6.1;   3.5;   6.4;  982.12;   88.21;   5.0;   -3.2;   -8.8;   -9.4;  13.7;   0.0;   7;    1.400;   0;eor
     Erfurt;20141229;   3;   -2.9;   4.4;   7.2;  989.31;   89.04;   5.8;    0.1;   -5.4;   -7.6;  14.7;   1.3;   7;    0.000;   0;eor
     Erfurt;20141230;   3;   -0.8;   5.6;   7.9;  992.26;   95.79;   4.8;    1.6;   -4.4;   -4.6;   9.6;   1.0;   8;    0.000;   3;eor
     Erfurt;20141231;   3;    1.2;   6.4;   7.9;  993.35;   96.25;   4.9;    1.7;    0.5;    0.2;   8.3;   1.7;   8;    0.000;   3;eor
     Erfurt;20150101;   3;    2.0;   6.6;   6.1;  994.27;   93.67;   4.7;    4.8;    0.3;   -0.3;  13.1;   0.0;   0;    5.517;   0;eor
     Erfurt;20150102;   3;    3.1;   6.3;   6.5;  986.04;   82.83;   8.5;    5.0;    1.4;    0.5;  20.4;   0.1;   6;    0.000;   0;eor
     Erfurt;20150103;   3;    1.6;   6.0;   7.0;  983.53;   87.13;   6.7;    3.0;    0.4;   -0.1;  14.8;   0.1;   8;    0.000;   0;eor
     Erfurt;20150104;   3;    1.9;   6.2;   6.0;  988.08;   87.88;   6.4;    3.7;    0.9;   -0.2;  14.5;   0.0;   8;    0.733;   0;eor
     Erfurt;20150105;   3;    0.6;   5.6;   6.2;  991.43;   88.25;   4.5;    2.5;   -1.0;   -2.6;  11.7;   0.0;   0;    2.883;   0;eor
     Erfurt;20150106;   3;   -0.4;   5.0;   5.5;  985.74;   84.33;   3.0;    1.7;   -3.6;   -6.9;  10.5;   0.1;   8;    4.267;   0;eor
     Erfurt;20150107;   3;    1.3;   5.9;   5.8;  987.60;   88.67;   5.1;    3.4;   -0.5;   -2.7;  12.0;   0.1;   8;    3.000;   0;eor
     Erfurt;20150108;   3;    3.9;   7.2;   7.5;  983.27;   88.17;   8.1;    7.4;   -0.1;   -1.1;  19.6;   4.6;   6;    0.000;   0;eor
     Erfurt;20150109;   3;    6.4;   7.7;   7.7;  978.42;   79.50;  12.0;    9.1;    3.6;    2.4;  28.3;   0.1;   6;    0.000;   0;eor
     Erfurt;20150110;   3;   10.1;  10.1;   6.5;  969.75;   80.00;  13.2;   14.1;    2.3;    0.2;  26.2;   3.9;   6;    1.117;   0;eor
     Erfurt;20150111;   3;    2.1;   5.6;   6.5;  975.32;   78.92;  10.6;    4.0;    0.7;   -0.4;  22.7;   0.8;   8;    2.483;   0;eor
     Erfurt;20150112;   3;    4.8;   6.9;   7.8;  978.11;   80.58;   9.8;    6.2;    3.2;    2.6;  19.6;   0.0;   6;    0.000;   0;eor
     Erfurt;20150113;   3;    8.5;   7.3;   5.6;  971.38;   66.58;   9.5;   11.0;    5.9;    4.6;  20.0;   0.1;   6;    5.333;   0;eor
     Erfurt;20150114;   3;    4.3;   6.7;   5.3;  971.89;   80.42;   8.2;    7.3;    0.5;   -0.9;  25.0;   2.4;   6;    2.033;   0;eor
     Erfurt;20150115;   3;    5.4;   6.7;   6.3;  968.82;   74.75;   9.0;    8.9;    0.5;   -0.8;  18.3;   0.0;   6;    1.283;   0;eor
     Erfurt;20150116;   3;    5.8;   7.9;   7.0;  968.36;   86.13;   4.2;    8.6;    3.9;    3.8;  16.9;   4.7;   6;    0.000;   0;eor
     Erfurt;20150117;   3;    2.3;   6.6;   6.3;  974.77;   91.29;   2.8;    4.0;   -1.8;   -5.1;   8.3;   0.5;   6;    1.900;   0;eor
     Erfurt;20150118;   3;   -0.6;   4.9;   3.1;  977.39;   84.04;   4.0;    2.8;   -2.5;   -6.5;   7.7;   0.0;   0;    6.633;   0;eor
     Erfurt;20150119;   3;   -0.8;   5.2;   5.8;  973.65;   89.38;   1.5;    0.9;   -2.9;   -7.0;   3.2;   1.2;   7;    0.083;   0;eor
     Erfurt;20150120;   3;   -0.6;   5.6;   8.0;  972.34;   95.50;   1.5;    0.1;   -2.0;   -2.6;   4.1;   2.1;   7;    0.000;   2;eor
     Erfurt;20150121;   3;   -2.2;   4.9;   7.3;  975.34;   93.79;   2.1;   -1.1;   -3.7;   -4.9;   5.9;   0.0;   0;    0.500;   3;eor
     Erfurt;20150122;   3;   -1.9;   5.3;   8.0;  977.35;   99.29;   3.3;   -1.4;   -3.4;   -3.2;   7.8;   0.5;   8;    0.000;   2;eor
     Erfurt;20150123;   3;   -2.0;   5.2;   8.0;  984.38;   98.58;   2.2;   -1.7;   -2.4;   -2.2;   5.6;   0.0;   7;    0.000;   3;eor
     Erfurt;20150124;   3;   -1.8;   5.0;   7.0;  981.45;   93.58;   3.7;    0.7;   -6.5;   -9.5;   9.5;   0.3;   7;    4.267;   3;eor
     Erfurt;20150125;   3;    0.3;   5.9;   7.0;  986.98;   94.79;   4.6;    1.0;   -1.1;   -3.2;  10.1;   1.4;   7;    0.033;   5;eor
     Erfurt;20150126;   3;    0.9;   6.1;   7.8;  981.42;   93.79;   5.0;    1.8;    0.3;   -0.1;  10.3;   2.0;   8;    0.000;   3;eor
     Erfurt;20150127;   3;    1.2;   6.0;   5.8;  978.83;   90.79;   5.2;    2.7;   -0.7;   -2.6;   9.6;   0.0;   8;    0.700;   2;eor
     Erfurt;20150128;   3;    2.2;   6.2;   7.6;  969.91;   87.25;   7.9;    3.4;    0.3;   -1.1;  21.5;   0.4;   8;    0.067;   0;eor
     Erfurt;20150129;   3;    0.6;   5.5;   5.0;  950.44;   86.00;   7.2;    2.0;   -0.9;   -2.9;  16.8;   0.4;   7;    2.633;   0;eor
     Erfurt;20150130;   3;    0.1;   5.5;   7.0;  937.40;   89.75;   6.1;    2.0;   -2.7;   -5.2;  17.3;   0.3;   7;    2.517;   0;eor
     Erfurt;20150131;   3;   -0.8;   5.0;   6.5;  944.00;   87.17;   5.1;    1.5;   -3.5;   -6.9;  12.4;   0.7;   7;    0.533;   0;eor
     Erfurt;20150201;   3;   -2.0;   4.8;   4.8;  952.19;   90.13;   3.1;    1.0;   -4.5;  -10.3;   6.3;   0.0;   7;    1.633;   2;eor
     Erfurt;20150202;   3;   -0.2;   5.4;   6.6;  959.15;   89.17;   4.8;    1.8;   -2.3;   -5.2;  12.7;   0.4;   7;    1.150;   2;eor
     Erfurt;20150203;   3;   -0.7;   5.1;   5.7;  963.93;   87.17;   4.9;    1.8;   -2.8;   -5.7;  10.1;   0.0;   7;    3.967;   1;eor
     Erfurt;20150204;   3;   -2.8;   4.3;   6.9;  973.42;   86.54;   2.5;   -1.2;   -5.7;   -9.8;   6.0;   0.0;   7;    0.000;   0;eor
     Erfurt;20150205;   3;   -4.0;   4.2;   6.5;  982.12;   92.08;   3.3;   -2.3;   -6.3;   -9.7;  11.7;   0.3;   7;    0.183;   0;eor
     Erfurt;20150206;   3;   -3.9;   4.1;   7.8;  988.16;   89.00;   5.4;   -3.2;   -4.7;   -4.8;  12.5;   0.0;   7;    0.000;   1;eor
     Erfurt;20150207;   3;   -2.6;   4.5;   5.3;  988.47;   87.29;   3.4;    1.4;   -8.0;  -11.3;   9.6;   0.6;   8;    7.117;   1;eor
     Erfurt;20150208;   3;   -0.4;   4.3;   5.2;  984.86;   72.33;   6.5;    1.8;   -2.4;   -4.1;  14.0;   0.0;   7;    3.217;   0;eor
     Erfurt;20150209;   3;    1.6;   6.5;   7.9;  985.35;   94.63;   5.9;    3.4;   -1.7;   -1.9;  12.3;   0.0;   6;    0.000;   0;eor
     Erfurt;20150210;   3;    2.8;   7.0;   8.0;  989.50;   93.63;   3.4;    3.9;    2.0;    1.7;   6.8;   0.0;   6;    0.000;   0;eor
     Erfurt;20150211;   3;    1.9;   6.2;   4.6;  988.05;   88.67;   1.9;    4.9;   -3.3;   -6.0;   4.8;   0.0;   6;    3.883;   0;eor
     Erfurt;20150212;   3;   -1.4;   5.5;   5.7;  983.92;   98.83;   2.0;    2.1;   -3.3;   -7.6;   4.7;   0.0;   0;    1.550;   0;eor
     Erfurt;20150213;   3;   -0.3;   5.3;   0.3;  979.69;   87.92;   1.8;    7.6;   -6.8;   -9.1;   4.0;   0.0;   0;    8.667;   0;eor
     Erfurt;20150214;   3;    0.1;   5.3;   1.5;  973.98;   86.04;   2.2;    6.6;   -5.3;   -8.5;   4.9;   0.0;   0;    7.783;   0;eor
     Erfurt;20150215;   3;   -1.9;   5.2;   6.0;  976.71;   97.71;   2.1;    0.6;   -5.2;   -7.7;   5.4;   0.0;   7;    0.417;   0;eor
     Erfurt;20150216;   3;    0.9;   6.0;   0.3;  981.30;   91.71;   2.0;    5.6;   -2.7;   -6.4;   4.8;   0.0;   6;    7.283;   0;eor
     Erfurt;20150217;   3;   -0.8;   5.6;   6.7;  991.68;   96.92;   2.8;    0.6;   -5.3;   -6.3;   7.0;   0.0;   6;    0.000;   0;eor
     Erfurt;20150218;   3;    0.9;   6.0;   6.3;  999.44;   91.83;   2.3;    3.3;   -2.2;   -6.4;   5.8;   0.0;   0;    0.000;   0;eor
     Erfurt;20150219;   3;   -1.5;   4.9;   1.7;  989.99;   88.63;   3.2;    4.9;   -5.3;   -8.2;   8.4;   0.0;   0;    8.983;   0;eor
     Erfurt;20150220;   3;    3.2;   5.7;   2.6;  975.13;   74.17;   6.9;    8.7;   -5.3;   -8.6;  17.0;   0.0;   6;    8.350;   0;eor
     Erfurt;20150221;   3;    3.7;   6.0;   6.2;  961.52;   75.38;   6.6;    8.7;   -0.8;   -3.7;  15.0;   0.1;   6;    3.433;   0;eor
     Erfurt;20150222;   3;    1.0;   5.5;   4.6;  970.05;   84.42;   2.8;    4.7;   -2.3;   -4.6;   6.5;   0.0;   6;    1.767;   0;eor
     Erfurt;20150223;   3;    1.5;   5.7;   6.4;  961.71;   83.13;   6.2;    2.6;   -0.7;   -2.1;  15.9;   0.0;   8;    0.000;   0;eor
     Erfurt;20150224;   3;    2.6;   5.9;   5.3;  968.35;   80.54;   5.5;    5.3;    0.1;   -2.2;  11.3;   0.0;   0;    1.033;   0;eor
     Erfurt;20150225;   3;    1.9;   5.5;   3.4;  979.39;   78.88;   3.7;    6.9;   -1.9;   -5.1;   7.5;   0.0;   0;    5.383;   0;eor
     Erfurt;20150226;   3;    3.3;   5.2;   0.7;  980.32;   68.92;   4.3;    9.2;   -1.2;   -3.3;   8.8;   0.0;   0;    9.450;   0;eor
     Erfurt;20150227;   3;    2.9;   5.7;   5.7;  974.58;   75.75;   4.0;    5.7;    0.6;   -1.1;   8.8;   2.8;   8;    1.317;   0;eor
     Erfurt;20150228;   3;    1.7;   5.5;   3.6;  980.01;   80.46;   3.6;    5.7;   -1.6;   -5.3;   9.1;   0.0;   0;    5.767;   0;eor
     Erfurt;20150301;   3;    4.1;   6.7;   6.6;  967.40;   81.46;   7.0;    7.1;    0.3;   -1.5;  15.9;   2.8;   8;    0.650;   0;eor
     Erfurt;20150302;   3;    4.4;   6.1;   5.2;  965.53;   73.08;   8.4;    7.6;    0.4;   -0.3;  19.6;   0.6;   8;    5.233;   0;eor
     Erfurt;20150303;   3;    3.4;   5.5;   4.1;  977.88;   72.71;   9.1;    8.2;    0.0;   -1.6;  17.8;   3.7;   8;    7.400;   0;eor
     Erfurt;20150304;   3;    2.1;   5.9;   4.8;  983.78;   83.63;   6.1;    5.6;   -0.9;   -2.8;  14.4;   0.4;   8;    3.650;   0;eor
     Erfurt;20150305;   3;    2.5;   6.1;   6.3;  994.19;   82.92;   5.1;    5.2;    0.7;   -0.5;  11.8;   0.0;   6;    2.133;   0;eor
     Erfurt;20150306;   3;    3.3;   6.3;   7.1;  996.40;   81.17;   3.8;    6.4;   -0.1;   -4.0;   7.0;   0.0;   6;    0.900;   0;eor
     Erfurt;20150307;   3;    4.5;   5.8;   5.4;  993.09;   70.13;   3.6;   10.8;   -0.3;   -4.9;   7.0;   0.0;   0;    8.167;   0;eor
     Erfurt;20150308;   3;    8.3;   6.0;   5.6;  987.27;   57.00;   2.6;   16.2;    1.8;   -1.4;   5.5;   0.0;   0;    7.933;   0;eor
     Erfurt;20150309;   3;    6.5;   7.5;   3.8;  987.62;   76.92;   2.7;   10.5;    1.7;   -2.7;   6.4;   0.0;   0;    6.350;   0;eor
     Erfurt;20150310;   3;    5.0;   8.1;   5.0;  987.33;   92.04;   3.7;   10.5;   -2.9;   -4.4;   7.9;   2.7;   6;    3.117;   0;eor
     Erfurt;20150311;   3;    3.9;   6.3;   3.7;  989.80;   78.92;   4.5;    8.0;    0.3;   -1.9;   9.6;   0.0;   0;    7.800;   0;eor
     Erfurt;20150312;   3;    1.8;   6.2;   6.2;  991.79;   88.92;   2.9;    4.1;   -0.9;   -5.2;   7.2;   0.0;   6;    0.417;   0;eor
     Erfurt;20150313;   3;    0.6;   5.9;   6.8;  987.55;   92.00;   2.9;    2.6;   -0.5;   -4.4;   7.4;   0.0;   7;    1.517;   0;eor
     Erfurt;20150314;   3;    1.2;   6.5;   8.0;  987.35;   97.04;   2.7;    2.5;   -0.2;   -0.1;   7.5;   5.4;   8;    0.000;   0;eor
     Erfurt;20150315;   3;    3.0;   7.1;   6.9;  987.90;   93.54;   3.7;    5.0;    1.2;   -0.4;   8.2;   0.2;   6;    0.000;   0;eor
     Erfurt;20150316;   3;    5.6;   7.1;   3.7;  987.11;   79.25;   3.2;   11.7;   -0.5;   -2.3;   9.7;   0.0;   0;    5.700;   0;eor
     Erfurt;20150317;   3;    8.2;   8.0;   4.3;  987.39;   73.83;   2.4;   14.2;    3.1;   -0.9;   7.5;   0.0;   0;    7.417;   0;eor
     Erfurt;20150318;   3;    7.9;   7.1;   1.7;  986.56;   68.46;   2.3;   14.6;    0.0;   -2.5;   6.9;   0.0;   0;   10.667;   0;eor
     Erfurt;20150319;   3;    6.2;   6.3;   1.3;  987.32;   68.29;   2.0;   12.7;   -0.2;   -4.7;   6.2;   0.0;   0;   10.783;   0;eor
     Erfurt;20150320;   3;    4.2;   4.9;   0.8;  984.47;   63.79;   2.1;   11.4;   -3.0;   -7.6;   4.6;   0.0;   0;   10.983;   0;eor
     Erfurt;20150321;   3;    1.4;   5.9;   4.8;  977.68;   86.63;   3.5;    4.5;   -3.0;   -6.4;   9.0;   1.0;   8;    1.233;   0;eor
     Erfurt;20150322;   3;   -0.6;   5.5;   6.5;  985.53;   94.08;   4.3;    1.4;   -2.6;   -6.1;  10.9;   0.0;   8;    0.000;   0;eor
     Erfurt;20150323;   3;    3.2;   6.2;   5.6;  978.28;   81.79;   1.8;   11.0;   -3.2;   -6.6;   5.6;   0.0;   0;    4.450;   0;eor
     Erfurt;20150324;   3;    5.0;   6.7;   5.9;  971.02;   77.67;   2.5;    9.1;    1.5;   -2.3;   6.9;   0.0;   6;    0.083;   0;eor
     Erfurt;20150325;   3;    8.8;   7.7;   4.1;  967.68;   69.13;   2.7;   16.6;    1.3;   -3.2;   9.1;   0.0;   0;    9.417;   0;eor
     Erfurt;20150326;   3;    5.9;   7.6;   7.7;  969.00;   82.17;   4.1;    8.0;    3.6;    3.0;   8.9;   0.0;   6;    0.000;   0;eor
     Erfurt;20150327;   3;    5.4;   7.1;   7.0;  976.48;   78.88;   6.8;    9.7;    2.8;    1.1;  14.8;   0.1;   6;    2.167;   0;eor
     Erfurt;20150328;   3;    6.6;   6.6;   6.2;  979.90;   68.96;   4.8;   11.3;    2.9;    2.1;  12.7;   0.2;   6;    6.817;   0;eor
     Erfurt;20150329;   3;    9.1;   9.7;   7.5;  962.57;   83.92;   9.9;   11.5;    6.2;    5.1;  24.7;   6.4;   6;    0.000;   0;eor
     Erfurt;20150330;   3;    4.4;   6.5;   4.0;  962.92;   77.38;  10.0;    8.0;    1.6;    0.0;  25.7;   6.5;   8;    6.150;   0;eor
     Erfurt;20150331;   3;    5.7;   7.3;   5.6;  959.58;   78.50;  12.1;   11.3;    1.1;    0.2;  32.2;   7.2;   8;    5.633;   0;eor
     Erfurt;20150401;   3;    2.1;   6.1;   6.1;  973.25;   86.38;   9.6;    6.7;   -0.3;   -0.6;  18.8;   3.7;   8;    5.567;   2;eor
     Erfurt;20150402;   3;    1.8;   6.2;   5.9;  973.09;   88.96;   7.8;    4.7;   -0.4;   -2.2;  17.3;   6.7;   8;    3.717;   0;eor
     Erfurt;20150403;   3;    2.9;   5.7;   4.5;  980.40;   76.79;   4.0;    7.5;   -2.1;   -5.1;  11.3;   0.0;   8;    3.367;   0;eor
     Erfurt;20150404;   3;    2.1;   5.4;   5.3;  977.96;   76.83;   2.2;    6.0;   -1.5;   -5.1;   8.0;   0.0;   6;    6.550;   0;eor
     Erfurt;20150405;   3;    2.9;   5.0;   3.5;  984.14;   68.63;   2.1;    7.3;   -1.7;   -6.1;   6.5;   0.0;   7;    6.683;   0;eor
     Erfurt;20150406;   3;    3.6;   4.8;   4.9;  989.10;   62.25;   4.1;    8.2;   -2.3;   -5.1;  11.1;   0.0;   0;    7.400;   0;eor
     Erfurt;20150407;   3;    5.1;   5.3;   4.3;  995.06;   63.50;   3.9;   12.2;   -3.8;   -7.0;   9.8;   0.0;   0;   11.783;   0;eor
     Erfurt;20150408;   3;    8.0;   8.1;   6.5;  992.94;   76.04;   3.8;   14.2;    2.4;   -1.2;   9.9;   0.0;   0;    3.333;   0;eor
     Erfurt;20150409;   3;   10.7;   9.2;   5.0;  989.54;   72.42;   1.9;   15.6;    6.4;    2.8;   5.2;   0.0;   0;   11.417;   0;eor
     Erfurt;20150410;   3;   12.5;   8.6;   1.5;  983.54;   63.29;   2.5;   20.3;    3.4;    1.1;   6.4;   0.0;   0;   11.517;   0;eor
     Erfurt;20150411;   3;   13.0;   8.8;   5.4;  981.62;   59.71;   6.6;   18.8;    7.7;    5.3;  15.5;   0.0;   6;    4.417;   0;eor
     Erfurt;20150412;   3;    9.6;   6.4;   6.2;  989.28;   55.71;   4.1;   15.8;    2.7;   -3.0;  11.5;   0.0;   6;   11.917;   0;eor
     Erfurt;20150413;   3;    8.8;   6.5;   5.3;  989.19;   58.13;   5.8;   11.9;    2.6;   -2.4;  15.2;   0.1;   6;    6.417;   0;eor
     Erfurt;20150414;   3;    9.4;   7.6;   5.2;  987.43;   64.63;   4.9;   16.7;   -0.5;   -4.2;  13.1;   0.0;   0;    5.383;   0;eor
     Erfurt;20150415;   3;   16.3;   8.9;   3.1;  979.14;   51.04;   5.4;   22.7;    9.7;    6.9;  14.1;   0.0;   0;   12.267;   0;eor
     Erfurt;20150416;   3;   11.5;   9.1;   4.2;  976.12;   66.33;   3.0;   17.0;    7.0;    2.2;   8.4;   0.0;   0;   10.917;   0;eor
     Erfurt;20150417;   3;    6.6;   6.2;   5.6;  978.07;   63.79;   3.1;    9.5;    2.8;   -0.4;   9.2;   0.0;   0;    3.083;   0;eor
     Erfurt;20150418;   3;    5.8;   5.5;   3.5;  985.83;   61.38;   2.5;   10.3;   -0.1;   -3.7;   6.3;   0.0;   0;    8.567;   0;eor
     Erfurt;20150419;   3;    7.2;   5.7;   2.0;  984.38;   58.92;   2.7;   13.4;   -2.3;   -4.6;   8.0;   0.0;   0;   12.850;   0;eor
     Erfurt;20150420;   3;    9.3;   6.7;   2.3;  987.27;   59.46;   2.9;   17.3;    0.1;   -3.5;   8.1;   0.0;   0;   12.667;   0;eor
     Erfurt;20150421;   3;   12.1;   6.5;   2.0;  989.28;   49.92;   4.6;   20.1;    1.5;   -2.1;  11.5;   0.0;   0;   12.867;   0;eor
     Erfurt;20150422;   3;    5.9;   7.1;   4.0;  986.88;   77.04;   3.3;    8.9;    1.5;   -2.8;   9.9;   0.3;   6;    3.050;   0;eor
     Erfurt;20150423;   3;    8.3;   7.2;   0.3;  980.60;   69.25;   2.1;   15.8;   -1.8;   -4.2;   6.1;   0.0;   0;   13.033;   0;eor
     Erfurt;20150424;   3;   12.1;   7.1;   1.9;  975.80;   53.25;   4.5;   19.3;    2.5;   -0.2;   9.8;   0.0;   0;   12.550;   0;eor
     Erfurt;20150425;   3;   13.7;   8.8;   6.4;  971.66;   56.25;   4.9;   17.9;    8.4;    5.4;  13.3;   0.0;   6;    1.000;   0;eor
     Erfurt;20150426;   3;   12.9;  11.8;   5.9;  969.64;   80.13;   3.9;   19.0;    7.9;    4.5;  10.7;   2.2;   6;    4.083;   0;eor
     Erfurt;20150427;   3;   10.2;  11.6;   7.5;  966.21;   92.79;   3.7;   14.7;    4.5;    4.4;   9.8;   4.0;   6;    0.017;   0;eor
     Erfurt;20150428;   3;    6.3;   6.8;   5.8;  975.82;   73.67;   4.0;   11.9;    1.9;   -3.0;  13.4;   0.1;   6;    5.000;   0;eor
     Erfurt;20150429;   3;    7.8;   5.7;   4.3;  980.67;   57.88;   2.6;   14.3;   -1.1;   -4.9;   6.7;   0.0;   0;   11.300;   0;eor
     Erfurt;20150430;   3;   10.0;   8.0;   6.7;  974.91;   66.88;   5.0;   15.4;    6.4;    4.2;  19.5;   8.4;   6;    6.250;   0;eor
     Erfurt;20150501;   3;    7.8;   7.6;   5.5;  970.50;   73.92;   2.4;   12.1;    2.6;   -0.4;   6.4;   0.0;   0;    6.583;   0;eor
     Erfurt;20150502;   3;    9.1;   6.8;   4.5;  973.53;   61.75;   2.0;   14.1;    1.0;   -1.7;   7.3;   0.0;   0;   11.000;   0;eor
     Erfurt;20150503;   3;   11.8;  11.7;   7.3;  969.76;   82.33;   3.8;   15.2;    6.5;    4.2;   8.9;   2.6;   6;    0.100;   0;eor
     Erfurt;20150504;   3;   16.6;  12.9;   5.8;  971.25;   70.13;   4.1;   21.0;   11.2;    9.5;  10.7;   0.2;   6;    8.683;   0;eor
     Erfurt;20150505;   3;   18.5;  14.3;   6.3;  967.78;   68.00;   6.0;   23.7;   11.1;    5.9;  15.4;   0.0;   6;    3.550;   0;eor
     Erfurt;20150506;   3;   13.5;   9.3;   3.8;  975.45;   62.38;   5.3;   19.0;    7.5;    3.5;  17.6;   0.0;   0;    7.967;   0;eor
     Erfurt;20150507;   3;   11.7;   7.7;   2.1;  979.84;   57.50;   5.3;   16.4;    6.9;    2.2;  14.0;   0.0;   6;   11.133;   0;eor
     Erfurt;20150508;   3;   13.1;   8.8;   6.0;  978.52;   59.75;   2.1;   19.2;    5.4;    1.5;   6.4;   0.0;   6;    6.550;   0;eor
     Erfurt;20150509;   3;   14.3;  11.5;   5.9;  979.35;   71.71;   5.2;   19.3;    9.7;    7.1;  15.4;   1.9;   6;    3.000;   0;eor
     Erfurt;20150510;   3;   12.9;   8.7;   4.2;  987.08;   61.29;   4.6;   17.6;    7.2;    2.8;  12.3;   0.0;   0;   11.033;   0;eor
     Erfurt;20150511;   3;   15.6;   9.6;   6.6;  986.43;   55.54;   3.3;   22.8;    7.0;    2.7;   7.2;   0.0;   0;   11.950;   0;eor
     Erfurt;20150512;   3;   18.7;  12.2;   5.8;  979.55;   58.42;   6.1;   26.8;    9.8;    7.2;  16.4;   0.4;   6;    9.183;   0;eor
     Erfurt;20150513;   3;   13.1;   8.6;   3.3;  979.58;   59.63;   3.0;   18.7;    5.5;    3.0;  10.7;   0.0;   6;   12.600;   0;eor
     Erfurt;20150514;   3;   10.9;   8.3;   5.4;  974.90;   65.04;   2.6;   14.9;    7.2;    3.8;   6.9;   0.0;   0;    8.317;   0;eor
     Erfurt;20150515;   3;   11.8;   8.3;   2.3;  977.55;   63.33;   2.2;   17.6;    4.6;    2.4;   6.9;   0.0;   0;   13.383;   0;eor
     Erfurt;20150516;   3;   10.9;   8.7;   5.5;  983.25;   69.50;   4.6;   18.0;    3.0;    0.0;  13.6;   0.0;   6;    6.017;   0;eor
     Erfurt;20150517;   3;   10.5;   7.4;   3.8;  985.18;   60.71;   4.3;   15.7;    4.8;    2.5;  10.6;   0.0;   0;    8.467;   0;eor
     Erfurt;20150518;   3;   14.7;   8.4;   4.8;  973.25;   52.25;   4.4;   21.1;    6.0;    2.6;  11.5;   0.0;   6;   10.033;   0;eor
     Erfurt;20150519;   3;   13.5;   8.0;   5.5;  969.69;   53.00;   5.6;   17.4;    8.4;    6.6;  17.3;   0.0;   6;    8.833;   0;eor
     Erfurt;20150520;   3;   10.1;   8.0;   6.8;  975.93;   65.42;   3.1;   13.1;    6.4;    3.6;   7.6;   0.0;   6;    1.100;   0;eor
     Erfurt;20150521;   3;    9.6;   7.6;   2.9;  985.23;   66.17;   3.4;   15.2;    3.1;   -0.2;   9.4;   0.0;   0;   11.617;   0;eor
     Erfurt;20150522;   3;   11.9;   7.6;   3.9;  986.75;   58.13;   2.2;   18.6;    1.2;   -0.7;   5.9;   0.0;   0;   12.350;   0;eor
     Erfurt;20150523;   3;   14.3;  10.5;   7.4;  981.88;   65.33;   2.9;   19.0;   10.1;    9.7;   7.6;   0.0;   6;    1.500;   0;eor
     Erfurt;20150524;   3;   14.3;  11.9;   6.9;  980.79;   74.04;   2.3;   18.9;   10.8;   10.9;   5.6;   0.0;   6;    4.217;   0;eor
     Erfurt;20150525;   3;   13.7;  11.6;   7.3;  976.15;   75.08;   2.9;   17.1;    8.8;    7.3;   7.8;   0.1;   6;    0.400;   0;eor
     Erfurt;20150526;   3;    9.7;   8.6;   6.6;  979.74;   72.25;   3.3;   13.0;    7.1;    4.8;   8.9;   0.1;   6;    0.300;   0;eor
     Erfurt;20150527;   3;    9.1;   8.2;   6.0;  983.99;   71.08;   3.5;   11.9;    3.7;    0.8;   8.8;   0.0;   6;    0.433;   0;eor
     Erfurt;20150528;   3;   12.1;   9.1;   5.8;  977.65;   66.50;   5.0;   20.0;    3.7;    0.4;  13.3;   1.0;   6;    3.317;   0;eor
     Erfurt;20150529;   3;   13.1;  10.6;   6.5;  973.35;   72.58;   3.9;   19.1;    7.1;    3.1;  13.1;   3.6;   6;    6.383;   0;eor
     Erfurt;20150530;   3;   10.3;   8.8;   5.1;  975.52;   71.38;   5.7;   15.5;    5.0;    1.9;  19.9;   0.0;   6;    6.700;   0;eor
     Erfurt;20150531;   3;   13.9;   9.3;   6.3;  976.96;   59.13;   5.3;   19.7;    4.6;    2.4;  12.8;   0.2;   6;    5.783;   0;eor
     Erfurt;20150601;   3;   12.4;  12.4;   7.4;  977.80;   86.13;   3.3;   16.9;    9.3;    6.4;  11.2;   1.9;   6;    0.000;   0;eor
     Erfurt;20150602;   3;   16.9;  11.3;   4.3;  977.23;   62.25;   7.2;   23.3;    8.7;    6.6;  17.0;   0.0;   0;    9.483;   0;eor
     Erfurt;20150603;   3;   18.2;  12.1;   2.4;  982.78;   57.92;   5.7;   23.0;   11.0;    7.5;  14.4;   0.0;   0;   12.517;   0;eor
     Erfurt;20150604;   3;   16.0;  10.2;   1.5;  989.28;   58.50;   2.2;   21.5;    8.5;    4.9;   7.7;   0.0;   0;   14.650;   0;eor
     Erfurt;20150605;   3;   21.3;  12.4;   0.8;  983.72;   51.58;   2.1;   30.3;   10.8;    6.7;   7.2;   1.0;   6;   14.750;   0;eor
     Erfurt;20150606;   3;   22.3;  17.0;   4.8;  983.77;   63.08;   4.2;   28.4;   17.4;   15.6;   9.5;   0.0;   6;    9.183;   0;eor
     Erfurt;20150607;   3;   16.0;  12.1;   5.8;  989.40;   66.00;   2.4;   19.1;   12.9;   10.2;   6.4;   0.0;   0;    4.050;   0;eor
     Erfurt;20150608;   3;   13.6;   9.7;   6.2;  988.32;   62.75;   4.6;   17.2;    9.9;    8.7;  10.2;   0.0;   6;    5.983;   0;eor
     Erfurt;20150609;   3;   12.6;   9.1;   7.1;  988.38;   62.79;   3.5;   15.5;    9.5;    7.8;  10.0;   0.0;   0;    0.217;   0;eor
     Erfurt;20150610;   3;   14.6;  10.5;   5.5;  987.56;   66.17;   3.3;   20.5;    9.1;    7.5;  16.4;   0.0;   0;    6.033;   0;eor
     Erfurt;20150611;   3;   15.8;  11.4;   7.2;  983.20;   63.63;   2.6;   19.1;   12.7;   10.7;   7.7;   0.0;   6;    0.317;   0;eor
     Erfurt;20150612;   3;   20.7;  15.7;   3.8;  975.29;   66.29;   1.9;   27.7;   13.2;   10.1;   5.5;   0.0;   0;   12.950;   0;eor
     Erfurt;20150613;   3;   19.9;  17.8;   5.1;  972.18;   76.75;   3.3;   25.3;   14.1;   10.6;  12.1;   8.0;   6;    6.533;   0;eor
     Erfurt;20150614;   3;   18.0;  12.6;   3.8;  973.28;   63.67;   3.2;   23.0;   12.3;    9.2;   7.8;   0.0;   0;   14.317;   0;eor
     Erfurt;20150615;   3;   14.0;  11.4;   6.8;  979.53;   72.13;   2.8;   17.4;   10.4;    9.7;   7.6;   0.0;   0;    2.550;   0;eor
     Erfurt;20150616;   3;   12.3;   8.8;   5.0;  984.38;   62.38;   2.9;   16.9;    7.9;    3.6;   8.9;   0.0;   0;    6.050;   0;eor
     Erfurt;20150617;   3;   13.6;   8.6;   5.4;  984.33;   57.83;   2.3;   19.6;    5.3;    2.2;   7.4;   4.5;   6;   11.417;   0;eor
     Erfurt;20150618;   3;   14.9;  13.0;   7.3;  976.50;   77.25;   4.3;   19.6;   10.2;    9.0;  11.6;   0.0;   6;    1.833;   0;eor
     Erfurt;20150619;   3;   11.1;  10.5;   7.3;  978.18;   79.79;   4.1;   16.0;    9.1;    9.0;  11.8;   1.1;   6;    1.017;   0;eor
     Erfurt;20150620;   3;   10.9;  10.3;   6.2;  980.10;   79.79;   4.4;   14.7;    8.0;    5.6;   9.8;   0.0;   6;    3.733;   0;eor
     Erfurt;20150621;   3;   11.9;  11.3;   7.3;  978.54;   81.08;   3.7;   16.2;    6.1;    3.8;   9.2;   1.5;   6;    0.350;   0;eor
     Erfurt;20150622;   3;   12.4;  12.5;   7.7;  971.45;   87.54;   4.9;   15.9;    9.6;    9.0;  13.6;  11.5;   6;    0.133;   0;eor
     Erfurt;20150623;   3;   10.7;  11.1;   6.8;  972.57;   86.50;   5.1;   14.6;    8.5;    7.8;  13.2;   3.1;   6;    4.750;   0;eor
     Erfurt;20150624;   3;   13.1;  11.6;   5.5;  982.88;   78.42;   3.8;   17.9;   10.2;    6.8;   8.4;   0.0;   6;    5.367;   0;eor
     Erfurt;20150625;   3;   16.1;  11.5;   5.0;  984.93;   65.96;   2.3;   22.3;    7.6;    4.8;   5.7;   0.0;   0;   11.117;   0;eor
     Erfurt;20150626;   3;   18.0;  13.7;   6.6;  982.00;   67.83;   3.0;   22.5;   11.7;   10.0;   8.6;   0.4;   6;    2.267;   0;eor
     Erfurt;20150627;   3;   17.5;  15.9;   6.8;  979.00;   79.42;   4.1;   21.1;   13.4;   12.0;  11.1;   0.5;   6;    1.133;   0;eor
     Erfurt;20150628;   3;   16.7;  11.4;   4.3;  983.83;   62.00;   2.3;   21.0;   11.0;    9.0;   5.7;   0.0;   6;   11.183;   0;eor
     Erfurt;20150629;   3;   20.2;  13.6;   5.4;  983.08;   59.13;   3.0;   26.1;   14.3;   12.4;   8.7;   0.0;   0;    9.683;   0;eor
     Erfurt;20150630;   3;   20.1;  13.7;   3.0;  984.24;   60.33;   1.9;   25.6;   12.6;   10.6;   5.8;   0.0;   0;   14.267;   0;eor
     Erfurt;20150701;   3;   22.1;  13.1;   0.9;  984.25;   50.75;   2.6;   27.5;   15.1;   10.7;   8.8;   0.0;   0;   14.717;   0;eor
     Erfurt;20150702;   3;   24.6;  15.5;   0.3;  984.65;   51.88;   2.5;   31.1;   15.9;   13.1;   9.2;   0.0;   0;   14.817;   0;eor
     Erfurt;20150703;   3;   25.9;  18.1;   2.8;  985.91;   56.00;   2.6;   33.9;   20.4;   17.2;  11.0;   0.1;   6;   10.833;   0;eor
     Erfurt;20150704;   3;   28.8;  17.7;   3.6;  982.89;   49.29;   2.8;   36.2;   19.5;   17.3;  14.7;   6.6;   6;   12.833;   0;eor
     Erfurt;20150705;   3;   26.6;  20.0;   4.7;  978.76;   61.54;   3.0;   34.8;   18.8;   17.7;  12.8;   7.4;   6;   11.767;   0;eor
     Erfurt;20150706;   3;   20.6;  15.4;   3.4;  982.18;   65.33;   3.9;   24.8;   16.4;   12.3;  11.5;   0.0;   0;   11.233;   0;eor
     Erfurt;20150707;   3;   22.6;  15.7;   3.2;  974.61;   62.04;   2.8;   32.6;   13.5;   10.0;  33.3;  16.1;   8;   11.733;   0;eor
     Erfurt;20150708;   3;   17.0;  13.4;   5.9;  972.63;   69.92;   7.6;   20.0;   13.1;   12.5;  16.8;   5.3;   6;    5.133;   0;eor
     Erfurt;20150709;   3;   13.2;  11.1;   4.5;  979.54;   73.67;   6.0;   17.0;    8.7;    5.5;  13.5;   0.0;   6;    5.200;   0;eor
     Erfurt;20150710;   3;   13.0;   9.5;   2.1;  984.76;   64.96;   3.1;   18.6;    5.7;    2.4;   9.2;   0.0;   0;   11.867;   0;eor
     Erfurt;20150711;   3;   17.7;  11.6;   2.7;  979.92;   59.54;   2.0;   25.2;    9.0;    6.3;   5.4;   0.0;   0;   10.650;   0;eor
     Erfurt;20150712;   3;   17.1;  14.3;   5.7;  979.38;   75.04;   4.1;   23.6;   11.8;   10.1;  10.8;   1.5;   6;    4.067;   0;eor
     Erfurt;20150713;   3;   15.7;  15.6;   7.7;  978.93;   87.67;   4.5;   17.9;   13.1;   12.2;   9.8;   0.7;   6;    0.200;   0;eor
     Erfurt;20150714;   3;   17.8;  17.7;   7.3;  977.95;   86.63;   5.8;   21.1;   15.7;   15.3;  13.8;   1.8;   6;    0.783;   0;eor
     Erfurt;20150715;   3;   19.9;  15.5;   5.6;  981.39;   69.33;   2.8;   24.7;   15.1;   14.3;   9.4;   1.5;   6;    6.167;   0;eor
     Erfurt;20150716;   3;   21.9;  16.9;   3.6;  980.67;   66.96;   2.5;   27.4;   16.3;   15.0;   8.0;   0.0;   6;   11.033;   0;eor
     Erfurt;20150717;   3;   24.9;  15.6;   4.4;  977.44;   53.33;   4.1;   33.2;   16.0;   13.3;  14.5;   0.1;   6;    7.117;   0;eor
     Erfurt;20150718;   3;   23.3;  18.3;   5.0;  978.01;   64.71;   3.9;   28.8;   19.0;   16.6;  12.3;   0.2;   6;    7.333;   0;eor
     Erfurt;20150719;   3;   19.7;  19.4;   6.0;  973.57;   85.54;   4.4;   25.9;   14.9;   12.5;  14.5;  10.7;   6;    2.933;   0;eor
     Erfurt;20150720;   3;   19.1;  18.3;   4.6;  976.80;   82.83;   3.7;   23.6;   13.6;   11.8;   9.2;   0.2;   6;    6.050;   0;eor
     Erfurt;20150721;   3;   23.4;  19.6;   3.8;  977.02;   69.83;   4.4;   28.2;   17.6;   15.0;  13.1;   0.0;   0;    8.800;   0;eor
     Erfurt;20150722;   3;   24.1;  19.8;   5.1;  976.39;   67.71;   2.9;   30.4;   17.4;   15.3;  11.2;   0.0;   6;    9.900;   0;eor
     Erfurt;20150723;   3;   19.8;  14.3;   6.6;  978.41;   62.54;   2.8;   22.4;   15.9;   13.2;   8.5;   0.0;   0;    3.583;   0;eor
     Erfurt;20150724;   3;   20.8;  15.9;   4.1;  974.64;   65.96;   2.6;   26.9;   14.5;   11.1;   7.9;   1.5;   6;    7.333;   0;eor
     Erfurt;20150725;   3;   18.4;  14.7;   5.5;  968.74;   69.25;   9.5;   24.2;   12.8;   12.3;  21.0;   0.0;   6;    6.300;   0;eor
     Erfurt;20150726;   3;   15.2;   9.4;   5.0;  975.05;   56.50;   4.9;   20.6;   10.2;    8.9;  15.9;   1.3;   6;    9.400;   0;eor
     Erfurt;20150727;   3;   15.5;  14.5;   7.0;  966.75;   82.58;   5.8;   19.7;   12.2;   11.6;  16.9;   8.3;   6;    3.633;   0;eor
     Erfurt;20150728;   3;   15.6;  10.7;   6.2;  969.20;   61.92;   7.3;   20.2;   12.7;   11.3;  16.7;   0.0;   6;    4.967;   0;eor
     Erfurt;20150729;   3;   14.6;  10.0;   4.5;  971.20;   60.79;   6.0;   19.8;   10.9;    9.1;  13.6;   0.2;   6;    6.233;   0;eor
     Erfurt;20150730;   3;   14.1;   9.9;   3.3;  976.51;   63.25;   5.6;   19.6;    9.0;    5.9;  12.8;   0.0;   6;    7.967;   0;eor
     Erfurt;20150731;   3;   13.6;   9.4;   2.8;  980.99;   63.96;   2.5;   19.2;    7.4;    3.7;   6.4;   0.0;   0;   11.650;   0;eor
     Erfurt;20150801;   3;   17.5;   9.9;   5.8;  978.50;   51.96;   2.0;   24.8;    9.5;    8.2;   6.1;   0.0;   0;   10.850;   0;eor
     Erfurt;20150802;   3;   20.4;  10.8;   3.1;  981.50;   49.42;   2.3;   27.4;   10.6;    8.0;   9.0;   0.0;   0;   13.300;   0;eor
     Erfurt;20150803;   3;   23.6;  12.7;   1.7;  980.21;   45.63;   2.4;   30.8;   13.4;   10.8;   7.6;   0.0;   0;   12.633;   0;eor
     Erfurt;20150804;   3;   23.9;  15.7;   4.9;  976.93;   56.25;   4.9;   32.6;   16.7;   16.6;  16.8;   0.0;   6;    9.133;   0;eor
     Erfurt;20150805;   3;   19.4;  12.8;   2.8;  981.36;   60.29;   2.4;   25.2;   11.7;    8.6;   7.0;   0.0;   0;   13.417;   0;eor
     Erfurt;20150806;   3;   25.3;  13.4;   3.5;  978.84;   45.63;   1.7;   34.1;   14.6;   12.0;   5.2;   0.0;   0;   12.867;   0;eor
     Erfurt;20150807;   3;   27.4;  15.9;   2.5;  978.74;   44.83;   2.9;   33.6;   17.7;   14.9;   9.1;   0.0;   0;   11.367;   0;eor
     Erfurt;20150808;   3;   24.3;  17.5;   3.7;  981.20;   59.71;   3.4;   30.9;   19.1;   16.9;  12.4;   0.0;   6;    9.833;   0;eor
     Erfurt;20150809;   3;   21.6;  18.0;   4.9;  982.35;   70.83;   3.3;   27.3;   17.5;   17.9;   7.7;   0.0;   0;    5.667;   0;eor
     Erfurt;20150810;   3;   24.8;  17.5;   2.2;  977.62;   58.04;   2.9;   31.9;   17.8;   16.4;  10.1;   0.0;   0;   11.650;   0;eor
     Erfurt;20150811;   3;   23.4;  18.3;   4.2;  979.24;   65.92;   3.5;   29.9;   17.3;   16.3;   9.0;   0.0;   0;   11.317;   0;eor
     Erfurt;20150812;   3;   22.3;  18.1;   4.3;  983.24;   68.75;   3.3;   28.1;   17.5;   15.9;   8.9;   0.0;   0;    9.533;   0;eor
     Erfurt;20150813;   3;   23.0;  19.1;   3.6;  979.69;   69.71;   3.2;   30.4;   16.1;   14.5;   9.1;   3.0;   6;    7.500;   0;eor
     Erfurt;20150814;   3;   23.9;  20.5;   6.0;  971.91;   70.54;   2.6;   29.9;   18.1;   17.3;  11.1;   6.7;   6;    9.567;   0;eor
     Erfurt;20150815;   3;   20.7;  19.0;   5.8;  971.80;   78.83;   2.7;   24.4;   16.9;   14.7;  13.3;  13.2;   6;    4.117;   0;eor
     Erfurt;20150816;   3;   17.7;  18.6;   7.4;  972.84;   91.38;   2.8;   19.8;   16.2;   14.6;   5.4;   4.0;   6;    0.000;   0;eor
     Erfurt;20150817;   3;   15.5;  16.8;   8.0;  973.02;   95.33;   4.7;   17.1;   13.6;   13.3;   8.2;   7.5;   6;    0.000;   0;eor
     Erfurt;20150818;   3;   14.6;  14.4;   7.7;  977.14;   86.92;   3.7;   16.9;   12.5;   11.0;   7.9;   0.0;   6;    0.000;   0;eor
     Erfurt;20150819;   3;   15.1;  14.0;   6.1;  982.58;   82.42;   2.2;   18.9;    9.1;    7.6;   5.1;   0.0;   6;    5.200;   0;eor
     Erfurt;20150820;   3;   15.2;  15.6;   6.5;  986.48;   90.29;   1.2;   16.9;   10.6;    8.6;   3.9;   0.0;   6;    0.000;   0;eor
     Erfurt;20150821;   3;   16.2;  12.5;   1.5;  987.26;   72.04;   2.0;   23.0;    8.5;    7.5;   6.0;   0.0;   0;   12.267;   0;eor
     Erfurt;20150822;   3;   17.3;  11.2;   0.9;  983.21;   59.67;   2.4;   23.7;    9.3;    6.2;   8.3;   0.0;   0;   13.117;   0;eor
     Erfurt;20150823;   3;   18.2;  11.5;   3.0;  974.47;   56.21;   2.9;   23.3;   12.1;    7.8;   9.4;   1.2;   6;   11.733;   0;eor
     Erfurt;20150824;   3;   19.2;  16.8;   6.8;  969.57;   77.38;   4.7;   24.8;   15.3;   14.3;  17.0;   4.0;   6;    4.167;   0;eor
     Erfurt;20150825;   3;   15.5;  12.6;   5.5;  976.96;   71.75;   7.2;   18.9;   13.1;   11.1;  16.2;   0.0;   0;    2.133;   0;eor
     Erfurt;20150826;   3;   19.9;  12.1;   5.5;  978.86;   52.58;   5.0;   25.3;   14.1;   11.4;  11.3;   0.0;   0;   12.167;   0;eor
     Erfurt;20150827;   3;   22.4;  14.3;   6.7;  974.09;   53.42;   4.6;   28.2;   17.9;   15.1;  11.6;   5.4;   6;    2.983;   0;eor
     Erfurt;20150828;   3;   16.3;  16.7;   6.7;  980.07;   90.00;   2.0;   18.5;   13.3;   10.8;   6.7;   0.2;   6;    0.167;   0;eor
     Erfurt;20150829;   3;   17.7;  17.7;   5.2;  985.33;   87.63;   1.9;   23.9;   12.3;   10.9;   4.7;   0.0;   0;    6.317;   0;eor
     Erfurt;20150830;   3;   23.9;  19.5;   3.1;  980.98;   69.71;   2.2;   33.0;   15.9;   14.1;   8.7;   0.0;   0;   11.017;   0;eor
     Erfurt;20150831;   3;   25.0;  17.8;   2.3;  975.45;   59.63;   2.8;   33.6;   17.3;   15.1;   9.1;   0.0;   0;   11.983;   0;eor
     Erfurt;20150901;   3;   19.6;  15.7;   4.5;  973.35;   69.88;   3.8;   27.2;   12.2;   11.0;  18.0;   0.0;   6;    5.000;   0;eor
     Erfurt;20150902;   3;   14.9;  11.5;   3.9;  978.88;   70.13;   2.6;   19.8;    9.5;    6.0;   7.5;   0.0;   6;    6.700;   0;eor
     Erfurt;20150903;   3;   13.5;  12.4;   5.5;  976.47;   80.21;   2.2;   17.1;    9.6;    7.1;   8.3;   0.8;   6;    1.800;   0;eor
     Erfurt;20150904;   3;   12.0;   9.8;   2.7;  976.47;   72.04;   4.6;   18.1;    6.6;    5.1;  13.9;   0.0;   6;    7.100;   0;eor
     Erfurt;20150905;   3;   12.4;  11.0;   6.0;  975.61;   76.83;   6.7;   17.5;    8.2;    7.1;  15.2;   0.5;   6;    3.500;   0;eor
     Erfurt;20150906;   3;   10.9;  10.2;   5.2;  980.48;   78.92;   8.1;   15.0;    7.7;    6.5;  17.0;   0.4;   6;    1.483;   0;eor
     Erfurt;20150907;   3;   12.6;  11.2;   6.3;  984.50;   78.08;   4.8;   18.0;    9.3;    8.4;  10.2;   0.2;   6;    3.800;   0;eor
     Erfurt;20150908;   3;   12.4;  11.3;   5.1;  986.03;   79.88;   3.0;   17.8;    8.1;    5.0;   7.6;   0.0;   0;    2.300;   0;eor
     Erfurt;20150909;   3;   12.1;  10.1;   3.5;  985.90;   73.13;   2.9;   17.2;    7.9;    4.6;   9.1;   0.0;   6;    6.800;   0;eor
     Erfurt;20150910;   3;   11.0;  10.9;   5.3;  985.40;   84.21;   2.8;   16.3;    8.1;    5.7;   9.9;   2.4;   6;    5.000;   0;eor
     Erfurt;20150911;   3;   11.2;  11.9;   4.7;  981.52;   89.63;   1.9;   16.1;    7.9;    5.5;   6.0;   0.0;   0;    3.000;   0;eor
     Erfurt;20150912;   3;   15.6;  12.2;   4.9;  978.24;   72.29;   2.6;   24.2;    4.3;    3.2;   7.0;   0.1;   6;    6.300;   0;eor
     Erfurt;20150913;   3;   18.8;  15.8;   6.7;  973.32;   73.42;   2.0;   23.2;   15.5;   12.4;   5.8;   0.0;   6;    2.600;   0;eor
     Erfurt;20150914;   3;   15.2;  14.1;   4.9;  967.65;   81.50;   4.3;   19.5;   10.8;    6.9;  20.1;   9.3;   6;    2.800;   0;eor
     Erfurt;20150915;   3;   13.8;  10.5;   4.2;  970.69;   67.13;   5.9;   17.7;    9.7;    6.2;  15.2;   0.0;   6;    3.000;   0;eor
     Erfurt;20150916;   3;   16.1;  13.8;   7.4;  964.25;   75.00;   4.4;   19.4;   12.0;    9.1;  12.2;   2.4;   6;    0.033;   0;eor
     Erfurt;20150917;   3;   16.0;  14.2;   6.8;  966.38;   78.04;   7.3;   20.2;   12.5;   11.1;  16.7;   0.1;   6;    0.667;   0;eor
     Erfurt;20150918;   3;   13.5;  11.8;   4.2;  978.78;   76.92;   3.8;   18.6;    8.4;    4.3;   8.3;   0.0;   6;    4.167;   0;eor
     Erfurt;20150919;   3;   12.6;  12.5;   4.9;  982.92;   85.38;   3.7;   16.3;    9.6;    7.2;   9.5;   1.8;   6;    2.917;   0;eor
     Erfurt;20150920;   3;   11.9;  11.6;   5.8;  984.07;   84.17;   4.6;   15.8;    9.4;    7.8;  11.8;   0.9;   6;    4.767;   0;eor
     Erfurt;20150921;   3;   13.2;  11.3;   6.3;  978.35;   75.92;   3.6;   17.6;   10.2;    9.0;   8.3;   0.1;   6;    5.083;   0;eor
     Erfurt;20150922;   3;   12.7;  11.4;   6.5;  967.63;   77.83;   4.6;   15.5;   10.1;    7.6;  10.5;   3.8;   6;    0.150;   0;eor
     Erfurt;20150923;   3;   11.4;  10.9;   6.5;  971.74;   81.25;   3.6;   14.4;    7.7;    5.1;  10.1;   0.0;   0;    0.150;   0;eor
     Erfurt;20150924;   3;   11.7;  10.7;   4.5;  980.85;   78.75;   4.1;   17.3;    6.9;    2.9;  10.6;   0.0;   0;    5.800;   0;eor
     Erfurt;20150925;   3;   12.4;  11.5;   6.9;  983.47;   79.71;   3.0;   15.9;    8.7;    7.2;   5.6;   0.0;   6;    0.683;   0;eor
     Erfurt;20150926;   3;   11.7;  10.7;   6.6;  987.95;   77.75;   1.9;   15.5;   10.0;    8.8;   7.4;   0.0;   6;    1.450;   0;eor
     Erfurt;20150927;   3;   10.8;   9.4;   4.0;  993.44;   73.38;   2.1;   15.0;    7.5;    2.9;   6.2;   0.0;   0;    6.433;   0;eor
     Erfurt;20150928;   3;    9.5;   8.7;   1.8;  997.53;   74.92;   2.4;   15.3;    2.7;   -1.3;   9.0;   0.0;   0;    9.133;   0;eor
     Erfurt;20150929;   3;   10.0;   9.2;   2.9;  997.53;   76.08;   3.2;   14.5;    6.5;    3.9;  10.2;   0.0;   0;    5.783;   0;eor
     Erfurt;20150930;   3;    9.4;   8.2;   1.5;  996.09;   71.79;   3.0;   14.5;    4.7;    2.7;  11.5;   0.0;   0;    8.983;   0;eor
     Erfurt;20151001;   3;    8.8;   7.4;   0.9;  992.79;   67.54;   2.7;   14.2;    3.3;   -0.8;  10.1;   0.0;   0;   10.533;   0;eor
     Erfurt;20151002;   3;    8.9;   7.9;   0.6;  986.91;   71.29;   2.2;   16.0;    0.5;   -3.9;   8.1;   0.0;   0;   10.683;   0;eor
     Erfurt;20151003;   3;   11.3;   9.8;   2.0;  978.20;   74.00;   2.1;   20.5;    3.1;    0.8;   5.6;   0.0;   0;    8.017;   0;eor
     Erfurt;20151004;   3;   12.8;  11.3;   4.7;  978.56;   77.79;   3.1;   18.2;    6.3;    3.6;   6.5;   0.0;   6;    4.233;   0;eor
     Erfurt;20151005;   3;   13.6;  11.9;   5.7;  977.32;   77.08;   2.9;   18.5;   10.9;    7.6;   7.7;   1.6;   6;    7.783;   0;eor
     Erfurt;20151006;   3;   14.9;  14.4;   7.4;  970.08;   84.83;   3.5;   18.5;   11.2;   10.5;   7.4;   1.7;   6;    1.417;   0;eor
     Erfurt;20151007;   3;   14.9;  15.2;   7.3;  974.06;   89.75;   3.5;   17.8;   12.9;   12.5;   8.9;   0.2;   6;    0.017;   0;eor
     Erfurt;20151008;   3;   12.9;  13.4;   7.6;  980.76;   90.00;   3.6;   15.1;   11.3;   10.6;   7.7;   0.2;   6;    1.117;   0;eor
     Erfurt;20151009;   3;   11.3;  13.0;   7.7;  982.54;   96.46;   2.3;   14.6;    7.3;    7.3;   7.0;   0.1;   6;    0.017;   0;eor
     Erfurt;20151010;   3;    6.3;   7.5;   4.5;  982.33;   78.04;   3.5;    9.5;    2.4;    1.4;   8.1;   0.0;   0;    5.150;   0;eor
     Erfurt;20151011;   3;    2.9;   5.2;   0.3;  981.34;   69.92;   3.8;    8.1;   -0.8;   -6.0;   9.9;   0.0;   0;   10.117;   0;eor
     Erfurt;20151012;   3;    2.0;   5.3;   2.9;  981.42;   76.38;   2.2;    7.5;   -2.6;   -6.0;   7.8;   0.0;   0;    9.050;   0;eor
     Erfurt;20151013;   3;    1.4;   6.0;   7.1;  979.71;   89.38;   3.0;    2.9;   -1.1;   -3.2;   6.6;   4.9;   8;    0.000;   0;eor
     Erfurt;20151014;   3;    0.4;   6.2;   8.0;  979.47;   99.29;   1.8;    1.5;   -0.4;   -0.1;   5.5;   6.6;   8;    0.000;   4;eor
     Erfurt;20151015;   3;    3.5;   7.9;   8.0;  976.68;  100.00;   1.8;    5.4;    0.4;    0.4;   5.3;   9.3;   6;    0.000;   2;eor
     Erfurt;20151016;   3;    5.8;   9.1;   8.0;  978.39;   99.08;   1.9;    6.5;    5.0;    5.0;   4.3;   4.5;   6;    0.000;   0;eor
     Erfurt;20151017;   3;    6.3;   8.8;   7.9;  979.97;   92.46;   1.9;    7.8;    5.4;    5.2;   4.2;   0.2;   6;    0.000;   0;eor
     Erfurt;20151018;   3;    5.5;   8.5;   8.0;  980.56;   93.54;   1.6;    6.8;    2.8;   -0.5;   3.7;   0.0;   6;    0.000;   0;eor
     Erfurt;20151019;   3;    4.6;   8.3;   6.9;  982.02;   97.58;   2.7;    6.7;    1.0;   -0.8;   4.7;   1.1;   6;    0.000;   0;eor
     Erfurt;20151020;   3;    7.4;  10.1;   8.0;  982.66;   98.04;   2.4;    8.9;    6.0;    5.3;   6.3;   0.7;   6;    0.000;   0;eor
     Erfurt;20151021;   3;    6.9;   9.2;   6.8;  981.68;   92.17;   3.1;   10.1;    4.7;    1.8;   5.7;   0.0;   6;    0.583;   0;eor
     Erfurt;20151022;   3;    8.1;   9.7;   6.4;  977.73;   89.88;   5.2;   10.2;    4.6;    3.2;   9.8;   0.8;   6;    0.000;   0;eor
     Erfurt;20151023;   3;    8.7;   9.5;   5.8;  985.04;   84.58;   3.2;   12.6;    4.0;    0.4;   8.9;   0.0;   0;    3.250;   0;eor
     Erfurt;20151024;   3;    5.9;   8.7;   5.5;  981.46;   92.96;   2.5;    9.7;    1.6;   -0.6;   4.7;   0.3;   6;    4.783;   0;eor
     Erfurt;20151025;   3;    9.7;  11.1;   7.7;  985.20;   92.04;   2.2;   12.6;    7.3;    6.5;   6.6;   0.0;   6;    0.067;   0;eor
     Erfurt;20151026;   3;    9.1;  11.1;   6.7;  985.01;   95.83;   2.4;   11.9;    6.3;    3.5;   6.3;   0.0;   0;    1.900;   0;eor
     Erfurt;20151027;   3;    4.9;   8.7;   4.1;  980.37;   99.58;   1.8;    7.1;    1.0;   -0.4;   4.6;   0.0;   6;    2.733;   0;eor
     Erfurt;20151028;   3;    3.6;   8.0;   6.8;  975.63;  100.00;   1.4;    5.4;    0.7;   -0.1;   3.5;   0.0;   0;    0.300;   0;eor
     Erfurt;20151029;   3;    8.3;  10.9;   7.7;  980.50;   98.92;   2.8;   10.9;    2.7;    1.8;   7.0;   0.0;   6;    0.017;   0;eor
     Erfurt;20151030;   3;    9.7;  11.1;   7.5;  989.46;   92.63;   1.9;   11.8;    7.5;    7.3;   6.3;   0.0;   0;    0.000;   0;eor
     Erfurt;20151031;   3;    7.3;   9.7;   4.4;  991.12;   94.83;   1.7;   10.2;    3.6;    0.3;   3.7;   0.0;   0;    6.600;   0;eor
     Erfurt;20151101;   3;    7.6;   8.5;   1.0;  992.29;   82.25;   1.9;   12.7;    1.2;   -1.7;   4.3;   0.0;   0;    8.867;   0;eor
     Erfurt;20151102;   3;    5.4;   7.7;   1.0;  989.63;   85.13;   2.3;   12.4;   -1.8;   -3.6;   4.8;   0.0;   0;    8.767;   0;eor
     Erfurt;20151103;   3;    4.1;   6.6;   0.7;  983.68;   81.29;   2.3;   11.7;   -3.0;   -6.3;   4.8;   0.0;   0;    8.783;   0;eor
     Erfurt;20151104;   3;    8.4;   9.2;   4.9;  982.78;   82.04;   3.3;   16.8;    0.4;   -1.5;   6.6;   0.2;   6;    4.817;   0;eor
     Erfurt;20151105;   3;   11.6;  11.5;   4.5;  983.67;   83.29;   2.8;   17.1;    8.9;    4.5;   5.8;   0.1;   6;    4.617;   0;eor
     Erfurt;20151106;   3;   12.9;  12.0;   5.9;  983.74;   80.50;   4.5;   17.4;    9.7;    8.0;  11.4;   4.5;   6;    1.300;   0;eor
     Erfurt;20151107;   3;   15.5;  15.4;   6.2;  985.23;   87.33;   5.2;   18.6;   12.8;   12.3;  11.7;   0.0;   6;    2.733;   0;eor
     Erfurt;20151108;   3;   13.6;  12.5;   5.5;  988.17;   80.25;   3.7;   17.4;    9.9;    6.9;  14.3;   0.0;   6;    5.767;   0;eor
     Erfurt;20151109;   3;   14.7;  12.2;   7.0;  982.79;   72.71;   8.4;   16.9;   13.2;   12.6;  16.5;   0.0;   6;    2.200;   0;eor
     Erfurt;20151110;   3;   13.9;  12.2;   7.2;  983.53;   76.75;   8.3;   16.1;   13.1;   12.2;  17.3;   0.0;   6;    1.700;   0;eor
     Erfurt;20151111;   3;   12.1;  11.5;   5.7;  985.18;   81.13;   5.8;   15.0;    8.5;    6.0;  12.7;   0.0;   6;    3.583;   0;eor
     Erfurt;20151112;   3;   10.8;  10.2;   6.5;  987.18;   78.71;   4.8;   14.3;    9.1;    5.4;  12.2;   0.0;   0;    3.983;   0;eor
     Erfurt;20151113;   3;    9.7;  10.0;   6.4;  983.65;   83.38;   5.9;   12.4;    5.5;    3.1;  17.2;   2.7;   6;    0.800;   0;eor
     Erfurt;20151114;   3;    6.4;   7.8;   6.0;  984.62;   81.29;   7.8;    7.8;    4.2;    2.4;  16.3;   3.0;   6;    1.333;   0;eor
     Erfurt;20151115;   3;   10.3;  11.2;   8.0;  972.81;   89.04;  10.7;   12.2;    6.4;    5.5;  21.7;   0.7;   6;    0.000;   0;eor
     Erfurt;20151116;   3;    9.7;  10.2;   6.0;  976.26;   83.88;   6.9;   11.8;    8.0;    6.2;  13.7;   2.2;   6;    3.983;   0;eor
     Erfurt;20151117;   3;   11.6;  11.8;   7.4;  971.50;   86.67;   8.3;   14.3;    9.0;    8.5;  20.1;   0.5;   6;    1.500;   0;eor
     Erfurt;20151118;   3;   12.0;   9.5;   4.5;  972.76;   67.17;  13.0;   14.3;    9.9;    8.5;  29.7;   1.1;   6;    2.400;   0;eor
     Erfurt;20151119;   3;   10.1;  10.2;   7.2;  972.65;   83.04;   9.3;   12.9;    7.3;    6.6;  22.0;  10.2;   6;    1.300;   0;eor
     Erfurt;20151120;   3;    6.1;   8.3;   7.3;  966.04;   87.63;   4.4;    8.1;    1.9;   -0.1;   9.7;   0.6;   6;    0.000;   0;eor
     Erfurt;20151121;   3;    2.5;   6.4;   5.3;  958.65;   86.88;   4.3;    5.3;   -0.7;   -3.3;   9.3;   0.0;   8;    1.183;   0;eor
     Erfurt;20151122;   3;    0.2;   5.6;   5.3;  965.17;   89.63;   5.6;    2.7;   -1.9;   -3.6;  15.0;   2.0;   7;    1.650;   0;eor
     Erfurt;20151123;   3;   -0.6;   5.3;   6.4;  980.67;   90.75;   4.1;    1.1;   -2.6;   -6.3;   9.9;   0.0;   0;    0.400;   1;eor
     Erfurt;20151124;   3;    0.4;   5.2;   7.0;  980.21;   82.63;   6.1;    2.1;   -2.4;   -4.5;  13.9;   0.0;   7;    2.883;   0;eor
     Erfurt;20151125;   3;    1.8;   6.0;   7.6;  968.03;   86.04;   5.1;    3.4;    0.8;   -0.9;  11.5;   0.0;   8;    0.100;   0;eor
     Erfurt;20151126;   3;    2.4;   6.7;   5.3;  976.25;   92.08;   3.6;    5.9;   -0.8;   -3.1;   7.1;   0.1;   6;    1.800;   0;eor
     Erfurt;20151127;   3;   -1.1;   5.2;   1.8;  979.50;   92.33;   2.7;    4.7;   -5.6;   -7.5;   6.8;   0.0;   7;    6.700;   0;eor
     Erfurt;20151128;   3;    0.6;   5.7;   3.6;  973.14;   88.46;   6.5;    3.3;   -3.5;   -5.4;  13.8;   0.6;   8;    0.900;   0;eor
     Erfurt;20151129;   3;    5.7;   7.9;   7.5;  971.42;   85.38;  11.4;   10.2;    2.3;    1.2;  24.9;   5.1;   6;    0.000;   0;eor
     Erfurt;20151130;   3;    7.3;   8.7;   7.7;  974.69;   84.25;  10.1;    9.6;    5.6;    4.7;  22.5;   8.9;   6;    0.100;   0;eor
     Erfurt;20151201;   3;    7.3;   9.2;   7.4;  982.30;   89.54;   6.1;   10.4;    5.3;    4.2;  20.7;   1.6;   6;    1.000;   0;eor
     Erfurt;20151202;   3;    8.2;   8.9;   7.3;  988.93;   81.17;   4.4;   10.6;    3.9;    0.9;  13.7;   0.0;   0;    0.000;   0;eor
     Erfurt;20151203;   3;    4.0;   6.9;   3.6;  990.25;   85.25;   3.6;    7.2;    1.2;   -1.8;   6.8;   0.0;   0;    3.183;   0;eor
     Erfurt;20151204;   3;    5.0;   7.4;   5.1;  988.27;   85.21;   6.3;    7.0;    2.2;   -0.7;  16.8;   0.4;   6;    0.000;   0;eor
     Erfurt;20151205;   3;    4.6;   6.6;   4.7;  989.65;   77.75;   5.4;    7.8;    2.1;   -0.4;  12.8;   0.0;   0;    3.383;   0;eor
     Erfurt;20151206;   3;    7.1;   8.0;   3.2;  986.26;   78.67;   8.0;    8.9;    4.7;    2.9;  15.4;   0.0;   0;    4.283;   0;eor
     Erfurt;20151207;   3;    8.9;   9.7;   5.2;  993.14;   84.63;   4.1;   13.0;    4.8;    1.1;  11.8;   0.0;   0;    1.317;   0;eor
     Erfurt;20151208;   3;    5.3;   8.0;   1.5;  992.33;   90.21;   2.4;    9.7;    1.1;   -0.9;   8.8;   0.1;   6;    6.867;   0;eor
     Erfurt;20151209;   3;    4.5;   7.7;   4.5;  994.92;   91.17;   4.0;    7.3;    0.2;   -3.6;  10.1;   1.1;   6;    1.100;   0;eor
     Erfurt;20151210;   3;    1.7;   5.9;   4.4;  994.34;   85.58;   4.3;    6.2;   -0.8;   -3.7;   9.0;   0.0;   0;    6.500;   0;eor
     Erfurt;20151211;   3;    2.6;   6.5;   7.6;  984.78;   86.96;   6.5;    5.5;   -0.3;   -3.1;  13.8;   2.7;   6;    0.000;   0;eor
     Erfurt;20151212;   3;    5.0;   7.6;   7.0;  982.60;   86.92;   5.3;    7.5;    2.2;   -1.3;  14.0;   0.0;   6;    3.300;   0;eor
     Erfurt;20151213;   3;    5.8;   7.6;   6.3;  980.25;   81.04;   5.8;    9.0;    1.0;   -2.6;  15.9;   1.2;   6;    0.200;   0;eor
     Erfurt;20151214;   3;    2.6;   6.9;   6.9;  984.14;   93.63;   1.7;    5.8;    0.8;   -2.2;   7.2;   0.1;   6;    0.000;   0;eor
     Erfurt;20151215;   3;    4.6;   7.9;   6.7;  985.40;   92.58;   2.4;    8.1;    2.5;    0.0;   7.2;   0.0;   6;    1.700;   0;eor
     Erfurt;20151216;   3;    6.7;   9.1;   6.6;  986.99;   92.13;   3.9;    9.0;    4.3;    2.4;   8.1;   2.1;   6;    0.000;   0;eor
     Erfurt;20151217;   3;   10.4;  11.5;   6.4;  985.20;   91.33;   5.5;   12.2;    8.2;    7.7;  10.1;   1.1;   6;    0.017;   0;eor
     Erfurt;20151218;   3;   10.0;  11.0;   6.3;  984.16;   89.38;   4.6;   11.8;    5.5;    2.9;  10.4;   0.5;   6;    0.900;   0;eor
     Erfurt;20151219;   3;    8.3;   9.9;   4.4;  984.55;   90.04;   4.2;   12.3;    4.8;    1.7;  10.3;   0.0;   0;    3.350;   0;eor
     Erfurt;20151220;   3;    9.4;   9.4;   5.6;  981.75;   79.71;   4.5;   13.7;    6.4;    1.6;  11.0;   0.1;   6;    3.283;   0;eor
     Erfurt;20151221;   3;    9.0;   9.4;   6.5;  982.68;   81.71;   8.0;   10.7;    7.0;    5.7;  20.5;   1.7;   6;    0.767;   0;eor
     Erfurt;20151222;   3;   10.0;  10.0;   6.5;  984.41;   81.17;   9.2;   11.8;    8.7;    6.7;  18.3;   0.2;   6;    0.300;   0;eor
     Erfurt;20151223;   3;    8.2;   8.6;   3.3;  986.13;   79.25;   7.3;   11.1;    4.6;    2.6;  14.3;   0.0;   6;    2.100;   0;eor
     Erfurt;20151224;   3;    7.9;   9.0;   4.2;  985.95;   84.21;   5.6;   11.0;    3.5;    0.3;  14.5;   0.2;   6;    4.667;   0;eor
     Erfurt;20151225;   3;    9.6;   9.8;   7.7;  988.06;   81.42;   6.4;   11.7;    7.4;    6.4;  14.3;   0.5;   6;    0.000;   0;eor
     Erfurt;20151226;   3;   11.2;  10.2;   5.6;  987.44;   76.33;   8.1;   13.2;    7.4;    4.7;  15.1;   0.0;   0;    6.300;   0;eor
     Erfurt;20151227;   3;    8.9;   8.8;   6.6;  988.60;   77.83;   5.6;   11.0;    6.5;    2.3;  11.9;   0.0;   0;    1.483;   0;eor
     Erfurt;20151228;   3;    6.4;   8.4;   4.7;  991.42;   87.71;   2.6;   11.3;    2.2;   -0.7;   5.5;   0.0;   0;    5.283;   0;eor
     Erfurt;20151229;   3;    2.4;   7.3;   3.1;  989.89;   99.42;   1.6;    5.3;   -0.7;   -3.1;   3.9;   0.0;   0;    6.183;   0;eor
     Erfurt;20151230;   3;    1.8;   6.3;   4.4;  990.15;   89.21;   2.8;    5.3;   -2.0;   -5.9;   8.3;   0.0;   0;    2.717;   0;eor
     Erfurt;20151231;   3;    0.9;   5.4;   5.3;  984.33;   82.50;   4.5;    2.6;   -1.2;   -5.8;  12.2;   5.2;   8;    0.000;   0;eor
     Erfurt;20160101;   3;    1.2;   6.4;   6.1;  986.65;   96.13;   2.6;    3.6;   -1.8;   -4.1;   6.0;   0.1;   6;    3.067;   0;eor
     Erfurt;20160102;   3;   -1.2;   5.5;   7.8;  978.67;   98.46;   3.0;    0.0;   -3.3;   -3.2;   7.6;   1.3;   7;    0.133;   0;eor
     Erfurt;20160103;   3;   -2.0;   5.0;   8.0;  970.94;   96.04;   2.5;   -0.7;   -3.6;   -3.5;   6.5;   0.3;   8;    0.000;   3;eor
     Erfurt;20160104;   3;   -2.5;   4.9;   7.8;  955.69;   97.04;   2.1;   -1.8;   -3.7;   -3.5;   5.6;   2.2;   8;    0.000;   3;eor
     Erfurt;20160105;   3;   -3.1;   4.9;   8.0;  958.09;   99.96;   2.1;   -2.1;   -4.8;   -4.5;   3.7;   0.4;   6;    0.000;   5;eor
     Erfurt;20160106;   3;   -5.2;   4.1;   8.0;  962.87;   98.33;   1.5;   -4.6;   -5.8;   -5.4;   3.0;   0.8;   8;    0.000;   4;eor
     Erfurt;20160107;   3;   -2.6;   5.0;   7.8;  960.72;   96.75;   2.1;    4.2;   -5.6;   -5.2;  14.8;   0.3;   6;    0.000;   4;eor
     Erfurt;20160108;   3;    2.7;   5.7;   1.5;  964.69;   77.13;   7.3;    5.2;   -2.2;   -5.7;  15.5;   0.0;   0;    6.983;   2;eor
     Erfurt;20160109;   3;   -0.5;   5.5;   2.3;  965.74;   93.67;   2.5;    1.9;   -2.5;   -5.8;   5.7;   0.0;   0;    2.583;   0;eor
     Erfurt;20160110;   3;    4.1;   7.2;   5.8;  958.53;   87.79;   5.1;    7.1;    0.8;   -2.4;  14.9;   1.5;   6;    3.667;   0;eor
     Erfurt;20160111;   3;    3.7;   7.4;   7.4;  953.53;   92.25;   3.4;    5.1;    2.4;   -0.9;   9.5;   3.0;   6;    0.000;   0;eor
     Erfurt;20160112;   3;    3.7;   7.0;   5.8;  956.98;   87.33;   6.6;    5.0;    2.0;    0.2;  13.4;   1.4;   8;    0.900;   0;eor
     Erfurt;20160113;   3;    2.7;   6.5;   7.1;  968.58;   87.50;   6.6;    4.4;    0.5;   -0.5;  14.1;   1.6;   8;    0.167;   0;eor
     Erfurt;20160114;   3;    1.4;   5.3;   5.6;  970.88;   78.21;   4.6;    3.4;   -1.0;   -3.1;   9.8;   0.0;   7;    4.100;   0;eor
     Erfurt;20160115;   3;    0.5;   5.6;   7.8;  968.60;   88.71;   3.6;    2.1;   -0.8;   -1.0;   8.9;   1.6;   7;    0.150;   0;eor
     Erfurt;20160116;   3;   -0.8;   5.0;   7.3;  978.52;   86.21;   3.4;    0.3;   -2.2;   -3.1;  12.3;   3.0;   7;    0.233;   0;eor
     Erfurt;20160117;   3;   -3.2;   4.3;   7.1;  982.52;   88.83;   3.7;   -2.1;   -5.4;   -9.9;   9.6;   0.6;   7;    0.350;   3;eor
     Erfurt;20160118;   3;   -8.6;   2.9;   2.5;  982.42;   88.63;   2.0;   -4.7;  -13.1;  -18.0;   4.2;   0.0;   0;    7.367;   9;eor
     Erfurt;20160119;   3;  -10.9;   2.4;   3.5;  976.99;   88.29;   2.8;   -6.8;  -17.2;  -20.1;   8.2;   0.0;   7;    7.050;   8;eor
     Erfurt;20160120;   3;   -4.1;   4.0;   7.5;  977.33;   87.67;   5.8;   -2.2;   -7.3;   -9.3;  10.4;   0.2;   7;    0.083;   7;eor
     Erfurt;20160121;   3;   -6.2;   3.5;   1.9;  987.54;   89.79;   1.7;   -3.0;  -12.8;  -17.8;   5.1;   0.0;   0;    7.067;   8;eor
     Erfurt;20160122;   3;  -11.3;   2.2;   1.3;  989.75;   85.79;   2.2;   -3.8;  -14.9;  -19.4;   6.7;   2.4;   8;    7.500;   7;eor
     Erfurt;20160123;   3;    0.9;   6.0;   7.2;  990.13;   90.33;   5.6;    3.1;   -3.8;   -4.2;  12.1;   0.1;   6;    1.100;   8;eor
     Erfurt;20160124;   3;    2.8;   6.6;   7.3;  992.44;   88.58;   3.9;    4.9;    0.3;   -1.1;   8.4;   3.4;   6;    0.017;   4;eor
     Erfurt;20160125;   3;    6.2;   8.7;   6.3;  988.26;   91.63;   3.8;   10.0;    3.5;    0.4;  11.0;   0.0;   0;    1.483;   0;eor
     Erfurt;20160126;   3;    8.4;   8.9;   6.9;  984.57;   80.17;   6.9;   11.3;    5.9;    3.6;  15.4;   0.0;   6;    0.483;   0;eor
     Erfurt;20160127;   3;    9.6;   7.9;   7.1;  978.52;   66.33;   8.5;   11.5;    7.3;    5.8;  18.0;   0.0;   6;    1.350;   0;eor
     Erfurt;20160128;   3;    6.6;   7.0;   6.4;  982.78;   71.13;   6.2;   11.3;    1.2;   -2.4;  16.1;   1.0;   6;    4.617;   0;eor
     Erfurt;20160129;   3;    4.9;   6.1;   4.5;  985.34;   70.25;   8.2;    8.7;    0.8;   -3.9;  18.0;   0.0;   0;    5.783;   0;eor
     Erfurt;20160130;   3;    5.9;   7.4;   7.9;  973.63;   79.42;  10.3;    7.3;    0.4;    0.0;  19.4;   6.3;   8;    0.000;   0;eor
     Erfurt;20160131;   3;    2.9;   6.2;   5.7;  971.43;   82.21;   6.5;    7.6;    0.9;   -0.5;  13.1;   1.4;   6;    0.517;   0;eor
     Erfurt;20160201;   3;   10.0;  10.0;   7.4;  975.50;   81.96;   9.8;   11.9;    7.6;    6.9;  24.0;   0.1;   6;    0.000;   0;eor
     Erfurt;20160202;   3;    9.0;   9.1;   7.2;  974.71;   79.25;  11.2;   12.2;    3.2;    2.7;  24.2;   6.9;   8;    0.267;   0;eor
     Erfurt;20160203;   3;    3.0;   6.1;   5.2;  977.18;   80.83;   7.0;    5.8;    0.8;   -0.5;  18.0;   0.0;   8;    4.017;   0;eor
     Erfurt;20160204;   3;    1.6;   6.0;   7.3;  981.89;   87.04;   5.7;    3.1;    0.7;   -0.5;  12.1;   1.4;   8;    0.000;   0;eor
     Erfurt;20160205;   3;    3.1;   6.9;   7.4;  985.46;   89.33;   5.2;    6.5;    0.3;   -0.6;  11.6;   0.7;   6;    0.000;   0;eor
     Erfurt;20160206;   3;    7.0;   7.7;   4.9;  976.21;   77.58;   5.9;   10.7;    3.1;    1.3;  13.8;   0.0;   0;    4.967;   0;eor
     Erfurt;20160207;   3;    7.5;   6.9;   5.1;  966.48;   66.83;   6.5;   11.9;    4.4;    2.8;  16.4;   0.0;   6;    0.950;   0;eor
     Erfurt;20160208;   3;    6.2;   6.9;   5.7;  960.63;   71.96;  11.8;    9.1;    4.0;    2.3;  27.6;   2.3;   6;    1.917;   0;eor
     Erfurt;20160209;   3;    6.4;   7.1;   6.3;  954.31;   73.88;  10.9;    8.6;    3.1;    2.1;  26.5;   5.3;   6;    0.317;   0;eor
     Erfurt;20160210;   3;    2.7;   5.9;   5.9;  955.89;   79.58;   7.9;    4.9;    1.1;   -0.5;  15.7;   0.3;   6;    3.633;   0;eor
     Erfurt;20160211;   3;    2.6;   5.9;   5.3;  965.15;   79.83;   5.7;    5.9;    0.0;   -2.3;  14.1;   0.5;   8;    3.633;   0;eor
     Erfurt;20160212;   3;    1.9;   5.3;   4.5;  963.58;   76.67;   2.7;    5.3;   -1.1;   -5.3;   8.0;   0.0;   7;    3.700;   0;eor
     Erfurt;20160213;   3;    0.5;   5.3;   4.1;  954.81;   83.63;   2.2;    4.7;   -4.2;   -7.5;   7.4;   0.6;   8;    7.050;   0;eor
     Erfurt;20160214;   3;    4.1;   7.3;   7.5;  951.03;   89.29;   3.1;    6.2;    2.1;    1.1;   6.7;   0.9;   6;    0.100;   0;eor
     Erfurt;20160215;   3;    1.8;   6.4;   8.0;  973.10;   91.29;   3.2;    3.3;   -0.5;   -0.6;   8.6;   1.3;   8;    0.000;   0;eor
     Erfurt;20160216;   3;   -2.0;   4.3;   7.9;  994.82;   81.46;   3.1;   -0.5;   -2.8;   -2.8;   6.7;   0.0;   0;    0.000;   0;eor
     Erfurt;20160217;   3;   -1.8;   4.9;   7.3;  983.42;   92.25;   2.8;   -0.2;   -2.5;   -3.4;   7.5;   1.2;   7;    0.233;   0;eor
     Erfurt;20160218;   3;    1.3;   5.1;   6.7;  977.34;   76.75;   3.3;    4.7;   -1.6;   -4.4;  12.0;   0.0;   0;    3.383;   2;eor
     Erfurt;20160219;   3;   -0.4;   4.9;   6.3;  980.45;   83.25;   2.9;    3.2;   -4.4;   -6.9;   6.1;   0.0;   0;    1.067;   0;eor
     Erfurt;20160220;   3;    2.9;   6.4;   6.7;  974.84;   83.79;   8.1;    8.2;   -1.4;   -3.6;  17.4;   0.4;   6;    0.000;   0;eor
     Erfurt;20160221;   3;   10.2;  10.4;   7.4;  970.22;   83.38;  10.8;   12.0;    6.9;    6.7;  22.2;   1.5;   6;    0.000;   0;eor
     Erfurt;20160222;   3;    7.8;   8.5;   7.2;  967.61;   80.67;  11.0;   10.4;    0.3;    0.0;  25.6;   8.9;   8;    0.017;   0;eor
     Erfurt;20160223;   3;    1.4;   6.1;   6.6;  972.65;   90.63;   3.8;    4.4;    0.1;   -0.9;  12.0;   0.8;   8;    1.967;   1;eor
     Erfurt;20160224;   3;    0.9;   5.6;   4.7;  977.32;   86.25;   4.1;    4.1;   -2.3;   -6.4;  11.8;   0.0;   7;    2.750;   0;eor
     Erfurt;20160225;   3;   -1.3;   4.8;   3.9;  973.87;   87.42;   3.5;    2.4;   -4.7;   -6.7;   8.1;   0.2;   7;    3.783;   0;eor
     Erfurt;20160226;   3;    0.0;   4.6;   5.6;  974.60;   76.17;   2.4;    3.4;   -2.8;   -6.5;   7.4;   0.0;   0;    3.250;   0;eor
     Erfurt;20160227;   3;   -0.9;   4.5;   2.7;  972.15;   78.92;   2.9;    3.5;   -4.4;   -6.4;   8.3;   0.0;   0;    8.350;   0;eor
     Erfurt;20160228;   3;   -0.6;   5.0;   5.7;  977.65;   85.63;   2.8;    2.7;   -4.5;   -8.1;   8.6;   0.0;   0;    2.017;   0;eor
     Erfurt;20160229;   3;   -1.0;   5.0;   8.0;  980.76;   88.25;   5.6;    0.6;   -1.9;   -2.0;  12.1;   1.7;   7;    0.000;   0;eor
     Erfurt;20160301;   3;   -0.3;   4.8;   6.7;  978.33;   80.71;   3.9;    2.9;   -4.4;   -8.1;  13.4;   0.0;   8;    5.583;   3;eor
     Erfurt;20160302;   3;    3.2;   6.4;   7.5;  963.55;   82.67;   6.1;    6.8;    1.1;   -1.3;  15.4;   1.5;   6;    0.100;   0;eor
     Erfurt;20160303;   3;    2.6;   5.4;   6.9;  963.93;   73.38;   3.8;    4.8;    0.4;   -1.3;   9.7;   0.0;   0;    0.717;   0;eor
     Erfurt;20160304;   3;    3.2;   5.5;   6.3;  963.47;   73.04;   5.1;    6.6;   -1.6;   -5.0;  11.6;   0.0;   6;    6.217;   0;eor
     Erfurt;20160305;   3;    4.6;   6.8;   7.7;  957.80;   79.83;   3.0;    7.6;    2.5;    1.2;   8.0;   1.4;   6;    0.017;   0;eor
     Erfurt;20160306;   3;    2.5;   6.1;   7.3;  960.71;   83.88;   4.2;    5.1;    0.3;   -1.5;   9.5;   0.4;   8;    1.767;   0;eor
     Erfurt;20160307;   3;    1.5;   5.9;   6.2;  966.16;   87.17;   2.1;    3.9;   -1.2;   -4.8;   5.4;   0.2;   8;    1.117;   0;eor
     Erfurt;20160308;   3;    0.5;   5.2;   4.3;  975.40;   84.04;   2.9;    6.0;   -3.5;   -6.0;   7.8;   0.0;   0;    4.500;   0;eor
     Erfurt;20160309;   3;    1.7;   4.8;   0.5;  973.78;   71.46;   4.0;    7.8;   -2.5;   -4.6;  10.4;   0.0;   0;    9.900;   0;eor
     Erfurt;20160310;   3;    0.6;   6.0;   6.7;  979.95;   93.13;   1.8;    2.7;   -2.1;   -4.7;   4.8;   0.4;   6;    0.000;   0;eor
     Erfurt;20160311;   3;    2.7;   6.8;   7.9;  988.23;   91.42;   2.6;    4.1;    1.4;    1.2;   6.5;   0.0;   6;    0.000;   0;eor
     Erfurt;20160312;   3;    0.8;   6.0;   8.0;  991.55;   91.83;   3.0;    1.4;    0.2;   -0.1;   6.6;   0.2;   8;    0.000;   0;eor
     Erfurt;20160313;   3;    0.3;   5.6;   8.0;  995.25;   90.00;   3.9;    0.8;   -1.2;   -1.1;   8.6;   0.0;   8;    0.000;   0;eor
     Erfurt;20160314;   3;    1.2;   5.1;   6.7;  993.83;   77.33;   2.7;    5.1;   -1.3;   -3.3;   7.5;   0.0;   6;    5.417;   0;eor
     Erfurt;20160315;   3;    1.7;   6.2;   8.0;  987.27;   89.58;   3.6;    5.1;   -0.9;   -1.6;   9.9;   2.4;   8;    0.117;   0;eor
     Erfurt;20160316;   3;    2.9;   5.9;   6.4;  990.50;   78.75;   4.7;    6.3;    0.7;   -2.8;  11.6;   0.0;   0;    3.017;   0;eor
     Erfurt;20160317;   3;    3.9;   6.0;   0.2;  988.53;   74.71;   2.1;    9.7;   -1.4;   -4.1;   5.5;   0.0;   0;   11.067;   0;eor
     Erfurt;20160318;   3;    4.0;   6.3;   2.4;  981.21;   79.08;   4.1;   12.2;   -2.7;   -4.2;   8.4;   0.0;   6;   11.217;   0;eor
     Erfurt;20160319;   3;    3.8;   6.6;   8.0;  981.34;   82.58;   2.3;    5.5;    2.5;    2.3;   5.6;   0.0;   6;    0.000;   0;eor
     Erfurt;20160320;   3;    4.1;   6.4;   7.7;  978.91;   78.71;   4.6;    5.9;    2.5;    0.8;   9.1;   0.2;   6;    0.017;   0;eor
     Erfurt;20160321;   3;    4.9;   7.2;   7.5;  977.23;   83.00;   5.1;    7.6;    2.8;    2.0;  11.9;   0.4;   8;    0.550;   0;eor
     Erfurt;20160322;   3;    4.2;   7.1;   7.6;  973.74;   86.13;   4.2;    6.4;    2.5;    0.8;  10.4;   0.1;   6;    0.000;   0;eor
     Erfurt;20160323;   3;    4.5;   7.0;   7.3;  971.26;   83.88;   3.7;    7.7;    2.5;    1.4;  10.7;   0.1;   6;    0.050;   0;eor
     Erfurt;20160324;   3;    4.4;   5.8;   5.9;  975.10;   70.42;   3.7;    8.3;   -0.3;   -1.9;   8.6;   0.1;   6;    5.283;   0;eor
     Erfurt;20160325;   3;    5.2;   7.7;   8.0;  974.53;   86.71;   4.9;    6.9;    4.2;    3.5;  10.6;   2.8;   6;    0.000;   0;eor
     Erfurt;20160326;   3;    7.1;   7.9;   4.0;  979.41;   80.08;   3.8;   12.0;    2.4;    0.0;   8.0;   0.0;   0;    6.767;   0;eor
     Erfurt;20160327;   3;    7.8;   7.6;   6.3;  973.09;   72.29;   5.5;   12.5;    4.3;    1.8;  11.6;   0.0;   6;    4.600;   0;eor
     Erfurt;20160328;   3;    7.3;   7.4;   4.9;  967.38;   73.54;   7.2;   11.9;    3.4;    1.0;  18.9;   2.5;   6;    4.400;   0;eor
     Erfurt;20160329;   3;    6.7;   7.0;   4.4;  969.62;   73.04;   8.8;   11.3;    3.1;    1.8;  21.4;   2.0;   6;    6.100;   0;eor
     Erfurt;20160330;   3;    7.3;   8.5;   7.3;  972.48;   82.71;   5.9;    9.8;    3.8;    2.8;  12.2;   1.3;   6;    0.000;   0;eor
     Erfurt;20160331;   3;    5.0;   8.1;   8.0;  974.45;   92.67;   3.4;    6.8;    0.1;    0.0;   9.2;  26.6;   8;    0.000;   0;eor
     Erfurt;20160401;   3;    2.7;   6.4;   5.9;  981.71;   87.25;   2.0;    6.9;   -0.2;   -2.0;   5.7;   0.1;   8;    5.800;  13;eor
     Erfurt;20160402;   3;    8.7;   7.9;   4.6;  980.47;   71.13;   2.6;   15.3;    1.4;   -2.8;   6.6;   0.0;   0;    6.600;   0;eor
     Erfurt;20160403;   3;   13.0;  10.1;   5.8;  974.63;   67.08;   2.0;   18.8;    6.3;    2.4;   6.4;   0.0;   6;    7.900;   0;eor
     Erfurt;20160404;   3;   13.6;  11.1;   6.5;  970.51;   72.88;   2.9;   19.7;    8.5;    5.9;   7.7;   0.0;   6;    4.100;   0;eor
     Erfurt;20160405;   3;   12.3;  11.3;   7.2;  969.74;   79.25;   3.6;   17.3;    8.3;    4.6;  10.8;   0.4;   6;    4.000;   0;eor
     Erfurt;20160406;   3;   10.5;   8.0;   4.2;  972.13;   64.75;   6.5;   14.2;    6.2;    3.9;  14.6;   0.0;   6;    7.900;   0;eor
     Erfurt;20160407;   3;    7.3;   6.8;   5.4;  971.84;   66.58;   5.5;   11.4;    1.8;   -2.8;  14.8;   0.3;   6;    4.833;   0;eor
     Erfurt;20160408;   3;    6.6;   5.8;   2.7;  973.50;   61.04;   2.6;   12.2;   -0.3;   -3.2;   7.8;   0.0;   0;   12.067;   0;eor
     Erfurt;20160409;   3;    7.0;   6.4;   4.4;  971.85;   65.46;   2.4;   12.8;    0.0;   -4.0;   7.8;   0.0;   0;    9.317;   0;eor
     Erfurt;20160410;   3;    7.8;   7.1;   4.0;  975.53;   67.67;   3.0;   13.0;    3.2;   -0.9;  12.0;   0.0;   0;    8.550;   0;eor
     Erfurt;20160411;   3;    6.6;   8.2;   6.2;  976.73;   84.42;   2.5;   10.0;    2.2;   -1.8;   6.6;   0.0;   0;    0.000;   0;eor
     Erfurt;20160412;   3;    9.5;   9.2;   4.1;  972.90;   78.38;   2.5;   15.8;    0.2;   -0.9;   8.7;   0.0;   6;    6.650;   0;eor
     Erfurt;20160413;   3;    9.2;   9.9;   6.2;  969.99;   85.08;   2.4;   14.1;    4.6;    0.3;   6.3;   6.5;   6;    3.750;   0;eor
     Erfurt;20160414;   3;    9.6;   8.6;   5.5;  973.16;   73.38;   3.8;   14.3;    6.0;    4.9;   9.5;   0.0;   6;    5.700;   0;eor
     Erfurt;20160415;   3;    9.8;   9.2;   6.3;  967.83;   75.83;   6.2;   13.9;    5.8;    4.2;  16.3;   1.5;   6;    4.250;   0;eor
     Erfurt;20160416;   3;   10.3;   9.7;   6.7;  965.51;   77.63;   5.9;   13.4;    7.7;    7.1;  13.7;   7.7;   6;    2.850;   0;eor
     Erfurt;20160417;   3;    6.2;   8.0;   7.0;  972.13;   83.50;   2.7;    9.6;    1.0;   -2.0;   5.7;   0.4;   6;    1.217;   0;eor
     Erfurt;20160418;   3;    6.2;   6.2;   2.3;  981.63;   67.63;   2.8;   12.1;   -0.8;   -4.0;   9.6;   0.0;   0;   10.650;   0;eor
     Erfurt;20160419;   3;    7.4;   6.8;   5.8;  985.49;   66.58;   4.7;   10.9;    2.7;   -1.3;  11.2;   0.0;   6;    0.633;   0;eor
     Erfurt;20160420;   3;    6.5;   6.2;   1.8;  990.53;   65.71;   2.8;   11.7;    0.6;   -3.3;   7.2;   0.0;   0;   10.750;   0;eor
     Erfurt;20160421;   3;    9.1;   6.8;   0.6;  985.71;   60.92;   1.7;   15.3;    1.5;   -3.1;   5.0;   0.0;   0;   13.400;   0;eor
     Erfurt;20160422;   3;    8.3;   6.9;   5.7;  979.48;   63.71;   1.8;   12.2;    4.4;    0.5;   4.8;   0.0;   0;    9.450;   0;eor
     Erfurt;20160423;   3;    4.1;   6.3;   6.4;  973.03;   77.33;   2.8;    5.9;   -1.0;   -3.4;   9.3;   2.2;   6;    0.400;   0;eor
     Erfurt;20160424;   3;    2.1;   5.5;   4.0;  972.72;   78.25;   4.7;    6.4;   -2.1;   -4.4;  12.3;   0.6;   8;    7.367;   0;eor
     Erfurt;20160425;   3;    3.1;   5.5;   5.9;  969.30;   73.71;   5.9;    7.7;   -1.6;   -2.8;  13.2;   0.7;   8;    4.267;   0;eor
     Erfurt;20160426;   3;    3.2;   5.8;   5.5;  961.90;   77.17;   6.7;    7.4;    0.3;   -0.9;  18.3;   0.6;   8;    5.533;   0;eor
     Erfurt;20160427;   3;    3.4;   6.0;   6.9;  966.79;   76.67;   8.3;    6.2;    1.9;    0.6;  17.6;   0.4;   8;    1.183;   0;eor
     Erfurt;20160428;   3;    4.5;   5.9;   4.3;  975.70;   70.88;   4.9;    8.6;    0.4;   -3.0;  13.6;   0.2;   8;    8.050;   0;eor
     Erfurt;20160429;   3;    7.2;   5.6;   4.2;  979.19;   57.17;   4.6;   13.1;    0.4;   -1.8;  12.7;   0.0;   0;    7.767;   0;eor
     Erfurt;20160430;   3;    9.5;   7.6;   6.5;  978.86;   64.50;   2.9;   15.6;    4.1;    0.2;   9.7;   0.0;   6;    6.383;   0;eor
     Erfurt;20160501;   3;    9.8;   8.1;   5.0;  983.58;   68.71;   4.0;   15.4;    4.1;    1.6;  11.0;   0.0;   0;    8.367;   0;eor
     Erfurt;20160502;   3;   11.1;   8.2;   0.8;  984.68;   64.13;   2.5;   16.4;    3.3;   -0.2;   7.2;   0.0;   0;   13.750;   0;eor
     Erfurt;20160503;   1;    8.6;   8.7;   6.3;  981.84;   77.96;   4.2;   14.5;    2.8;   -0.2;  15.1;   0.0;   6;    5.033;   0;eor
     Erfurt;20160504;   1;    7.6;   6.5;   2.7;  989.55;   64.21;   2.7;   12.7;    0.4;   -2.7;   8.7;   0.0;   0;   11.517;   0;eor
     Erfurt;20160505;   1;   11.3;   8.6;   2.7;  987.39;   64.17;   2.8;   17.1;    5.1;    1.4;   8.9;   0.0;   0;   12.067;   0;eor
     Erfurt;20160506;   1;   16.0;   9.3;   1.8;  980.00;   55.08;   3.3;   22.5;    8.5;    2.4;   9.4;   0.0;   0;   14.233;   0;eor
     Erfurt;20160507;   1;   17.0;   8.4;   0.0;  977.09;   45.79;   4.1;   22.6;   10.5;    5.4;  11.8;   0.0;   0;   14.350;   0;eor
     Erfurt;20160508;   1;   16.0;   9.1;   0.5;  978.44;   50.88;   4.1;   21.1;   10.2;    4.7;  13.1;   0.0;   0;   14.000;   0;eor
     Erfurt;20160509;   1;   16.1;  10.9;   1.6;  978.75;   60.67;   3.9;   21.7;    9.6;    7.2;  11.6;   0.0;   0;   13.700;   0;eor
     Erfurt;20160510;   1;   16.9;  11.2;   4.5;  974.59;   59.67;   3.6;   22.7;    9.9;    5.8;  11.5;   0.0;   0;   12.600;   0;eor
     Erfurt;20160511;   1;   16.5;  11.2;   5.3;  970.07;   60.88;   3.5;   21.5;   11.2;    6.3;  12.2;   0.0;   0;   13.083;   0;eor
     Erfurt;20160512;   1;   16.2;  11.2;   5.6;  963.96;   62.13;   4.3;   21.8;   10.1;    7.8;  12.9;   0.0;   6;   11.033;   0;eor
     Erfurt;20160513;   1;   14.4;  11.2;   5.1;  963.56;   68.79;   3.6;   20.0;    9.6;    7.5;  11.3;   0.5;   6;    9.300;   0;eor
     Erfurt;20160514;   1;    7.9;   7.1;   5.9;  970.84;   67.21;   5.1;   10.9;    3.5;    2.1;  12.8;   0.0;   6;    2.767;   0;eor
     Erfurt;20160515;   1;    6.2;   7.0;   6.1;  977.69;   74.63;   6.0;   10.7;    2.1;    0.4;  14.3;   0.8;   8;    4.083;   0;eor
     Erfurt;20160516;   1;    7.1;   6.7;   6.5;  979.70;   67.38;   4.1;   11.0;    4.1;    3.5;  11.9;   0.0;   6;    3.100;   0;eor
     Erfurt;20160517;   1;    9.0;   7.6;   6.8;  978.68;   67.00;   5.1;   12.5;    3.4;    0.9;  11.1;   0.0;   6;    0.167;   0;eor
     Erfurt;20160518;   1;   12.7;   8.2;   6.5;  974.13;   56.33;   3.8;   16.8;    8.1;    6.2;   8.7;   0.2;   6;    0.300;   0;eor
     Erfurt;20160519;   1;   13.3;  10.2;   6.9;  973.42;   66.50;   2.9;   16.2;    9.8;    5.3;   6.5;   0.0;   6;    0.917;   0;eor
     Erfurt;20160520;   1;   14.0;  10.1;   5.4;  980.34;   65.54;   4.2;   19.1;    7.1;    3.6;  10.8;   0.0;   6;    7.083;   0;eor
     Erfurt;20160521;   1;   16.9;  11.3;   6.3;  979.70;   60.46;   3.4;   22.0;   11.1;    9.2;   9.0;   0.0;   0;   10.317;   0;eor
     Erfurt;20160522;   1;   21.0;  11.3;   5.8;  972.80;   48.08;   4.5;   28.2;   14.1;   12.1;  10.9;   0.2;   6;   11.933;   0;eor
     Erfurt;20160523;   1;   14.1;  13.2;   7.2;  972.41;   82.29;   3.7;   17.1;   11.8;    9.2;   9.0;  14.1;   6;    1.717;   0;eor
     Erfurt;20160524;   1;   10.7;  12.1;   8.0;  974.48;   93.75;   4.7;   12.0;    9.7;    9.6;  10.8;   1.0;   6;    0.000;   0;eor
     Erfurt;20160525;   1;   11.7;  12.0;   7.9;  977.39;   86.83;   1.8;   13.9;    9.5;    9.4;   4.3;   0.0;   0;    0.000;   0;eor
     Erfurt;20160526;   1;   15.0;  11.9;   6.0;  978.90;   71.29;   1.4;   18.9;   10.5;    7.7;   9.8;   0.0;   0;    6.400;   0;eor
     Erfurt;20160527;   1;   13.2;  13.4;   7.1;  978.82;   88.13;   1.9;   16.0;    9.7;    5.4;   6.6;   2.2;   6;    0.650;   0;eor
     Erfurt;20160528;   1;   16.8;  15.5;   6.0;  975.98;   82.25;   2.3;   22.3;   11.5;   10.2;   7.1;  26.3;   6;    8.267;   0;eor
     Erfurt;20160529;   1;   17.1;  18.2;   7.5;  969.52;   93.04;   2.6;   20.7;   14.1;   14.1;   7.4;  11.9;   6;    0.833;   0;eor
     Erfurt;20160530;   1;   17.2;  16.5;   5.9;  967.15;   84.50;   3.7;   20.4;   13.6;   12.0;  13.0;   0.6;   6;    5.517;   0;eor
     Erfurt;20160531;   1;   17.2;  14.7;   4.8;  973.03;   76.29;   2.6;   22.0;   11.4;    7.8;   6.1;   0.2;   6;   10.050;   0;eor
     Erfurt;20160601;   1;   16.0;  16.9;   6.5;  973.70;   92.67;   2.5;   19.8;   13.1;   10.0;   6.3;  13.0;   6;    0.083;   0;eor
