STATIONS_ID; MESS_DATUM; QUALITAETS_NIVEAU; LUFTTEMPERATUR;DAMPFDRUCK;BEDECKUNGSGRAD;LUFTDRUCK_STATIONSHOEHE;REL_FEUCHTE; WINDGESCHWINDIGKEIT; LUFTTEMPERATUR_MAXIMUM;LUFTTEMPERATUR_MINIMUM;LUFTTEMP_AM_ERDB_MINIMUM; WINDSPITZE_MAXIMUM; NIEDERSCHLAGSHOEHE;NIEDERSCHLAGSHOEHE_IND;SONNENSCHEINDAUER; SCHNEEHOEHE;eor
Hof;20141209;   3;   -2.6;   5.0;   7.8;  957.98;   99.63;   1.6;   -1.4;   -3.7;   -4.9;   7.6;   0.0;   4;    0.000;   0;eor
Hof;20141210;   3;   -1.6;   5.3;   8.0;  953.35;   96.96;   4.8;    0.4;   -3.2;   -3.0;  12.8;   0.9;   4;    0.000;   0;eor
Hof;20141211;   3;    1.6;   6.5;   7.7;  945.03;   95.21;   4.9;    3.0;    0.2;   -0.1;  14.7;  13.1;   8;    0.000;   0;eor
Hof;20141212;   3;    4.5;   7.1;   7.7;  940.06;   84.25;   6.2;    7.7;    2.5;    1.3;  15.5;   1.1;   6;    0.000;   0;eor
Hof;20141213;   3;    5.9;   8.2;   7.9;  943.12;   88.83;   3.9;    7.8;    3.9;    3.6;  15.1;   6.1;   6;    0.000;   0;eor
Hof;20141214;   3;    5.3;   8.5;   7.5;  948.12;   95.54;   2.7;    6.1;    4.5;    4.0;   7.7;   2.3;   6;    0.050;   0;eor
Hof;20141215;   3;    5.3;   7.9;   6.7;  947.92;   88.67;   4.2;    6.9;    3.0;    2.3;  13.4;   1.5;   6;    2.783;   0;eor
Hof;20141216;   3;    3.0;   7.2;   6.8;  945.38;   94.33;   2.6;    4.2;    0.4;   -1.8;   7.9;   1.1;   6;    0.000;   0;eor
Hof;20141217;   3;    0.7;   6.1;   6.5;  943.08;   94.25;   4.2;    2.6;   -0.6;   -2.2;  12.6;   1.1;   8;    0.000;   0;eor
Hof;20141218;   3;    6.5;   9.6;   7.9;  946.12;   98.33;   4.8;   10.0;    2.6;    2.4;  15.4;   1.5;   6;    0.000;   0;eor
Hof;20141219;   3;    7.3;   9.5;   7.8;  947.11;   92.83;   6.9;    9.4;    3.2;    2.4;  16.9;   5.5;   4;    0.000;   0;eor
Hof;20141220;   3;    1.9;   6.1;   5.9;  951.23;   86.46;   6.0;    3.2;    0.5;   -0.7;  18.6;   1.0;   4;    0.433;   0;eor
Hof;20141221;   3;    1.8;   6.2;   6.5;  958.41;   88.29;   5.4;    3.1;    0.4;   -0.8;  14.9;   0.3;   4;    0.900;   0;eor
Hof;20141222;   3;    3.7;   7.5;   7.8;  952.57;   94.46;   7.5;    5.2;    2.8;    2.3;  20.3;   0.5;   4;    0.000;   0;eor
Hof;20141223;   3;    5.9;   8.4;   7.5;  952.03;   90.33;   6.3;    6.4;    5.1;    4.8;  17.4;   0.0;   4;    0.000;   0;eor
Hof;20141224;   3;    3.8;   7.3;   7.7;  949.75;   90.33;   6.5;    5.5;    1.6;    1.5;  18.9;   2.8;   4;    0.000;   0;eor
Hof;20141225;   3;    1.5;   6.0;   6.3;  952.75;   88.13;   4.9;    5.6;   -0.1;   -1.5;  13.5;   0.6;   4;    0.417;   0;eor
Hof;20141226;   3;   -1.8;   4.6;   4.8;  956.90;   85.00;   2.8;    0.3;   -6.5;  -11.8;   9.7;   0.7;   4;    0.467;   0;eor
Hof;20141227;   3;   -5.4;   3.4;   7.3;  940.55;   82.63;   4.1;   -3.7;   -7.5;  -10.0;  11.6;   0.3;   4;    0.000;   0;eor
Hof;20141228;   3;   -8.6;   2.8;   7.0;  950.05;   87.88;   4.0;   -5.7;  -10.6;  -12.1;  11.7;   0.7;   4;    1.350;   1;eor
Hof;20141229;   3;   -5.9;   3.5;   7.6;  958.73;   87.29;   3.9;   -2.6;   -8.2;  -13.4;  12.7;   4.0;   4;    0.000;   2;eor
Hof;20141230;   3;   -4.3;   4.3;   7.9;  962.35;   94.08;   2.6;   -0.2;   -7.7;   -8.3;   7.1;   4.1;   4;    0.000;  12;eor
Hof;20141231;   3;   -0.7;   5.6;   7.7;  963.77;   95.29;   2.8;    0.2;   -1.6;   -1.8;   7.4;   0.4;   4;    0.150;  13;eor
Hof;20150101;   3;    0.2;   6.2;   7.8;  965.60;   98.96;   2.9;    1.5;   -0.8;   -0.7;  11.5;   0.0;   4;    1.067;  10;eor
Hof;20150102;   3;   -0.1;   5.8;   7.4;  958.90;   95.17;   6.4;    1.2;   -1.5;   -1.6;  20.2;   0.0;   4;    0.000;   5;eor
Hof;20150103;   3;   -0.2;   5.6;   7.5;  954.96;   92.88;   4.0;    1.1;   -0.8;   -1.3;  11.9;   2.1;   4;    0.000;   4;eor
Hof;20150104;   3;   -0.1;   5.4;   7.3;  957.85;   87.96;   4.4;    0.8;   -0.9;   -4.3;  12.3;   1.3;   4;    0.017;   8;eor
Hof;20150105;   3;   -1.0;   5.1;   7.1;  961.55;   89.50;   3.6;    0.0;   -2.6;   -5.9;  10.5;   0.0;   4;    4.017;   9;eor
Hof;20150106;   3;   -2.3;   4.6;   6.6;  957.11;   88.58;   2.3;   -0.8;   -4.8;  -11.0;   7.1;   0.0;   4;    5.083;   7;eor
Hof;20150107;   3;   -1.3;   5.2;   7.7;  958.88;   92.50;   3.4;   -0.2;   -3.3;   -5.9;  10.5;   0.3;   8;    0.000;   8;eor
Hof;20150108;   3;    1.7;   6.6;   7.8;  955.96;   94.96;   6.1;    5.4;   -1.0;   -1.2;  18.8;  13.3;   8;    0.000;   8;eor
Hof;20150109;   3;    4.2;   7.4;   7.7;  951.91;   89.04;   7.9;    6.5;    2.0;    0.8;  22.0;   5.1;   6;    0.000;   0;eor
Hof;20150110;   3;    8.5;  10.0;   7.4;  943.29;   88.29;   8.0;   11.5;    1.7;    0.4;  21.8;   5.9;   6;    0.683;   0;eor
Hof;20150111;   3;    0.3;   5.2;   7.2;  947.40;   82.54;   6.2;    2.1;   -0.7;   -1.5;  16.7;   1.5;   8;    0.683;   0;eor
Hof;20150112;   3;    2.2;   6.2;   7.8;  951.54;   87.46;   6.6;    4.7;    0.3;    0.0;  17.3;   0.1;   6;    0.000;   1;eor
Hof;20150113;   3;    6.7;   5.6;   4.3;  945.99;   57.63;   5.8;    9.6;    3.1;    1.5;  15.6;   2.1;   6;    7.000;   0;eor
Hof;20150114;   3;    3.3;   6.6;   6.1;  944.93;   84.25;   6.1;    7.6;   -0.7;   -2.1;  18.8;   2.1;   8;    0.733;   0;eor
Hof;20150115;   3;    1.5;   6.0;   6.5;  943.58;   87.29;   4.2;    3.6;   -1.0;   -2.5;  11.2;   0.4;   8;    0.167;   0;eor
Hof;20150116;   3;    3.7;   6.2;   7.6;  940.80;   78.96;   2.7;    6.7;    0.7;    0.4;  10.2;   2.0;   6;    0.633;   0;eor
Hof;20150117;   3;    1.1;   6.4;   7.9;  945.59;   96.08;   1.7;    2.7;    0.0;   -1.2;   7.5;   1.5;   8;    0.000;   0;eor
Hof;20150118;   3;   -1.1;   5.1;   4.6;  948.99;   91.17;   2.4;    0.6;   -2.9;   -5.4;   7.4;   0.0;   0;    1.983;   0;eor
Hof;20150119;   3;   -0.4;   5.3;   7.5;  944.68;   89.54;   2.0;    1.0;   -1.9;   -2.7;   7.5;   0.1;   8;    0.000;   0;eor
Hof;20150120;   3;   -0.9;   5.4;   7.8;  942.95;   94.00;   2.0;    0.1;   -2.0;   -2.7;   5.2;   1.4;   7;    0.000;   0;eor
Hof;20150121;   3;   -1.7;   4.8;   7.3;  945.27;   88.46;   2.6;    0.1;   -3.0;   -4.4;   9.1;   0.0;   0;    2.717;   1;eor
Hof;20150122;   3;   -1.9;   5.2;   8.0;  946.33;   98.00;   3.3;   -0.4;   -2.8;   -2.6;   9.8;   0.1;   8;    0.000;   1;eor
Hof;20150123;   3;   -3.0;   4.9;   8.0;  953.27;   99.46;   3.9;   -2.5;   -3.6;   -3.3;   7.8;   0.2;   7;    0.000;   1;eor
Hof;20150124;   3;   -2.9;   4.7;   7.8;  952.04;   95.04;   2.9;   -2.2;   -3.6;   -3.4;   8.7;   0.7;   8;    0.000;   2;eor
Hof;20150125;   3;   -0.9;   5.4;   7.6;  956.83;   94.63;   3.0;    0.3;   -2.6;   -2.5;  10.1;   4.3;   7;    0.017;   3;eor
Hof;20150126;   3;   -0.8;   5.6;   7.8;  952.99;   97.46;   3.6;   -0.4;   -1.4;   -1.5;  11.0;   1.8;   8;    0.000;  11;eor
Hof;20150127;   3;   -0.4;   5.4;   7.5;  949.31;   90.54;   3.4;    0.6;   -1.4;   -2.9;  10.1;   0.4;   8;    0.133;  14;eor
Hof;20150128;   3;   -0.3;   5.7;   7.9;  943.09;   96.29;   4.5;    0.5;   -1.1;   -1.9;  15.7;   2.8;   8;    0.000;  13;eor
Hof;20150129;   3;   -1.0;   5.2;   7.1;  924.04;   91.67;   4.6;    0.3;   -2.5;   -4.7;  12.7;   5.2;   7;    0.617;  14;eor
Hof;20150130;   3;   -1.7;   5.0;   6.8;  910.17;   92.25;   4.4;   -0.3;   -6.1;  -12.3;  15.2;   1.0;   8;    0.283;  23;eor
Hof;20150131;   3;   -2.7;   4.6;   7.0;  916.55;   92.13;   3.1;   -0.9;   -6.4;  -11.4;  10.8;   0.8;   8;    0.000;  25;eor
Hof;20150201;   3;   -2.2;   4.8;   7.0;  923.88;   92.21;   2.5;   -0.9;   -4.4;   -9.9;   7.9;   1.4;   8;    0.000;  26;eor
Hof;20150202;   3;   -1.9;   4.7;   7.1;  930.65;   89.83;   3.1;   -0.4;   -3.8;   -7.7;   8.3;   2.1;   8;    3.817;  24;eor
Hof;20150203;   3;   -2.9;   4.3;   6.0;  935.27;   88.04;   3.4;   -1.0;   -7.9;  -15.0;   9.9;   0.4;   7;    4.017;  26;eor
Hof;20150204;   3;   -4.8;   3.8;   6.8;  943.20;   89.79;   1.6;   -2.6;   -8.7;  -13.9;   5.8;   0.2;   7;    1.617;  25;eor
Hof;20150205;   3;   -5.7;   3.5;   6.3;  950.77;   87.00;   3.4;   -3.5;   -9.1;  -15.8;   9.4;   0.0;   7;    2.267;  23;eor
Hof;20150206;   3;   -5.5;   3.4;   5.4;  955.80;   84.04;   5.3;   -2.9;   -6.9;   -7.7;  12.3;   0.0;   0;    7.333;  22;eor
Hof;20150207;   3;   -4.5;   3.6;   5.8;  957.57;   81.33;   2.6;    0.4;   -8.1;   -8.8;  10.5;   1.9;   8;    6.800;  20;eor
Hof;20150208;   3;   -2.7;   3.8;   5.3;  953.48;   74.42;   5.8;    0.6;   -7.2;  -10.0;  14.8;   1.1;   7;    4.333;  18;eor
Hof;20150209;   3;   -0.7;   5.5;   7.9;  955.62;   92.08;   4.6;    2.1;   -5.8;   -6.3;  13.0;   1.5;   8;    0.033;  18;eor
Hof;20150210;   3;    1.1;   6.2;   7.8;  959.86;   94.54;   2.6;    1.9;    0.3;   -0.1;   5.6;   0.0;   6;    0.000;  16;eor
Hof;20150211;   3;   -0.6;   5.5;   7.1;  958.73;   94.58;   2.2;    1.2;   -2.9;   -3.0;   7.5;   0.0;   0;    1.517;  12;eor
Hof;20150212;   3;   -3.1;   4.7;   7.0;  955.50;   95.67;   3.3;   -1.1;   -5.2;   -4.9;   7.2;   0.0;   0;    2.317;  10;eor
Hof;20150213;   3;   -3.3;   4.5;   5.0;  951.83;   93.38;   3.3;   -0.3;   -5.5;   -5.2;   8.4;   0.0;   0;    5.800;  10;eor
Hof;20150214;   3;   -3.2;   4.5;   5.8;  945.87;   93.79;   3.4;   -0.1;   -4.8;   -5.1;   8.5;   0.0;   0;    5.467;  10;eor
Hof;20150215;   3;   -0.7;   5.1;   8.0;  947.03;   88.25;   3.8;    1.8;   -4.0;   -4.5;   9.3;   0.0;   0;    0.000;  10;eor
Hof;20150216;   3;    1.2;   5.6;   2.6;  952.36;   84.33;   2.9;    4.1;   -1.3;   -5.6;   7.8;   0.0;   0;    6.067;   7;eor
Hof;20150217;   3;   -0.1;   5.3;   2.3;  961.73;   87.63;   2.6;    5.6;   -3.1;   -5.0;   6.1;   0.0;   0;    9.183;   6;eor
Hof;20150218;   3;   -0.4;   5.1;   7.9;  969.70;   86.75;   1.5;    0.9;   -2.7;   -4.3;   6.6;   0.0;   0;    0.000;   6;eor
Hof;20150219;   3;   -3.3;   4.6;   8.0;  961.52;   96.38;   3.7;   -2.4;   -4.3;   -4.2;  10.9;   0.0;   4;    0.000;   5;eor
Hof;20150220;   3;    1.0;   5.2;   4.0;  948.65;   80.46;   4.4;    6.3;   -3.2;   -3.2;  11.7;   0.0;   0;    5.833;   5;eor
Hof;20150221;   3;    2.2;   5.5;   5.0;  934.45;   76.42;   3.4;    6.3;   -1.3;   -5.4;  12.1;   0.1;   4;    2.433;   2;eor
Hof;20150222;   3;    0.3;   5.3;   5.4;  941.20;   85.00;   1.5;    3.1;   -2.6;   -5.0;   6.4;   0.0;   0;    2.317;   0;eor
Hof;20150223;   3;   -0.2;   5.5;   6.5;  934.80;   90.75;   4.0;    2.3;   -3.1;   -5.4;  10.8;   0.5;   4;    0.283;   0;eor
Hof;20150224;   3;    1.7;   5.9;   7.5;  940.74;   85.08;   3.0;    3.3;    0.2;   -2.6;   8.9;   0.0;   0;    1.800;   0;eor
Hof;20150225;   3;    0.2;   5.4;   5.1;  950.73;   87.88;   1.9;    3.3;   -4.0;   -7.3;   6.6;   0.0;   0;    0.517;   0;eor
Hof;20150226;   3;   -0.4;   4.5;   0.0;  952.14;   77.46;   2.0;    5.7;   -5.7;   -8.1;   5.6;   0.0;   0;    9.917;   0;eor
Hof;20150227;   3;    0.9;   4.7;   2.5;  945.65;   73.83;   2.0;    7.4;   -4.3;   -7.5;   6.1;   0.1;   4;    9.067;   0;eor
Hof;20150228;   3;    0.8;   5.3;   7.0;  951.15;   81.88;   2.4;    3.8;   -0.9;   -2.5;   7.8;   0.0;   4;    1.950;   0;eor
Hof;20150301;   3;    1.9;   6.4;   7.5;  941.20;   90.54;   3.9;    5.0;   -1.2;   -2.7;  11.7;   3.0;   4;    0.000;   0;eor
Hof;20150302;   3;    2.9;   6.2;   7.0;  938.18;   82.46;   4.8;    5.1;   -0.7;   -2.1;  14.0;   2.3;   4;    3.317;   0;eor
Hof;20150303;   3;    1.7;   5.2;   5.7;  950.47;   76.08;   5.4;    5.1;   -1.5;   -3.0;  12.5;   1.5;   4;    6.433;   2;eor
Hof;20150304;   3;    0.9;   5.3;   5.4;  955.08;   81.83;   3.8;    2.8;   -1.0;   -2.7;  11.0;   0.6;   4;    3.117;   0;eor
Hof;20150305;   3;    1.0;   5.3;   7.3;  963.72;   80.88;   4.1;    4.0;   -0.6;   -1.3;  11.4;   0.0;   4;    2.833;   0;eor
Hof;20150306;   3;    1.6;   5.8;   7.1;  966.94;   84.13;   2.2;    3.6;   -1.1;   -3.7;   6.7;   0.0;   0;    0.000;   0;eor
Hof;20150307;   3;    3.3;   5.5;   5.8;  964.78;   71.88;   2.7;    8.4;   -2.4;   -5.2;   8.6;   0.0;   0;    9.833;   0;eor
Hof;20150308;   3;    5.6;   5.8;   7.4;  959.56;   66.00;   2.2;   12.7;   -0.2;   -2.4;   5.9;   0.0;   0;   10.333;   0;eor
Hof;20150309;   3;    4.8;   6.9;   3.3;  958.53;   79.79;   1.7;   10.9;   -0.4;   -4.6;   6.6;   0.0;   0;   10.117;   0;eor
Hof;20150310;   3;    5.3;   7.2;   5.2;  958.05;   81.25;   2.5;   12.1;   -1.2;   -5.6;   9.4;   1.8;   4;    6.417;   0;eor
Hof;20150311;   3;    2.2;   5.8;   6.3;  959.60;   80.92;   3.6;    5.3;   -0.5;   -1.9;  10.3;   0.9;   4;    4.017;   0;eor
Hof;20150312;   3;    1.5;   6.0;   7.7;  961.28;   87.75;   2.8;    2.8;    0.0;   -0.3;   6.4;   0.0;   4;    0.250;   0;eor
Hof;20150313;   3;   -0.4;   5.7;   7.8;  956.88;   95.38;   2.9;    0.5;   -1.0;   -1.4;   8.0;   0.0;   4;    0.000;   0;eor
Hof;20150314;   3;    0.2;   6.1;   7.8;  956.60;   97.67;   3.0;    1.5;   -1.1;   -0.8;   7.3;   2.2;   4;    0.000;   0;eor
Hof;20150315;   3;    1.4;   6.3;   6.7;  957.79;   93.04;   3.6;    3.5;   -0.7;   -0.5;  11.3;   0.2;   8;    0.000;   1;eor
Hof;20150316;   3;    6.0;   6.7;   4.8;  957.80;   72.96;   4.4;   11.2;    1.7;   -0.6;  12.1;   0.0;   0;    7.550;   0;eor
Hof;20150317;   3;    8.0;   7.0;   7.0;  958.70;   66.79;   3.8;   14.2;    3.6;    1.2;   9.5;   0.0;   0;    6.783;   0;eor
Hof;20150318;   3;    7.3;   6.1;   1.6;  957.55;   61.88;   2.5;   14.0;    1.9;   -3.5;   8.7;   0.0;   0;   11.117;   0;eor
Hof;20150319;   3;    5.3;   5.6;   0.8;  957.76;   66.75;   1.5;   12.4;   -1.4;   -5.7;   7.3;   0.0;   0;   11.117;   0;eor
Hof;20150320;   3;    3.9;   4.5;   0.9;  955.16;   60.54;   1.0;   12.7;   -3.5;   -8.2;   4.1;   0.0;   0;   11.283;   0;eor
Hof;20150321;   3;    2.5;   5.6;   4.5;  948.18;   77.21;   2.7;    9.1;   -3.3;   -6.9;   9.6;   0.0;   6;    4.050;   0;eor
Hof;20150322;   3;   -0.5;   5.7;   7.8;  954.52;   96.46;   3.4;    1.8;   -3.4;   -7.0;   9.8;   0.0;   6;    0.000;   0;eor
Hof;20150323;   3;    2.6;   5.8;   5.0;  949.45;   79.63;   1.5;   10.4;   -4.3;   -7.7;   6.1;   0.0;   0;    8.333;   0;eor
Hof;20150324;   3;    4.2;   6.6;   6.0;  942.62;   81.46;   2.1;    9.6;    0.0;   -3.6;   7.7;   0.0;   0;    2.617;   0;eor
Hof;20150325;   3;    8.1;   7.0;   4.3;  939.33;   68.75;   2.5;   16.4;   -0.7;   -5.7;   9.8;   0.0;   4;    9.817;   0;eor
Hof;20150326;   3;    5.7;   8.2;   7.6;  940.34;   89.25;   2.6;    9.0;    2.9;    2.0;   7.7;   0.0;   4;    0.000;-999;eor
Hof;20150327;   3;    4.0;   6.6;   7.4;  948.09;   81.25;   4.6;    8.0;    2.4;    1.8;  12.2;   1.1;   4;    1.850;-999;eor
Hof;20150328;   3;    5.3;   5.9;   6.7;  951.64;   66.88;   3.2;    8.7;    2.4;    1.7;  11.6;   1.3;   4;    6.317;-999;eor
Hof;20150329;   3;    7.1;   9.5;   7.5;  936.98;   94.08;   6.4;    8.9;    4.8;    4.0;  22.7;  19.4;   4;    0.000;-999;eor
Hof;20150330;   3;    3.5;   6.1;   6.0;  935.18;   78.21;   6.4;    8.0;    0.0;   -1.4;  17.6;   6.6;   4;    6.117;   0;eor
Hof;20150331;   3;    4.9;   6.9;   6.1;  932.98;   79.00;   8.4;   10.3;    0.0;   -0.4;  26.3;   6.9;   4;    4.717;   0;eor
Hof;20150401;   3;    1.1;   5.2;   6.6;  944.60;   79.42;   7.0;    5.4;   -0.9;   -1.6;  15.6;   4.8;   4;    2.883;   0;eor
Hof;20150402;   3;    0.2;   5.6;   6.2;  944.16;   90.46;   5.6;    1.8;   -1.2;   -3.1;  14.0;   3.9;   4;    2.983;   7;eor
Hof;20150403;   3;    1.2;   5.0;   5.2;  951.37;   76.54;   3.1;    5.7;   -2.3;   -5.9;   9.0;   0.0;   4;    4.783;   3;eor
Hof;20150404;   3;    0.7;   4.7;   5.8;  948.02;   74.79;   2.0;    5.4;   -3.2;   -6.6;   9.4;   0.1;   4;    5.450;   0;eor
Hof;20150405;   3;    0.7;   4.8;   5.1;  954.10;   76.67;   2.2;    5.3;   -2.9;   -4.9;   7.6;   0.0;   4;    3.350;   0;eor
Hof;20150406;   3;    1.7;   4.7;   4.9;  958.65;   69.13;   3.6;    4.6;   -1.2;   -5.3;  12.4;   0.2;   4;    5.667;   0;eor
Hof;20150407;   3;    3.8;   4.9;   5.6;  965.29;   63.83;   2.2;   10.3;   -3.8;   -7.9;   8.4;   0.0;   0;   11.983;   0;eor
Hof;20150408;   3;    6.2;   7.5;   7.7;  963.46;   78.96;   2.8;   10.7;    3.4;    1.1;   7.8;   0.0;   0;    1.267;   0;eor
Hof;20150409;   3;    7.4;   8.1;   6.6;  961.05;   79.67;   2.4;   13.0;    3.9;   -0.8;   7.5;   0.0;   0;    7.400;   0;eor
Hof;20150410;   3;    9.9;   7.9;   5.0;  955.77;   69.54;   1.5;   18.2;    1.4;   -1.4;   5.8;   0.0;   0;   11.200;   0;eor
Hof;20150411;   3;   10.8;   8.7;   7.7;  954.62;   69.04;   3.3;   16.0;    4.5;    0.6;  11.9;   1.7;   4;    3.733;   0;eor
Hof;20150412;   3;    9.7;   8.1;   7.3;  960.80;   67.92;   3.2;   14.6;    4.4;    2.8;  12.6;   0.0;   4;    8.200;   0;eor
Hof;20150413;   3;    7.5;   7.1;   6.9;  960.15;   68.17;   3.8;   11.2;    0.6;   -3.4;  11.1;   0.0;   4;    3.700;   0;eor
Hof;20150414;   3;    8.2;   6.9;   7.4;  959.41;   63.88;   3.1;   14.7;   -0.4;   -4.4;  10.3;   0.0;   0;    8.733;   0;eor
Hof;20150415;   3;   14.9;   8.8;   4.2;  951.93;   54.17;   3.3;   20.8;    9.1;    5.5;  11.3;   0.0;   4;   11.733;   0;eor
Hof;20150416;   3;   12.0;   9.1;   5.1;  947.28;   65.96;   2.4;   19.4;    6.0;    1.4;  10.9;   0.0;   4;    6.600;   0;eor
Hof;20150417;   3;    5.7;   6.4;   6.3;  948.24;   70.29;   3.3;    9.5;    1.4;   -1.0;  10.8;   0.0;   0;    6.067;   0;eor
Hof;20150418;   3;    3.3;   5.2;   4.6;  956.01;   68.29;   2.9;    8.0;   -1.1;   -4.9;   8.3;   0.0;   0;    3.433;   0;eor
Hof;20150419;   3;    5.3;   5.2;   2.3;  955.16;   62.04;   1.9;   12.3;   -2.9;   -6.6;   8.7;   0.0;   0;   13.067;   0;eor
Hof;20150420;   3;    8.2;   6.4;   3.1;  957.68;   61.58;   2.9;   14.5;   -0.1;   -4.3;  10.6;   0.0;   0;   13.067;   0;eor
Hof;20150421;   3;   11.1;   6.0;   1.1;  959.96;   49.54;   3.3;   18.2;    2.6;   -2.3;  11.5;   0.0;   0;   13.167;   0;eor
Hof;20150422;   3;    4.3;   6.6;   5.1;  957.19;   79.71;   2.6;    7.7;    1.6;   -0.9;   6.8;   3.1;   4;    0.833;   0;eor
Hof;20150423;   3;    7.7;   7.3;   3.5;  951.70;   72.92;   1.9;   14.6;    1.5;    0.4;   5.5;   0.0;   0;    8.083;   0;eor
Hof;20150424;   3;   10.5;   7.2;   1.8;  948.45;   59.04;   2.3;   17.0;    2.5;   -2.2;   8.9;   0.0;   0;   12.667;   0;eor
Hof;20150425;   3;   11.2;   8.9;   7.1;  944.90;   67.54;   3.1;   17.1;    4.9;    1.1;  12.7;   0.1;   6;    2.700;   0;eor
Hof;20150426;   3;   12.7;  11.9;   6.8;  942.48;   82.33;   2.2;   17.7;    8.9;    4.3;   8.2;   3.7;   6;    4.283;   0;eor
Hof;20150427;   3;   11.5;  11.4;   6.8;  937.53;   85.38;   3.5;   20.1;    4.9;    4.8;  10.4;  16.9;   8;    4.917;   0;eor
Hof;20150428;   3;    4.5;   7.0;   6.7;  946.10;   84.42;   3.9;    9.4;    0.6;   -0.9;  10.1;   2.0;   8;    1.817;   0;eor
Hof;20150429;   3;    6.7;   5.7;   4.9;  952.34;   61.08;   1.9;   12.8;   -1.1;   -4.6;   8.3;   0.0;   6;   11.433;   0;eor
Hof;20150430;   3;    8.4;   7.6;   6.9;  947.58;   70.38;   3.2;   13.4;    3.0;    1.3;  11.8;   7.7;   6;    6.000;   0;eor
Hof;20150501;   3;    7.6;   7.5;   7.5;  941.71;   73.29;   1.8;   10.4;    3.7;    3.5;   7.8;   0.0;   6;    1.383;   0;eor
Hof;20150502;   3;    8.5;   6.7;   5.3;  944.90;   62.96;   1.9;   13.3;    2.2;   -0.1;   6.9;   0.0;   6;    8.333;   0;eor
Hof;20150503;   3;    9.8;  11.6;   7.8;  942.81;   92.92;   2.7;   13.5;    4.5;    2.4;  10.1;   2.2;   6;    0.000;   0;eor
Hof;20150504;   3;   15.5;  13.3;   6.8;  944.56;   77.08;   3.0;   20.1;   12.3;   11.0;   8.5;   0.1;   6;    6.300;   0;eor
Hof;20150505;   3;   17.3;  14.5;   7.3;  942.16;   74.08;   4.0;   23.0;   13.6;   12.4;  13.4;   0.0;   6;    2.717;   0;eor
Hof;20150506;   3;   13.4;   9.7;   4.6;  948.33;   64.13;   2.9;   17.1;    8.9;    6.3;  11.1;   0.0;   0;    6.150;   0;eor
Hof;20150507;   3;   10.3;   7.7;   3.2;  952.25;   62.75;   3.6;   14.8;    4.7;    0.5;  12.6;   0.0;   6;    8.517;   0;eor
Hof;20150508;   3;   12.5;   8.6;   6.6;  950.32;   62.21;   1.8;   19.1;    3.5;    0.5;   7.3;   0.0;   6;    6.433;   0;eor
Hof;20150509;   3;   13.9;  10.8;   6.6;  952.10;   68.42;   3.4;   17.1;    9.5;    8.2;  13.6;   1.2;   6;    5.083;   0;eor
Hof;20150510;   3;   11.5;   8.8;   4.9;  958.69;   66.79;   3.4;   16.5;    6.1;    1.2;  10.7;   0.0;   0;    7.633;   0;eor
Hof;20150511;   3;   13.6;   8.9;   6.4;  959.11;   59.92;   2.8;   20.5;    3.6;   -0.1;   8.0;   0.0;   0;   12.183;   0;eor
Hof;20150512;   3;   17.4;  11.6;   6.5;  952.98;   60.75;   3.2;   25.4;    9.1;    4.5;  12.4;   3.3;   4;    9.300;-999;eor
Hof;20150513;   3;   12.9;   8.2;   3.6;  951.18;   58.33;   2.3;   18.1;    7.6;    3.5;   7.7;   0.0;   4;   12.433;-999;eor
Hof;20150514;   3;   10.6;   8.3;   5.8;  945.85;   66.00;   2.7;   15.2;    5.9;    2.6;   7.4;   0.0;   0;    7.400;-999;eor
Hof;20150515;   3;   10.5;   7.4;   6.1;  948.59;   60.67;   2.0;   16.5;    5.0;    0.1;   7.1;   0.0;   0;    9.700;-999;eor
Hof;20150516;   3;   11.4;   8.2;   5.8;  954.70;   64.13;   3.1;   18.8;    3.3;   -1.6;  11.6;   0.6;   4;    9.350;-999;eor
Hof;20150517;   3;   10.6;   7.2;   5.0;  956.44;   58.29;   3.2;   15.1;    5.7;    2.4;   9.9;   0.0;   0;   12.283;-999;eor
Hof;20150518;   3;   13.1;   8.4;   5.9;  946.39;   58.04;   2.8;   20.2;    3.5;    0.2;  11.1;   0.0;   0;   10.383;-999;eor
Hof;20150519;   3;   12.9;   9.1;   7.7;  942.63;   61.13;   3.5;   16.0;    9.0;    6.4;  10.9;   0.0;   4;    3.567;-999;eor
Hof;20150520;   3;    9.2;   8.0;   7.7;  947.73;   69.92;   1.7;   12.7;    5.1;    1.9;   7.7;   2.6;   4;    0.333;-999;eor
Hof;20150521;   3;    8.8;   7.9;   6.2;  956.05;   71.33;   2.3;   13.3;    4.4;    0.5;   9.2;   0.0;   4;    4.450;-999;eor
Hof;20150522;   3;   10.2;   7.0;   4.6;  957.97;   59.13;   2.0;   16.0;    1.9;   -1.9;   8.2;   0.0;   0;   14.017;-999;eor
Hof;20150523;   3;   11.8;   9.0;   7.3;  952.99;   66.17;   2.4;   16.4;    3.8;   -0.7;   8.2;   0.0;   4;    4.917;-999;eor
Hof;20150524;   3;   12.7;  11.6;   7.6;  952.48;   79.71;   2.2;   18.4;    9.8;   10.0;   6.6;   0.0;   4;    2.500;-999;eor
Hof;20150525;   3;   11.7;  11.6;   7.7;  948.14;   84.92;   1.8;   15.3;    9.2;    9.0;   8.8;   4.9;   4;    0.233;-999;eor
Hof;20150526;   3;    9.0;   8.5;   7.2;  950.43;   74.79;   3.3;   11.9;    6.7;    5.6;  10.3;   0.0;   4;    3.500;-999;eor
Hof;20150527;   3;    7.8;   7.6;   7.7;  954.99;   72.00;   2.6;   10.3;    5.2;    3.0;   8.2;   0.0;   0;    0.083;-999;eor
Hof;20150528;   3;   11.8;   8.5;   7.7;  950.38;   62.29;   3.1;   16.7;    6.4;    4.2;  11.1;   0.6;   4;    8.183;-999;eor
Hof;20150529;   3;   12.8;  10.8;   7.4;  946.23;   74.25;   2.8;   17.4;    8.4;    6.6;   9.8;   2.5;   4;    5.967;-999;eor
Hof;20150530;   3;   10.4;   8.8;   7.5;  947.74;   70.79;   4.0;   14.6;    5.8;    2.2;  11.8;   0.1;   4;    2.700;-999;eor
Hof;20150531;   3;   12.7;   9.2;   7.8;  950.11;   64.33;   3.4;   18.7;    3.9;    1.4;  10.8;   0.0;   4;    8.217;-999;eor
Hof;20150601;   3;   14.0;  12.9;   7.6;  950.10;   81.13;   3.4;   19.6;   10.1;    8.3;  11.8;   0.5;   4;    1.717;-999;eor
Hof;20150602;   3;   16.5;  11.5;   4.7;  951.30;   63.38;   4.4;   22.1;   11.4;   10.0;  14.3;   0.0;   0;    8.550;-999;eor
Hof;20150603;   3;   19.2;  12.2;   1.8;  955.18;   55.92;   4.4;   24.5;   11.3;    8.6;  13.2;   0.0;   0;   13.650;-999;eor
Hof;20150604;   3;   15.9;  10.3;   1.1;  960.44;   58.63;   2.2;   22.7;    8.9;    5.4;   7.6;   0.0;   0;   13.483;-999;eor
Hof;20150605;   3;   20.4;  11.8;   0.0;  956.83;   50.96;   2.5;   28.0;   11.7;    9.1;   7.4;   0.0;   0;   15.083;-999;eor
Hof;20150606;   3;   22.6;  15.0;   4.0;  956.28;   56.54;   2.5;   30.4;   14.9;   10.1;   7.8;   5.3;   4;   10.500;-999;eor
Hof;20150607;   3;   15.7;  15.4;   7.4;  960.23;   86.50;   2.9;   19.3;   12.0;   10.4;   6.9;   0.0;   0;    2.700;-999;eor
Hof;20150608;   3;   11.1;  11.9;   6.6;  958.28;   90.29;   3.6;   13.8;    9.3;    8.1;  10.3;  19.6;   4;    1.900;-999;eor
Hof;20150609;   3;    9.5;  10.8;   7.8;  958.54;   90.88;   3.9;   11.6;    8.1;    8.2;  10.2;   0.0;   6;    0.000;-999;eor
Hof;20150610;   3;   13.1;  11.7;   7.6;  958.29;   78.79;   2.9;   16.7;    9.2;    9.1;   8.0;   0.0;   0;    1.217;   0;eor
Hof;20150611;   3;   13.4;  12.6;   7.8;  954.60;   82.33;   1.9;   17.4;   10.9;    8.3;   6.2;   0.7;   6;    0.033;   0;eor
Hof;20150612;   3;   19.4;  15.2;   4.3;  947.91;   70.29;   1.7;   26.7;   11.3;    9.8;   7.3;   0.0;   6;   11.767;   0;eor
Hof;20150613;   3;   19.7;  16.6;   5.2;  945.35;   73.29;   2.5;   25.9;   14.4;   10.3;  11.4;   0.2;   6;    4.600;   0;eor
Hof;20150614;   3;   18.5;  13.2;   3.8;  945.34;   65.13;   2.3;   25.0;   11.8;    7.7;   8.2;   0.0;   0;   14.833;   0;eor
Hof;20150615;   3;   12.7;  12.1;   6.3;  950.40;   81.92;   3.0;   15.1;    7.6;    2.8;   7.8;   0.0;   0;    0.717;   0;eor
Hof;20150616;   3;   11.3;   8.6;   5.3;  954.91;   65.83;   2.6;   17.2;    6.5;    2.8;   9.4;   0.0;   0;    5.767;   0;eor
Hof;20150617;   3;   12.5;   8.2;   3.9;  955.70;   59.42;   1.7;   18.8;    4.6;    0.2;   6.0;   2.4;   6;   13.017;   0;eor
Hof;20150618;   3;   12.8;  12.5;   7.8;  948.90;   83.96;   2.7;   16.3;   10.0;    9.2;   9.6;   2.7;   6;    0.567;   0;eor
Hof;20150619;   3;   10.0;   9.8;   7.5;  949.68;   79.71;   2.9;   14.1;    7.1;    7.2;  10.9;   1.2;   6;    0.683;   0;eor
Hof;20150620;   3;    9.3;   9.7;   6.5;  951.36;   83.08;   2.6;   13.5;    6.3;    3.0;  10.0;   2.2;   6;    2.617;   0;eor
Hof;20150621;   3;   10.8;  10.6;   7.5;  950.90;   81.75;   2.5;   13.7;    8.0;    7.2;   9.2;   7.1;   6;    1.067;   0;eor
Hof;20150622;   3;   11.2;  12.1;   7.3;  944.65;   91.17;   4.0;   14.5;    8.3;    7.5;  14.6;  14.2;   6;    1.817;   0;eor
Hof;20150623;   3;    9.2;  10.2;   6.8;  944.71;   87.96;   4.3;   12.7;    6.8;    6.4;  13.9;   3.8;   6;    4.250;   0;eor
Hof;20150624;   3;   11.6;  10.9;   5.5;  954.75;   80.71;   3.0;   16.7;    7.5;    3.7;   8.8;   0.0;   6;    4.483;   0;eor
Hof;20150625;   3;   14.4;  10.3;   4.5;  956.96;   66.29;   1.4;   21.0;    5.8;    2.1;   6.2;   0.0;   0;   11.050;   0;eor
Hof;20150626;   3;   17.2;  12.8;   7.3;  954.71;   66.92;   2.2;   22.5;    9.7;    7.7;   9.2;   0.1;   6;    3.467;   0;eor
Hof;20150627;   3;   16.4;  15.2;   7.8;  951.68;   81.63;   2.3;   18.5;   13.0;   11.1;   9.9;   3.7;   6;    0.033;   0;eor
Hof;20150628;   3;   15.7;  11.4;   4.0;  955.55;   65.92;   2.1;   20.4;   10.7;    8.5;   6.9;   0.5;   6;   10.783;   0;eor
Hof;20150629;   3;   18.0;  13.2;   6.1;  955.60;   66.25;   1.7;   23.8;   11.9;   10.8;   7.6;   0.1;   6;    6.250;   0;eor
Hof;20150630;   3;   19.0;  13.6;   3.2;  956.06;   64.21;   2.1;   24.6;   12.5;    8.9;   7.6;   0.0;   0;   13.533;   0;eor
Hof;20150701;   3;   21.2;  13.9;   0.7;  956.40;   57.83;   1.8;   28.3;   12.7;    8.5;   7.2;   0.0;   0;   15.200;   0;eor
Hof;20150702;   3;   23.7;  15.1;   0.0;  957.69;   53.75;   2.2;   30.2;   16.1;   12.5;   6.9;   0.0;   0;   15.167;   0;eor
Hof;20150703;   3;   25.3;  15.9;   2.6;  959.24;   51.25;   2.1;   31.5;   17.1;   12.6;   6.6;   0.0;   0;   14.417;   0;eor
Hof;20150704;   3;   27.0;  17.2;   2.6;  956.73;   50.83;   2.2;   33.1;   18.6;   15.4;   7.6;   0.0;   0;   14.667;   0;eor
Hof;20150705;   3;   26.8;  17.7;   4.0;  952.32;   53.04;   2.7;   34.2;   16.9;   16.5;  16.1;  26.9;   6;   12.750;   0;eor
Hof;20150706;   3;   20.0;  15.6;   3.8;  954.29;   69.46;   2.6;   24.7;   14.3;   10.6;   8.7;   0.0;   6;   10.050;   0;eor
Hof;20150707;   3;   22.6;  16.2;   2.7;  948.04;   62.17;   2.4;   31.6;   12.4;    8.3;  13.4;  12.0;   8;   13.017;   0;eor
Hof;20150708;   3;   16.6;  12.9;   6.0;  945.90;   68.21;   4.7;   18.8;   12.3;   11.2;  14.3;   0.3;   6;    6.233;   0;eor
Hof;20150709;   3;   12.7;  10.5;   5.5;  951.45;   72.17;   4.2;   16.6;    8.5;    5.1;  13.5;   2.4;   6;    5.167;   0;eor
Hof;20150710;   3;   12.7;   8.7;   1.4;  956.04;   60.92;   2.4;   18.8;    6.4;    2.8;   8.4;   0.0;   0;   14.383;   0;eor
Hof;20150711;   3;   16.9;  10.5;   3.0;  952.19;   58.00;   1.8;   24.8;    7.3;    4.2;   7.4;   0.0;   0;   13.467;   0;eor
Hof;20150712;   3;   18.2;  12.7;   5.2;  951.45;   64.58;   2.9;   24.5;   11.3;    7.7;  12.1;   1.8;   6;    8.717;   0;eor
Hof;20150713;   3;   14.3;  14.4;   7.5;  951.68;   88.54;   3.0;   17.6;   11.6;   10.4;  10.1;   1.7;   6;    0.067;   0;eor
Hof;20150714;   3;   16.7;  16.6;   7.6;  950.93;   87.71;   4.0;   20.7;   14.6;   13.8;  12.8;   0.3;   6;    0.633;   0;eor
Hof;20150715;   3;   18.1;  15.3;   5.7;  953.93;   75.50;   1.9;   23.2;   15.2;   12.5;   6.2;   0.0;   6;    3.650;   0;eor
Hof;20150716;   3;   21.6;  15.5;   4.0;  953.20;   62.04;   2.0;   27.5;   15.4;   12.2;   9.8;   0.0;   0;   10.750;   0;eor
Hof;20150717;   3;   24.7;  15.5;   4.1;  951.54;   53.42;   2.2;   32.0;   15.7;   12.3;   8.1;   0.0;   4;   10.150;   0;eor
Hof;20150718;   3;   23.0;  15.9;   5.8;  951.50;   57.04;   3.4;   28.0;   17.5;   14.3;  11.8;   0.0;   4;    7.167;-999;eor
Hof;20150719;   3;   20.9;  17.2;   6.7;  946.87;   71.38;   3.9;   26.9;   16.1;   13.0;  14.6;   6.2;   4;    6.883;-999;eor
Hof;20150720;   3;   18.4;  17.3;   5.6;  950.03;   81.79;   2.4;   22.5;   14.2;   12.0;  10.1;   0.0;   4;    3.217;-999;eor
Hof;20150721;   3;   22.3;  17.5;   3.3;  950.49;   66.71;   2.8;   27.6;   17.4;   15.0;   9.3;   0.0;   0;   10.233;-999;eor
Hof;20150722;   3;   23.5;  17.5;   5.8;  949.17;   65.54;   2.4;   31.9;   15.9;   13.3;  11.5;   4.7;   4;   10.283;-999;eor
Hof;20150723;   3;   19.1;  15.7;   6.6;  950.55;   72.58;   2.5;   23.1;   16.5;   14.8;   7.8;   0.2;   4;    5.217;-999;eor
Hof;20150724;   3;   21.1;  16.0;   4.2;  947.08;   66.00;   2.3;   26.2;   14.5;   10.6;   8.1;   1.0;   4;    8.967;-999;eor
Hof;20150725;   3;   18.0;  13.5;   6.3;  943.02;   65.58;   5.7;   23.2;   10.3;    8.7;  20.4;   0.3;   4;    6.717;-999;eor
Hof;20150726;   3;   14.4;   8.4;   5.5;  947.63;   54.08;   3.0;   19.9;    9.0;    7.7;   9.8;   0.3;   4;   10.150;-999;eor
Hof;20150727;   3;   14.3;  13.0;   5.8;  940.57;   79.50;   4.0;   18.3;   12.1;   10.1;  14.5;   4.5;   4;    3.217;-999;eor
Hof;20150728;   3;   14.9;  10.6;   6.5;  942.58;   63.29;   4.6;   18.8;   12.1;   10.9;  14.3;   1.0;   4;    4.500;-999;eor
Hof;20150729;   3;   13.0;  10.4;   5.2;  944.45;   70.04;   3.5;   16.4;    8.7;    6.3;  10.7;   0.1;   6;    2.850;   0;eor
Hof;20150730;   3;   13.0;   8.5;   2.6;  948.93;   59.00;   3.7;   19.0;    7.2;    5.2;  11.8;   0.0;   0;   10.467;   0;eor
Hof;20150731;   3;   13.7;   9.3;   4.1;  952.30;   61.08;   1.8;   19.6;    8.3;    5.0;   6.7;   0.0;   0;    8.933;   0;eor
Hof;20150801;   3;   16.9;  10.7;   6.7;  950.20;   58.08;   2.1;   23.7;    9.1;    6.3;   7.8;   0.0;   0;    6.467;   0;eor
Hof;20150802;   3;   19.8;  11.7;   4.3;  953.52;   54.54;   2.0;   26.7;   11.8;    8.3;   8.3;   0.0;   0;   10.300;   0;eor
Hof;20150803;   3;   21.1;  14.4;   1.9;  953.35;   59.92;   2.1;   28.7;   13.2;    8.5;   7.0;   0.0;   0;   13.033;   0;eor
Hof;20150804;   3;   22.1;  14.9;   2.8;  950.23;   59.79;   3.1;   30.8;   14.4;   11.4;  11.5;   0.0;   4;   10.917;   0;eor
Hof;20150805;   3;   20.0;  13.5;   3.0;  953.33;   61.79;   2.0;   27.0;   14.4;   12.1;   7.1;   0.0;   0;   12.350;-999;eor
Hof;20150806;   3;   24.7;  14.4;   5.0;  952.10;   50.21;   1.9;   32.4;   14.8;   10.6;   7.6;   0.0;   0;   12.217;-999;eor
Hof;20150807;   3;   27.7;  14.0;   3.4;  952.07;   41.04;   2.2;   35.1;   19.9;   15.2;   9.7;   0.0;   0;   11.567;-999;eor
Hof;20150808;   3;   24.5;  16.1;   2.5;  953.25;   53.50;   3.2;   30.0;   18.5;   14.7;  10.7;   0.0;   4;   10.817;-999;eor
Hof;20150809;   3;   21.5;  17.8;   5.4;  953.88;   70.83;   3.3;   27.4;   17.1;   17.2;   8.4;   0.0;   0;    5.117;-999;eor
Hof;20150810;   3;   24.9;  14.5;   3.6;  949.82;   51.17;   2.2;   32.9;   17.1;   14.4;  10.4;   0.0;   0;   13.367;-999;eor
Hof;20150811;   3;   23.1;  16.9;   5.5;  951.27;   61.25;   2.4;   30.5;   17.0;   12.8;   8.8;   0.0;   0;   10.683;-999;eor
Hof;20150812;   3;   21.9;  18.2;   4.9;  954.97;   71.54;   2.8;   28.9;   16.4;   14.9;   8.1;   0.0;   0;    7.600;-999;eor
Hof;20150813;   3;   23.9;  17.6;   4.5;  951.56;   63.17;   3.0;   31.6;   15.8;   14.8;   8.1;   0.0;   0;    8.650;-999;eor
Hof;20150814;   3;   24.9;  16.8;   3.6;  944.93;   55.21;   3.1;   31.1;   17.6;   17.1;  10.8;   3.6;   4;   10.650;-999;eor
Hof;20150815;   3;   20.1;  17.3;   6.3;  944.78;   75.25;   2.1;   25.4;   16.5;   14.8;   7.6;  11.7;   4;    5.083;-999;eor
Hof;20150816;   3;   16.9;  18.7;   7.5;  944.96;   96.88;   2.4;   19.1;   15.2;   15.1;   6.6;  31.1;   4;    0.000;-999;eor
Hof;20150817;   3;   13.9;  15.3;   7.8;  945.58;   96.17;   2.8;   15.7;   12.1;   11.8;   7.3;   8.8;   4;    0.000;-999;eor
Hof;20150818;   3;   13.1;  13.7;   7.6;  949.38;   91.25;   2.4;   15.1;   10.6;    7.4;   6.8;   0.0;   4;    0.000;-999;eor
Hof;20150819;   3;   12.9;  13.4;   7.1;  954.07;   90.38;   2.3;   16.4;    8.8;    5.9;   6.8;   0.0;   4;    0.117;-999;eor
Hof;20150820;   3;   14.0;  14.8;   7.7;  957.89;   92.67;   1.9;   16.4;   11.8;    8.2;   4.7;   0.1;   4;    0.000;-999;eor
Hof;20150821;   3;   15.5;  11.8;   2.7;  958.79;   71.13;   1.5;   21.7;    9.6;    5.3;   6.5;   0.0;   0;    6.783;-999;eor
Hof;20150822;   3;   16.3;  10.4;   1.3;  954.90;   59.08;   1.8;   22.9;    8.2;    4.0;   7.7;   0.0;   0;    9.800;-999;eor
Hof;20150823;   3;   16.7;  11.2;   3.6;  946.83;   60.21;   2.8;   22.4;    9.1;    4.2;   9.6;   2.1;   4;   10.283;-999;eor
Hof;20150824;   3;   18.7;  16.4;   7.5;  943.19;   78.17;   3.2;   25.8;   13.6;   12.8;  10.4;  12.6;   4;    5.583;-999;eor
Hof;20150825;   3;   13.5;  12.2;   6.8;  950.80;   78.96;   3.4;   16.7;    9.4;    7.3;  12.7;   0.0;   4;    0.533;-999;eor
Hof;20150826;   3;   17.4;  10.4;   4.0;  952.53;   54.83;   2.9;   23.4;    9.2;    6.5;   8.3;   0.0;   0;   12.800;-999;eor
Hof;20150827;   3;   20.9;  12.6;   7.6;  948.19;   51.13;   3.4;   27.4;   12.8;    7.7;  10.2;   0.7;   4;    8.483;-999;eor
Hof;20150828;   3;   18.2;  18.7;   7.1;  952.38;   89.42;   2.9;   20.5;   15.4;   11.6;   9.9;   0.9;   4;    0.000;-999;eor
Hof;20150829;   3;   19.7;  18.1;   4.7;  957.36;   81.13;   1.4;   27.9;   13.9;   11.9;   6.3;   0.0;   0;    9.233;-999;eor
Hof;20150830;   3;   23.8;  18.1;   2.3;  954.15;   65.63;   1.4;   31.6;   15.5;   11.6;   5.6;   0.0;   0;   12.133;-999;eor
Hof;20150831;   3;   24.5;  18.4;   3.2;  948.96;   63.79;   1.7;   32.3;   17.6;   13.6;   7.0;   0.0;   0;   10.000;-999;eor
Hof;20150901;   3;   19.8;  15.9;   4.0;  945.97;   72.21;   3.3;   29.0;   12.3;   11.0;  17.7;   1.7;   4;    8.283;-999;eor
Hof;20150902;   3;   13.9;  11.2;   6.0;  950.95;   72.00;   1.8;   18.8;   10.6;    7.6;   5.9;   0.0;   0;    5.583;-999;eor
Hof;20150903;   3;   12.7;  12.8;   7.3;  948.83;   87.08;   1.6;   15.5;    9.2;    5.4;   4.9;   1.9;   4;    1.400;-999;eor
Hof;20150904;   3;   12.2;   9.8;   2.9;  948.96;   70.33;   2.6;   16.4;    8.3;    3.5;   9.2;   0.0;   0;    8.850;-999;eor
Hof;20150905;   3;   10.2;  10.0;   4.9;  948.35;   80.25;   3.9;   14.3;    7.3;    5.2;  10.6;   2.5;   4;    4.150;-999;eor
Hof;20150906;   3;    8.9;   9.4;   6.2;  952.42;   82.63;   5.4;   11.0;    6.3;    4.8;  14.5;   1.4;   4;    3.083;-999;eor
Hof;20150907;   3;    9.5;  10.8;   6.7;  956.08;   91.04;   3.3;   13.2;    6.8;    3.5;   9.2;   3.5;   4;    1.767;-999;eor
Hof;20150908;   3;   10.2;   9.8;   5.9;  957.40;   80.00;   1.7;   15.0;    3.6;    0.5;   6.0;   0.0;   4;    4.200;-999;eor
Hof;20150909;   3;   10.9;   9.8;   5.5;  956.58;   76.21;   2.8;   15.0;    6.7;    3.3;   9.8;   0.1;   4;    7.117;-999;eor
Hof;20150910;   3;    9.0;   9.8;   4.9;  955.83;   86.38;   2.3;   14.4;    4.1;    0.6;   9.0;   0.0;   4;    3.583;-999;eor
Hof;20150911;   3;   10.3;  10.4;   4.8;  952.74;   84.21;   2.2;   16.5;    4.2;    1.7;   7.9;   0.0;   0;    5.550;-999;eor
Hof;20150912;   3;   15.0;  12.5;   5.3;  951.23;   75.17;   2.9;   21.5;    8.7;    7.0;   8.2;   0.0;   0;    9.583;-999;eor
Hof;20150913;   3;   18.0;  13.9;   7.5;  946.38;   68.79;   3.0;   23.5;   13.3;   12.6;   9.1;   0.0;   4;    5.783;-999;eor
Hof;20150914;   3;   13.7;  13.5;   5.8;  941.54;   86.50;   3.3;   17.2;    9.5;    8.3;  12.5;   4.6;   4;    1.750;-999;eor
Hof;20150915;   3;   13.2;  11.4;   6.7;  944.33;   76.38;   3.4;   17.9;    9.1;    5.9;  11.3;   0.0;   4;    4.033;-999;eor
Hof;20150916;   3;   16.2;  12.9;   6.9;  938.13;   70.42;   2.6;   22.2;    9.1;    5.9;   9.5;   0.0;   6;    2.333;   0;eor
Hof;20150917;   3;   15.4;  13.6;   4.7;  940.41;   78.38;   3.8;   21.9;   10.7;    9.1;  12.0;   2.6;   6;    6.067;   0;eor
Hof;20150918;   3;   13.0;  12.1;   6.3;  951.53;   80.96;   2.4;   17.0;   10.0;    8.5;   6.7;   0.0;   6;    1.683;   0;eor
Hof;20150919;   3;   12.2;  11.7;   3.0;  955.01;   83.63;   2.4;   18.3;    7.6;    4.6;   9.0;   0.1;   6;    8.317;   0;eor
Hof;20150920;   3;   10.5;  10.4;   6.5;  955.53;   82.63;   2.7;   13.7;    9.2;    7.7;   8.6;   1.1;   6;    1.983;   0;eor
Hof;20150921;   3;   11.5;  10.3;   5.6;  950.60;   77.79;   2.2;   17.0;    8.0;    6.8;   6.4;   0.0;   6;    7.483;   0;eor
Hof;20150922;   3;   11.3;  10.6;   7.2;  941.17;   79.96;   3.1;   15.9;    7.8;    5.9;  10.3;   3.6;   6;    2.833;   0;eor
Hof;20150923;   3;    9.9;  10.7;   7.2;  944.54;   87.25;   2.8;   12.4;    8.3;    6.1;   7.9;   0.4;   6;    0.650;   0;eor
Hof;20150924;   3;   10.9;  10.9;   5.9;  953.32;   83.96;   2.2;   15.1;    6.1;    1.9;   6.9;   0.0;   0;    3.350;   0;eor
Hof;20150925;   3;   10.4;  10.8;   7.0;  955.19;   85.83;   1.7;   15.7;    3.7;    0.9;   6.8;   0.1;   6;    5.217;   0;eor
Hof;20150926;   3;   10.2;  10.6;   7.5;  958.58;   85.25;   2.3;   12.6;    7.7;    4.7;   7.6;   0.0;   0;    0.000;   0;eor
Hof;20150927;   3;    9.5;   9.0;   4.8;  963.83;   76.75;   2.4;   13.5;    6.3;    2.0;   8.5;   0.0;   0;    5.100;   0;eor
Hof;20150928;   3;    8.7;   8.2;   1.5;  967.63;   75.21;   2.6;   13.5;    4.9;    0.1;  10.9;   0.0;   0;    9.500;   0;eor
Hof;20150929;   3;    8.1;   8.5;   2.7;  967.42;   80.42;   2.8;   14.0;    3.3;   -1.6;   9.8;   0.0;   0;    3.833;   0;eor
Hof;20150930;   3;    7.7;   7.1;   2.2;  966.06;   70.13;   3.3;   13.8;    2.0;   -3.1;  11.1;   0.0;   0;   10.083;   0;eor
Hof;20151001;   3;    7.9;   6.4;   0.8;  963.00;   62.33;   3.1;   14.1;    2.5;   -2.0;  11.5;   0.0;   0;   10.800;   0;eor
Hof;20151002;   3;    9.9;   7.7;   0.3;  957.70;   65.00;   2.6;   17.6;    2.2;   -3.5;   9.1;   0.0;   0;   10.783;   0;eor
Hof;20151003;   3;   12.3;  10.1;   3.0;  950.44;   71.46;   2.1;   19.8;    7.0;    2.0;   6.9;   0.0;   0;    7.867;   0;eor
Hof;20151004;   3;    9.9;  11.0;   6.7;  950.89;   89.96;   1.6;   15.5;    5.2;    1.5;   6.7;   0.2;   6;    0.483;   0;eor
Hof;20151005;   3;   10.2;  11.1;   6.8;  949.85;   89.54;   1.8;   14.8;    5.6;    3.0;   6.7;   0.6;   4;    2.250;   0;eor
Hof;20151006;   3;   12.0;  13.0;   7.8;  943.39;   92.54;   3.3;   15.4;    9.5;    8.5;   8.4;   5.0;   4;    0.433;   0;eor
Hof;20151007;   3;   13.4;  14.4;   7.9;  946.65;   93.17;   2.4;   15.8;   11.6;   11.2;   7.2;   0.2;   4;    0.000;   0;eor
Hof;20151008;   3;   11.7;  12.7;   8.0;  952.41;   92.42;   2.3;   14.1;   10.6;    9.8;   6.5;   1.1;   4;    0.300;   0;eor
Hof;20151009;   3;   10.7;  12.4;   7.7;  953.65;   96.04;   1.7;   13.7;    8.0;    8.0;   5.7;   4.2;   4;    0.117;   0;eor
Hof;20151010;   3;    5.9;   8.9;   7.4;  952.22;   95.46;   2.6;    8.0;    2.0;    0.8;   7.4;   0.0;   4;    0.000;   0;eor
Hof;20151011;   3;    2.4;   5.6;   1.0;  950.80;   77.92;   2.5;    7.7;   -1.9;   -7.1;   8.3;   0.0;   0;    8.733;   0;eor
Hof;20151012;   3;    1.5;   5.3;   3.0;  951.28;   78.38;   1.8;    8.5;   -4.1;   -8.6;   6.3;   0.0;   0;    9.133;   0;eor
Hof;20151013;   3;    1.0;   6.0;   6.8;  949.42;   91.38;   2.6;    4.4;   -1.2;   -2.7;   6.6;  10.2;   4;    0.083;   0;eor
Hof;20151014;   3;    0.2;   6.1;   7.7;  949.18;   97.79;   1.7;    1.4;   -0.5;   -0.5;   5.1;   9.1;   4;    0.000;   4;eor
Hof;20151015;   3;    1.6;   6.9;   7.9;  946.79;   99.96;   2.2;    3.6;   -0.6;   -0.6;   7.2;   3.4;   4;    0.000;   0;eor
Hof;20151016;   3;    4.0;   8.0;   7.6;  949.36;   98.88;   1.9;    4.9;    3.1;    2.9;   4.6;   2.7;   4;    0.000;   0;eor
Hof;20151017;   3;    4.5;   8.1;   7.5;  951.03;   96.79;   1.5;    5.4;    4.0;    3.7;   4.8;   0.0;   4;    0.000;   0;eor
Hof;20151018;   3;    5.0;   8.1;   7.7;  951.24;   93.04;   1.2;    7.3;    4.0;    3.7;   4.1;   0.8;   4;    0.167;   0;eor
Hof;20151019;   3;    4.9;   7.9;   7.0;  952.84;   91.75;   1.7;    8.0;    0.7;   -3.0;   4.6;   0.0;   4;    1.217;   0;eor
Hof;20151020;   3;    5.0;   8.7;   7.3;  953.38;   98.96;   2.0;    7.0;    1.1;   -2.8;   6.3;   1.3;   4;    0.000;   0;eor
Hof;20151021;   3;    6.0;   8.7;   7.9;  953.07;   93.42;   2.1;    7.3;    4.7;    3.7;   6.2;   0.0;   0;    0.000;   0;eor
Hof;20151022;   3;    6.5;   9.1;   7.9;  950.13;   93.63;   3.5;    9.1;    3.7;    2.0;  10.8;   0.5;   4;    0.817;   0;eor
Hof;20151023;   3;    6.8;   8.6;   7.1;  956.53;   86.92;   2.1;   10.0;    1.5;   -2.7;   7.2;   0.0;   0;    2.633;   0;eor
Hof;20151024;   3;    5.1;   8.0;   5.5;  953.52;   91.75;   2.6;   12.7;   -0.3;   -3.4;  10.6;   0.0;   0;    8.700;   0;eor
Hof;20151025;   3;    8.5;  10.3;   7.7;  956.68;   93.25;   1.5;   10.8;    5.3;    4.8;   6.1;   0.1;   6;    0.200;   0;eor
Hof;20151026;   3;    8.5;  10.0;   6.3;  956.05;   90.58;   2.6;   11.2;    6.6;    4.5;   7.6;   0.0;   0;    0.017;   0;eor
Hof;20151027;   3;    7.2;   9.1;   5.2;  952.25;   89.92;   3.6;    9.7;    4.5;    2.6;   9.4;   0.0;   0;    0.583;   0;eor
Hof;20151028;   3;    5.7;   8.6;   5.6;  947.48;   93.75;   3.1;    8.7;    3.9;    1.8;   7.6;   0.0;   0;    2.883;   0;eor
Hof;20151029;   3;    5.7;   9.0;   7.8;  952.04;   97.42;   1.9;    8.2;    1.8;   -0.4;   5.9;   0.0;   0;    0.000;   0;eor
Hof;20151030;   3;    7.8;   9.2;   6.8;  960.51;   87.21;   2.2;   12.0;    5.2;    3.6;   8.0;   0.0;   0;    4.433;   0;eor
Hof;20151031;   3;    8.8;   8.1;   2.7;  962.59;   73.92;   4.2;   14.5;    4.8;    2.1;   9.7;   0.0;   0;    8.833;   0;eor
Hof;20151101;   3;    6.8;   7.9;   0.7;  964.53;   80.38;   2.2;   12.9;    2.4;   -3.9;   6.3;   0.0;   0;    8.950;   0;eor
Hof;20151102;   3;    5.0;   6.5;   0.9;  961.60;   75.79;   2.1;   11.9;    0.0;   -6.8;   6.8;   0.0;   0;    8.600;   0;eor
Hof;20151103;   3;    5.1;   6.5;   0.4;  955.58;   75.38;   2.6;   13.1;    0.1;   -2.5;   6.3;   0.0;   0;    8.550;   0;eor
Hof;20151104;   3;    7.3;   8.6;   5.1;  955.07;   83.13;   1.8;   14.4;    0.2;   -2.0;   5.8;   0.0;   0;    3.300;   0;eor
Hof;20151105;   3;   10.0;  10.0;   5.1;  955.92;   82.92;   1.4;   16.8;    4.9;    1.5;   5.1;   0.0;   6;    3.883;   0;eor
Hof;20151106;   3;   10.6;  11.1;   6.8;  956.83;   86.75;   2.5;   15.4;    4.9;    1.4;   9.6;   2.9;   6;    2.367;   0;eor
Hof;20151107;   3;   13.4;  15.1;   7.6;  958.50;   97.42;   3.3;   15.1;   11.6;   10.8;   8.8;   0.4;   6;    0.117;   0;eor
Hof;20151108;   3;   12.6;  12.5;   5.9;  960.80;   85.75;   2.9;   15.0;    8.3;    6.7;   9.7;   0.0;   4;    7.200;   0;eor
Hof;20151109;   3;   12.7;  12.9;   7.9;  956.08;   87.46;   5.1;   13.9;   11.5;   10.8;  15.6;   0.5;   4;    0.017;   0;eor
Hof;20151110;   3;   11.3;  10.7;   7.8;  956.57;   79.50;   5.0;   12.8;   10.4;    9.1;  17.1;   0.0;   4;    0.733;   0;eor
Hof;20151111;   3;   10.3;  11.6;   6.6;  957.66;   92.46;   3.8;   11.5;    7.5;    6.4;  11.1;   0.0;   4;    0.000;   0;eor
Hof;20151112;   3;    8.4;   9.9;   7.7;  959.44;   89.96;   3.0;   10.3;    6.6;    6.2;  10.7;   0.0;   0;    0.883;   0;eor
Hof;20151113;   3;    7.9;   9.5;   7.7;  956.52;   89.17;   3.6;   11.1;    5.0;    3.3;  16.8;   1.5;   4;    0.683;   0;eor
Hof;20151114;   3;    5.1;   7.3;   6.0;  957.03;   82.75;   5.5;    6.1;    3.0;    1.4;  14.0;   2.9;   4;    1.483;   0;eor
Hof;20151115;   3;    7.7;  10.0;   7.6;  946.53;   94.67;   7.3;    9.8;    4.3;    3.6;  19.3;   4.0;   4;    0.000;   0;eor
Hof;20151116;   3;    8.4;   8.9;   5.0;  948.98;   81.00;   4.2;   11.3;    6.3;    4.8;  13.2;   0.3;   6;    7.133;   0;eor
Hof;20151117;   3;    9.2;  10.7;   7.9;  945.89;   91.71;   5.7;   11.2;    6.4;    6.2;  17.6;   6.5;   6;    0.000;   0;eor
Hof;20151118;   3;   10.4;   9.0;   6.0;  946.66;   70.96;   8.0;   12.4;    8.4;    6.5;  24.9;   0.6;   6;    0.983;   0;eor
Hof;20151119;   3;    9.1;   9.8;   7.5;  946.08;   84.67;   6.1;   11.1;    7.2;    6.8;  19.8;  27.5;   6;    0.017;   0;eor
Hof;20151120;   3;    5.1;   7.9;   8.0;  938.18;   89.71;   3.5;    7.9;    1.7;    1.3;   9.9;   3.8;   8;    0.000;   0;eor
Hof;20151121;   3;    1.3;   5.8;   6.2;  930.60;   86.63;   2.7;    3.2;   -0.5;   -2.7;  10.2;   1.1;   8;    1.167;   0;eor
Hof;20151122;   3;   -1.0;   4.8;   6.1;  936.60;   84.88;   3.1;    0.6;   -2.4;   -4.1;   9.5;   2.5;   8;    2.983;   2;eor
Hof;20151123;   3;   -1.7;   4.6;   7.1;  951.05;   85.33;   2.9;   -0.3;   -3.5;   -7.6;   9.4;   0.1;   8;    0.050;   5;eor
Hof;20151124;   3;   -1.0;   4.6;   6.6;  952.49;   81.25;   3.5;    0.7;   -2.9;   -6.1;   9.0;   0.0;   8;    1.483;   4;eor
Hof;20151125;   3;   -0.3;   5.4;   7.9;  940.26;   90.08;   3.4;    0.8;   -1.7;   -2.0;   9.8;   0.2;   8;    0.000;   2;eor
Hof;20151126;   3;    0.9;   6.0;   6.9;  946.78;   92.21;   1.9;    2.6;   -0.3;   -2.8;   5.5;   0.0;   8;    0.000;   2;eor
Hof;20151127;   3;   -0.4;   5.2;   5.6;  950.63;   88.00;   1.8;    2.6;   -3.1;   -4.9;   9.1;   0.0;   0;    2.900;   0;eor
Hof;20151128;   3;   -0.9;   5.1;   7.5;  945.53;   88.96;   5.0;    1.0;   -3.3;   -3.2;  14.1;   2.3;   8;    0.000;   0;eor
Hof;20151129;   3;    2.6;   6.8;   7.7;  946.04;   91.04;   7.4;    6.9;    0.0;   -0.8;  17.1;  18.3;   8;    0.000;   6;eor
Hof;20151130;   3;    5.9;   8.2;   7.8;  947.72;   87.83;   7.0;    7.5;    4.1;    3.4;  19.1;  14.3;   6;    0.017;   0;eor
Hof;20151201;   3;    6.8;   9.1;   8.0;  953.73;   91.92;   4.4;    8.8;    5.3;    4.9;  17.5;  11.8;   6;    0.000;   0;eor
Hof;20151202;   3;    7.1;   8.8;   7.8;  960.62;   86.71;   3.0;    8.8;    5.4;    4.5;  10.9;   0.0;   6;    0.000;   0;eor
Hof;20151203;   3;    4.7;   6.8;   7.8;  961.89;   79.96;   2.2;    6.2;    1.8;   -0.6;   7.4;   0.0;   0;    0.000;   0;eor
Hof;20151204;   3;    3.6;   6.9;   5.9;  961.12;   86.71;   4.1;    5.0;    2.2;   -0.9;  15.7;   0.3;   6;    0.033;   0;eor
Hof;20151205;   3;    5.1;   7.5;   7.0;  962.81;   85.83;   4.1;    5.7;    3.9;    1.6;  13.1;   0.0;   0;    0.000;   0;eor
Hof;20151206;   3;    5.5;   7.7;   4.8;  959.90;   85.00;   4.1;    7.0;    3.6;    1.0;  13.2;   0.0;   6;    4.367;   0;eor
Hof;20151207;   3;    6.5;   8.4;   4.7;  965.22;   86.33;   2.7;   10.5;    1.7;   -1.7;   9.1;   0.0;   0;    4.900;   0;eor
Hof;20151208;   3;    3.3;   7.1;   3.6;  964.27;   91.38;   2.3;    9.3;   -0.1;   -2.7;   6.6;   0.0;   0;    7.017;   0;eor
Hof;20151209;   3;    2.3;   6.8;   6.5;  966.13;   94.83;   2.3;    4.1;    0.1;   -2.7;   6.5;   3.4;   8;    0.000;   0;eor
Hof;20151210;   3;    0.7;   6.0;   7.0;  966.59;   92.75;   3.4;    2.2;   -1.2;   -2.5;  10.9;   0.0;   0;    0.000;   0;eor
Hof;20151211;   3;    1.0;   5.9;   7.8;  957.75;   89.04;   5.2;    4.8;   -0.9;   -2.0;  13.1;   4.4;   6;    0.200;   0;eor
Hof;20151212;   3;    4.2;   7.4;   7.4;  954.58;   89.21;   3.9;    5.6;    3.1;    2.3;  15.5;   0.0;   6;    0.483;   0;eor
Hof;20151213;   3;    4.3;   7.6;   7.8;  952.02;   90.21;   5.4;    6.1;    1.4;    1.0;  17.8;   1.3;   6;    0.000;   0;eor
Hof;20151214;   3;    2.8;   7.1;   8.0;  955.75;   95.29;   2.3;    4.7;    1.4;    1.4;   6.7;   0.0;   6;    0.000;   0;eor
Hof;20151215;   3;    4.2;   7.5;   8.0;  957.06;   91.25;   2.1;    5.2;    3.0;    0.7;   7.1;   0.0;   6;    0.000;   0;eor
Hof;20151216;   3;    4.5;   8.0;   7.6;  959.50;   94.71;   2.5;    7.2;    1.9;    1.1;   7.6;   0.5;   6;    0.000;   0;eor
Hof;20151217;   3;    9.1;  10.8;   7.8;  957.99;   93.46;   3.2;   10.3;    7.1;    6.6;   9.1;   0.1;   6;    0.000;   0;eor
Hof;20151218;   3;    8.6;  10.4;   7.0;  956.70;   92.63;   2.9;   10.1;    7.2;    4.6;   9.7;   1.6;   6;    0.000;   0;eor
Hof;20151219;   3;    7.9;   9.9;   7.2;  957.09;   92.29;   2.7;    9.7;    4.9;    2.8;   7.7;   0.0;   0;    0.683;   0;eor
Hof;20151220;   3;    5.3;   8.0;   4.3;  955.25;   89.83;   2.7;   10.5;    2.9;    0.9;   8.2;   0.0;   6;    6.867;   0;eor
Hof;20151221;   3;    5.8;   8.2;   7.7;  956.35;   88.33;   4.6;    6.8;    3.6;    3.0;  16.8;   2.2;   6;    0.000;   0;eor
Hof;20151222;   3;    7.7;   8.6;   7.8;  958.40;   81.88;   5.3;    9.5;    6.3;    4.4;  15.7;   0.0;   6;    0.383;   0;eor
Hof;20151223;   3;    6.6;   8.2;   5.4;  959.40;   83.75;   4.2;    7.8;    4.4;    0.9;  12.6;   0.1;   6;    0.000;   0;eor
Hof;20151224;   3;    7.0;   8.2;   6.0;  958.88;   83.00;   3.5;    9.9;    3.8;    2.2;  12.1;   0.0;   6;    2.733;   0;eor
Hof;20151225;   3;    8.5;   9.4;   7.5;  960.85;   84.17;   4.7;    9.6;    7.5;    6.2;  11.9;   0.3;   6;    0.000;   0;eor
Hof;20151226;   3;    8.7;   8.9;   5.3;  961.08;   79.50;   3.6;   11.1;    6.2;    3.9;  14.0;   0.0;   0;    6.250;   0;eor
Hof;20151227;   3;    6.4;   8.0;   6.1;  961.67;   83.58;   3.2;    8.7;    4.2;    2.1;  11.9;   0.0;   0;    3.417;   0;eor
Hof;20151228;   3;    4.4;   7.4;   3.9;  962.89;   88.17;   1.5;   10.2;    1.0;   -3.0;   7.3;   0.0;   0;    6.317;   0;eor
Hof;20151229;   3;    5.1;   7.8;   7.7;  961.34;   88.17;   3.3;    6.0;    3.3;    3.1;   9.2;   0.0;   0;    0.000;   0;eor
Hof;20151230;   3;    1.0;   5.2;   5.1;  961.57;   78.21;   4.2;    3.4;   -2.5;   -3.7;  13.6;   0.0;   0;    1.367;   0;eor
Hof;20151231;   3;   -2.7;   3.9;   7.7;  956.72;   76.79;   3.9;   -0.1;   -4.8;   -5.6;  14.5;   3.4;   7;    2.167;   0;eor
Hof;20160101;   3;   -0.6;   5.6;   7.9;  957.59;   95.50;   2.2;    0.9;   -2.3;   -6.2;   6.9;   0.0;   0;    0.000;   1;eor
Hof;20160102;   3;   -1.4;   4.8;   7.8;  949.52;   87.13;   4.3;   -0.7;   -2.3;   -2.7;  10.0;   0.1;   8;    0.000;   1;eor
Hof;20160103;   3;   -4.0;   3.8;   7.9;  942.41;   84.38;   4.7;   -1.7;   -6.2;   -6.1;   9.4;   0.2;   7;    0.383;   2;eor
Hof;20160104;   3;   -5.3;   3.7;   8.0;  927.87;   88.67;   4.0;   -2.5;   -6.8;   -6.9;   9.7;   1.4;   8;    0.000;   2;eor
Hof;20160105;   3;    0.7;   6.1;   7.5;  929.78;   95.58;   2.2;    3.0;   -2.5;   -2.4;   6.7;   0.6;   8;    1.267;   3;eor
Hof;20160106;   3;    1.0;   6.4;   7.9;  933.62;   97.08;   1.4;    2.4;    0.0;   -0.6;   4.4;   0.5;   8;    0.000;   2;eor
Hof;20160107;   3;    1.2;   6.3;   7.7;  932.90;   94.67;   3.0;    3.3;    0.2;   -0.1;  13.0;   3.7;   8;    0.483;   0;eor
Hof;20160108;   3;    1.1;   5.5;   3.8;  937.44;   83.46;   4.6;    3.4;   -3.0;   -6.1;  15.4;   0.0;   6;    6.633;   0;eor
Hof;20160109;   3;   -0.5;   5.7;   6.8;  937.78;   96.25;   2.2;    1.0;   -3.1;   -5.6;   5.8;   0.0;   6;    0.000;   0;eor
Hof;20160110;   3;    2.6;   6.9;   7.5;  931.83;   94.04;   3.8;    4.5;    0.5;   -0.2;  12.2;   2.6;   6;    0.017;   0;eor
Hof;20160111;   3;    3.0;   7.0;   8.0;  926.28;   92.75;   3.4;    3.6;    2.3;    1.2;  11.5;   5.0;   8;    0.000;   0;eor
Hof;20160112;   3;    2.1;   6.4;   6.9;  929.72;   90.75;   4.6;    3.5;    0.7;   -0.2;  13.4;   2.1;   8;    0.583;   0;eor
Hof;20160113;   3;    1.1;   6.0;   7.3;  940.28;   90.33;   5.8;    2.7;   -0.1;   -1.5;  15.9;   4.8;   8;    0.767;   0;eor
Hof;20160114;   3;   -0.3;   5.2;   6.7;  942.98;   86.79;   3.3;    1.3;   -1.3;   -3.8;  12.2;   0.3;   8;    2.750;   2;eor
Hof;20160115;   3;   -0.9;   5.1;   7.7;  939.61;   90.29;   3.4;    0.0;   -2.0;   -3.4;  10.5;   2.7;   8;    0.000;   2;eor
Hof;20160116;   3;   -2.6;   4.5;   7.3;  948.94;   89.00;   2.6;   -1.9;   -3.6;   -5.5;  14.3;   2.7;   8;    0.217;   7;eor
Hof;20160117;   3;   -4.3;   3.9;   7.1;  951.81;   87.04;   3.2;   -3.0;   -6.0;   -8.5;  11.3;   0.9;   7;    0.300;  10;eor
Hof;20160118;   3;   -6.8;   3.1;   5.9;  952.11;   85.63;   1.2;   -3.6;  -12.0;  -18.3;   3.4;   0.0;   7;    4.483;  13;eor
Hof;20160119;   3;  -10.2;   2.4;   3.6;  947.36;   85.88;   2.0;   -6.3;  -13.7;  -19.5;   6.8;   0.0;   7;    7.117;  12;eor
Hof;20160120;   3;   -6.9;   3.2;   7.5;  947.98;   86.96;   3.1;   -4.4;  -10.8;  -12.7;   7.2;   3.2;   7;    0.000;  11;eor
Hof;20160121;   3;   -7.0;   3.2;   3.9;  957.24;   86.13;   1.4;   -2.5;  -15.6;  -23.7;   6.1;   0.0;   7;    4.250;  19;eor
Hof;20160122;   3;  -11.1;   2.2;   1.9;  960.90;   80.79;   3.0;   -5.9;  -17.2;  -24.0;   8.8;   1.8;   7;    7.800;  18;eor
Hof;20160123;   3;   -2.3;   4.9;   8.0;  961.50;   92.25;   3.8;    1.3;   -8.0;   -8.6;  11.5;   0.1;   8;    0.000;  17;eor
Hof;20160124;   3;    1.6;   6.3;   7.5;  964.08;   91.92;   3.2;    3.4;    0.5;   -0.6;   8.8;   3.1;   6;    0.267;  14;eor
Hof;20160125;   3;    3.9;   7.8;   7.6;  960.38;   96.38;   2.9;    5.9;    1.5;    1.1;   8.4;   0.0;   6;    0.000;   7;eor
Hof;20160126;   3;    5.7;   7.8;   6.8;  957.62;   85.25;   3.5;    8.0;    3.1;   -0.3;  12.8;   0.0;   0;    1.133;   0;eor
Hof;20160127;   3;    8.1;   7.6;   7.4;  952.70;   70.71;   5.1;   10.3;    5.9;    4.9;  14.2;   0.0;   6;    1.850;   0;eor
Hof;20160128;   3;    5.8;   7.3;   7.5;  954.62;   78.21;   3.5;    9.6;    0.0;   -3.7;  12.6;   3.0;   6;    2.200;   0;eor
Hof;20160129;   3;    3.3;   5.8;   4.8;  958.16;   74.79;   5.0;    6.2;   -0.1;   -3.5;  15.5;   0.0;   0;    7.133;   0;eor
Hof;20160130;   3;    4.1;   6.6;   7.7;  947.56;   80.88;   6.7;    5.8;    0.7;   -0.1;  16.9;   7.5;   8;    0.000;   0;eor
Hof;20160131;   3;    1.4;   5.9;   7.6;  943.80;   86.42;   5.0;    4.3;   -0.5;   -1.4;  13.2;   2.2;   8;    0.067;   0;eor
Hof;20160201;   3;    8.3;   9.5;   7.7;  948.60;   86.71;   7.6;    9.5;    4.4;    3.8;  22.5;   0.6;   6;    0.000;   0;eor
Hof;20160202;   3;    7.3;   8.7;   7.5;  948.53;   84.75;   7.1;    8.7;    3.1;    2.3;  15.7;   2.4;   8;    0.083;   0;eor
Hof;20160203;   3;    1.9;   5.8;   6.1;  948.86;   82.08;   4.7;    3.9;   -0.4;   -2.2;  14.7;   1.2;   8;    1.267;   0;eor
Hof;20160204;   3;   -0.1;   5.5;   7.7;  953.02;   91.08;   4.2;    0.6;   -0.6;   -1.8;  11.3;   2.4;   8;    0.000;   1;eor
Hof;20160205;   3;    1.2;   6.2;   7.8;  957.11;   91.92;   3.5;    4.2;   -0.9;   -2.3;  10.6;   1.1;   8;    0.000;   6;eor
Hof;20160206;   3;    4.1;   7.0;   5.7;  949.78;   86.21;   2.9;    7.7;    0.9;   -0.7;   8.7;   0.0;   0;    3.967;   0;eor
Hof;20160207;   3;    3.4;   6.3;   6.9;  940.10;   80.83;   4.3;    6.5;    0.0;   -0.8;  12.8;   0.0;   6;    2.350;   0;eor
Hof;20160208;   3;    4.5;   6.7;   6.8;  936.08;   78.92;   6.6;    7.7;    2.5;    1.1;  17.3;  12.3;   8;    0.667;   0;eor
Hof;20160209;   3;    4.7;   7.1;   7.3;  929.57;   83.33;   6.9;    7.4;    2.4;    1.5;  18.6;  14.3;   8;    0.000;   0;eor
Hof;20160210;   3;    1.0;   5.6;   7.5;  928.65;   85.92;   4.5;    2.4;    0.2;   -0.6;  12.1;   1.7;   8;    0.417;   0;eor
Hof;20160211;   3;    0.8;   5.8;   7.0;  937.14;   89.96;   3.8;    2.1;   -0.1;   -1.3;  12.9;   1.5;   7;    0.550;   1;eor
Hof;20160212;   3;    0.3;   5.3;   5.5;  935.06;   84.21;   2.2;    3.5;   -3.2;   -6.6;   7.4;   0.0;   7;    2.133;   1;eor
Hof;20160213;   3;   -0.8;   5.2;   7.0;  926.59;   89.29;   2.9;    1.0;   -4.1;   -7.4;   8.2;   6.5;   8;    0.117;   0;eor
Hof;20160214;   3;    3.6;   7.0;   7.7;  923.74;   89.13;   3.0;    5.9;    0.9;    0.3;  11.2;   0.5;   4;    0.000;   0;eor
Hof;20160215;   3;    1.6;   6.2;   7.5;  943.24;   90.13;   2.6;    3.4;   -0.9;   -1.6;   8.4;   0.5;   4;    0.150;   0;eor
Hof;20160216;   3;   -2.6;   4.5;   7.7;  963.59;   89.33;   3.8;   -0.9;   -3.2;   -4.8;   9.9;   0.0;   4;    0.000;   0;eor
Hof;20160217;   3;   -1.6;   4.9;   7.6;  952.92;   90.58;   2.9;   -0.6;   -3.1;   -4.1;   9.4;   1.9;   4;    0.000;   0;eor
Hof;20160218;   3;    0.4;   5.3;   7.8;  948.56;   84.92;   2.1;    3.7;   -2.2;   -4.7;   7.1;   0.0;   0;    1.833;   1;eor
Hof;20160219;   3;   -0.6;   5.0;   7.7;  951.16;   85.25;   2.4;    1.2;   -3.0;   -7.5;   8.6;   0.0;   4;    1.167;   0;eor
Hof;20160220;   3;    0.7;   5.8;   7.8;  948.44;   89.71;   4.8;    4.9;   -0.7;   -1.5;  14.3;   7.2;   8;    0.000;   0;eor
Hof;20160221;   3;    8.1;  10.0;   7.9;  944.27;   92.58;   6.8;    8.9;    4.9;    4.0;  16.8;   4.6;   6;    0.000;   0;eor
Hof;20160222;   3;    7.1;   8.3;   7.8;  941.46;   82.08;   6.6;    7.9;    0.7;    0.1;  16.6;   9.1;   8;    0.000;   0;eor
Hof;20160223;   3;    0.1;   5.7;   7.0;  943.46;   92.29;   2.7;    0.8;   -0.7;   -3.5;   9.7;   3.5;   8;    0.033;   5;eor
Hof;20160224;   3;   -0.4;   4.9;   5.5;  948.25;   83.58;   2.8;    2.3;   -4.3;   -8.5;   7.6;   0.0;   7;    4.217;   7;eor
Hof;20160225;   3;   -2.4;   4.2;   4.9;  944.44;   82.79;   1.6;    1.8;   -6.3;  -10.5;   8.0;   0.0;   7;    5.200;   4;eor
Hof;20160226;   3;   -2.3;   4.0;   5.0;  945.34;   77.83;   1.6;    1.4;   -5.4;   -9.0;   7.4;   0.0;   0;    3.133;   4;eor
Hof;20160227;   3;   -1.4;   4.1;   4.1;  941.93;   75.29;   2.6;    3.3;   -5.3;   -9.2;   6.7;   0.0;   0;    9.800;   2;eor
Hof;20160228;   3;   -1.6;   4.7;   7.1;  946.60;   86.13;   3.1;    0.9;   -5.5;   -8.3;  10.4;   0.0;   0;    0.667;   1;eor
Hof;20160229;   3;   -1.9;   5.1;   8.0;  948.39;   95.08;   5.6;   -0.5;   -2.6;   -2.8;  13.4;   5.6;   7;    0.000;   1;eor
Hof;20160301;   3;   -2.0;   4.6;   7.2;  948.90;   87.46;   4.0;   -0.1;   -3.5;   -4.3;   9.8;   0.0;   8;    1.350;   3;eor
Hof;20160302;   3;    1.5;   6.4;   8.0;  936.68;   94.17;   3.5;    3.9;   -0.3;   -1.0;  10.1;   2.1;   8;    0.000;   3;eor
Hof;20160303;   3;    0.2;   5.1;   7.4;  935.85;   83.13;   2.1;    2.2;   -3.3;   -7.0;   8.2;   0.0;   7;    0.850;   1;eor
Hof;20160304;   3;    0.8;   5.0;   7.0;  935.99;   78.83;   3.6;    3.7;   -3.7;   -6.5;  10.7;   0.0;   6;    4.717;   0;eor
Hof;20160305;   3;    3.1;   5.6;   7.6;  929.80;   73.67;   2.4;    6.9;    0.5;   -1.1;   7.4;   4.6;   8;    1.967;   0;eor
Hof;20160306;   3;    1.2;   5.9;   6.6;  932.55;   88.38;   3.0;    3.5;   -0.1;   -0.5;  10.5;   0.8;   8;    1.783;   0;eor
Hof;20160307;   3;    0.1;   5.3;   6.7;  937.22;   86.25;   2.1;    3.2;   -3.2;   -5.5;   7.7;   0.9;   7;    1.500;   1;eor
Hof;20160308;   3;   -0.5;   5.0;   6.8;  945.93;   86.21;   1.5;    3.5;   -3.7;   -5.9;   4.9;   0.0;   7;    0.283;   0;eor
Hof;20160309;   3;   -0.4;   4.8;   4.2;  944.93;   83.25;   2.8;    5.4;   -3.8;   -6.3;   9.8;   0.0;   0;    6.483;   0;eor
Hof;20160310;   3;   -0.2;   5.5;   5.8;  949.59;   91.25;   1.9;    3.1;   -4.1;   -7.7;   5.5;   0.0;   0;    0.300;   0;eor
Hof;20160311;   3;    1.5;   6.1;   7.7;  957.62;   90.04;   2.6;    3.1;    0.0;   -0.9;   7.4;   0.2;   6;    0.017;   0;eor
Hof;20160312;   3;    0.2;   5.7;   7.9;  960.52;   91.29;   3.2;    1.6;   -0.8;   -0.9;   7.7;   0.0;   8;    0.000;   0;eor
Hof;20160313;   3;   -0.8;   5.7;   8.0;  963.82;   99.08;   3.8;    0.3;   -1.9;   -1.9;   9.0;   0.0;   8;    0.000;   0;eor
Hof;20160314;   3;    0.0;   5.0;   6.8;  962.83;   82.17;   3.2;    4.0;   -2.4;   -3.9;   7.9;   0.2;   7;    8.483;   0;eor
Hof;20160315;   3;    0.0;   5.5;   7.7;  956.45;   89.88;   3.5;    1.6;   -1.8;   -4.0;   9.6;   1.7;   8;    0.033;   0;eor
Hof;20160316;   3;    1.0;   5.1;   6.9;  959.69;   78.67;   4.3;    4.0;   -1.2;   -4.9;  10.5;   0.0;   7;    0.517;   0;eor
Hof;20160317;   3;    4.1;   5.7;   2.8;  958.51;   71.04;   2.4;   10.2;   -1.0;   -5.1;   8.4;   0.0;   0;    9.400;   0;eor
Hof;20160318;   3;    4.4;   5.8;   2.5;  951.69;   73.38;   2.2;   12.6;   -2.9;   -6.9;   8.6;   0.0;   6;   10.967;   0;eor
Hof;20160319;   3;    2.6;   6.3;   7.9;  951.62;   86.21;   1.9;    4.1;    1.5;    0.9;   5.9;   0.0;   6;    0.000;   0;eor
Hof;20160320;   3;    2.2;   5.4;   8.0;  949.68;   75.42;   2.6;    4.1;    0.9;    0.6;   7.0;   0.0;   6;    0.017;   0;eor
Hof;20160321;   3;    3.3;   6.2;   7.5;  948.28;   80.54;   3.5;    6.3;    1.3;    0.2;  10.0;   0.1;   8;    1.167;   0;eor
Hof;20160322;   3;    3.0;   6.2;   7.7;  944.69;   82.50;   2.9;    4.6;    1.8;    0.6;   8.4;   0.2;   8;    0.050;   0;eor
Hof;20160323;   3;    2.7;   6.5;   7.7;  941.98;   88.38;   2.4;    5.3;    1.3;    0.8;   9.6;   1.0;   8;    0.183;   0;eor
Hof;20160324;   3;    3.6;   5.3;   7.1;  945.95;   67.71;   2.7;    6.6;    0.9;    0.4;   7.4;   0.1;   6;    2.033;   0;eor
Hof;20160325;   3;    3.3;   6.9;   7.9;  946.33;   89.13;   2.9;    4.6;    2.3;    1.8;   9.0;   4.1;   6;    0.000;   0;eor
Hof;20160326;   3;    4.3;   7.1;   6.3;  951.39;   86.71;   2.3;    7.0;    0.4;   -3.4;   7.0;   0.0;   6;    0.250;   0;eor
Hof;20160327;   3;    4.8;   7.1;   6.4;  946.22;   82.92;   3.5;   10.7;    0.7;   -2.5;  10.4;   0.0;   6;    4.533;   0;eor
Hof;20160328;   3;    6.6;   7.1;   5.4;  940.84;   75.08;   4.2;   12.2;    0.3;   -3.1;  18.4;   9.9;   6;    6.117;   0;eor
Hof;20160329;   3;    6.0;   6.7;   5.4;  942.73;   72.29;   5.6;    9.4;    3.3;    0.8;  15.8;   0.7;   8;    7.117;   0;eor
Hof;20160330;   3;    6.5;   8.0;   7.6;  945.25;   82.17;   3.7;    9.0;    3.3;    1.7;  11.3;   0.9;   6;    0.233;   0;eor
Hof;20160331;   3;    5.7;   8.8;   7.9;  944.62;   95.75;   2.6;    9.6;    1.8;    1.8;  10.7;  12.8;   8;    0.017;   0;eor
Hof;20160401;   3;    2.1;   6.2;   7.0;  951.45;   87.63;   4.0;    5.6;    0.0;   -2.2;  12.4;   0.1;   8;    3.650;   2;eor
Hof;20160402;   3;    8.2;   6.4;   5.8;  952.43;   60.75;   3.6;   14.8;    1.4;   -0.9;   8.8;   0.0;   0;    7.500;   0;eor
Hof;20160403;   3;   11.8;   8.9;   6.1;  947.02;   63.67;   2.5;   18.1;    5.3;    2.5;   8.5;   0.0;   0;    6.500;   0;eor
Hof;20160404;   3;   12.9;  10.1;   6.4;  942.61;   68.79;   1.7;   19.3;    7.4;    3.4;   7.9;   2.5;   6;    4.733;   0;eor
Hof;20160405;   3;   12.8;  10.9;   6.5;  941.67;   75.08;   2.8;   19.1;    7.3;    4.6;   9.1;   1.2;   6;    8.450;   0;eor
Hof;20160406;   3;    9.7;   8.2;   5.8;  945.05;   69.00;   3.9;   13.4;    7.3;    4.7;  13.2;   0.0;   6;    7.033;   0;eor
Hof;20160407;   3;    7.6;   7.0;   6.3;  944.15;   67.17;   3.5;    9.9;    4.6;    2.0;  11.2;   0.1;   6;    3.800;   0;eor
Hof;20160408;   3;    6.9;   5.8;   6.8;  944.63;   60.08;   1.4;   11.4;    2.7;   -0.8;   5.6;   0.0;   0;    4.050;   0;eor
Hof;20160409;   3;    6.3;   5.5;   4.3;  942.75;   60.54;   2.2;   11.9;   -0.3;   -4.3;   9.1;   0.0;   0;    9.850;   0;eor
Hof;20160410;   3;    5.5;   6.4;   4.5;  946.50;   71.50;   2.2;   11.4;   -0.1;   -3.7;   8.8;   0.0;   0;   11.333;   0;eor
Hof;20160411;   3;    6.5;   7.8;   7.0;  947.28;   80.33;   2.4;   10.0;    3.1;   -0.9;   6.8;   0.0;   0;    0.017;   0;eor
Hof;20160412;   3;    9.1;   8.3;   4.4;  944.83;   73.75;   2.0;   14.6;    1.9;   -2.3;   6.9;   0.0;   6;    7.000;   0;eor
Hof;20160413;   3;    9.7;   9.0;   6.5;  941.66;   76.71;   2.1;   15.4;    6.0;    2.7;  12.1;   4.2;   4;    4.633;   0;eor
Hof;20160414;   3;    7.7;   8.2;   6.6;  944.72;   78.71;   2.9;   11.9;    3.4;    1.1;   9.1;   0.3;   4;    3.150;   0;eor
Hof;20160415;   3;    7.5;   8.5;   7.5;  941.40;   81.96;   3.6;   11.5;    3.2;    1.2;  10.4;   0.8;   4;    1.183;   0;eor
Hof;20160416;   3;    8.7;   9.5;   7.5;  938.84;   84.58;   3.8;   11.0;    6.4;    2.6;  11.7;  17.9;   4;    1.517;   0;eor
Hof;20160417;   3;    5.9;   8.4;   7.8;  943.17;   90.29;   2.2;    8.4;    3.2;    0.9;   9.7;   2.2;   4;    0.000;   0;eor
Hof;20160418;   3;    6.4;   6.4;   6.8;  952.47;   68.33;   1.5;   10.8;    2.6;    0.4;   5.0;   0.0;   0;    4.750;   0;eor
Hof;20160419;   3;    5.8;   6.1;   5.3;  956.64;   66.17;   3.0;    8.7;    1.9;   -1.3;   9.8;   0.0;   0;    1.133;   0;eor
Hof;20160420;   3;    5.6;   5.6;   2.3;  960.95;   63.50;   2.2;   11.0;    0.9;   -2.7;   6.1;   0.0;   0;   10.233;   0;eor
Hof;20160421;   3;    8.6;   5.5;   0.0;  956.54;   55.25;   1.3;   17.0;   -0.9;   -5.0;   3.9;   0.0;   0;   13.217;   0;eor
Hof;20160422;   3;    7.3;   6.6;   6.6;  950.17;   65.33;   2.3;   12.4;    3.5;   -0.4;   6.8;   0.0;   0;    5.917;   0;eor
Hof;20160423;   3;    3.1;   6.3;   7.0;  943.21;   83.08;   2.9;    6.0;   -0.1;   -1.8;   7.4;   4.6;   8;    0.000;   0;eor
Hof;20160424;   3;    0.5;   5.2;   4.5;  943.70;   82.46;   2.6;    4.5;   -1.7;   -4.2;  10.4;   1.9;   8;    5.550;   0;eor
Hof;20160425;   3;    1.1;   5.2;   6.5;  941.52;   79.08;   3.7;    4.8;   -1.5;   -3.6;  11.5;   5.6;   8;    5.917;   1;eor
Hof;20160426;   3;    1.7;   5.6;   6.9;  934.50;   82.04;   4.4;    4.8;   -0.2;   -1.9;  11.7;   2.2;   7;    4.417;   1;eor
Hof;20160427;   3;    1.4;   5.5;   7.0;  939.99;   81.88;   5.7;    3.3;   -0.3;   -1.5;  15.3;   1.0;   8;    0.567;   0;eor
Hof;20160428;   3;    3.4;   5.1;   5.5;  947.43;   68.42;   3.4;    8.0;    0.0;   -1.9;  10.9;   0.3;   8;    4.783;   0;eor
Hof;20160429;   3;    5.3;   5.6;   4.3;  951.28;   66.50;   2.7;   11.3;   -1.5;   -3.5;   8.2;   0.0;   0;    7.167;   0;eor
Hof;20160430;   3;   10.1;   5.8;   6.8;  949.87;   49.92;   2.6;   16.8;    1.9;   -2.0;   8.8;   0.0;   0;    8.650;   0;eor
Hof;20160501;   3;    8.9;   7.7;   7.6;  953.27;   69.13;   4.2;   13.9;    4.3;    1.5;  12.4;   0.0;   0;    5.500;   0;eor
Hof;20160502;   3;    9.8;   7.2;   1.0;  955.26;   61.96;   2.8;   15.2;    3.6;   -1.1;  10.5;   0.0;   0;   13.783;   0;eor
Hof;20160503;   3;    7.9;   7.9;   5.3;  952.38;   76.00;   3.0;   16.0;    1.8;   -2.6;  12.7;   3.1;   6;    7.167;   0;eor
Hof;20160504;   3;    6.5;   6.7;   6.2;  959.67;   71.13;   3.6;   10.8;    3.1;    2.6;   8.8;   0.0;   0;    6.917;   0;eor
Hof;20160505;   3;   11.0;   7.9;   3.5;  958.28;   62.21;   2.5;   17.8;    5.1;    1.8;   8.6;   0.0;   0;   10.250;   0;eor
Hof;20160506;   3;   14.4;   8.4;   0.9;  952.18;   55.21;   3.3;   20.7;    6.5;    1.2;  11.0;   0.0;   0;   14.017;-999;eor
Hof;20160507;   3;   15.7;   7.5;   0.0;  949.19;   43.92;   4.0;   21.1;    9.0;    2.3;  11.3;   0.0;   0;   14.017;-999;eor
Hof;20160508;   3;   14.6;   8.3;   0.8;  950.15;   51.08;   4.6;   19.8;    8.9;    2.9;  12.0;   0.0;   0;   13.567;-999;eor
Hof;20160509;   3;   15.5;   9.4;   1.7;  950.40;   55.29;   4.3;   21.4;    9.5;    6.4;  11.9;   0.0;   0;   13.050;-999;eor
Hof;20160510;   3;   15.8;   9.9;   5.8;  946.89;   56.92;   3.7;   22.2;    9.5;    4.7;  10.6;   0.0;   0;   12.967;-999;eor
Hof;20160511;   3;   14.5;  10.1;   6.3;  942.33;   62.71;   4.4;   19.5;    9.9;    8.1;  13.4;   0.0;   0;   12.017;-999;eor
Hof;20160512;   1;   13.0;  11.0;   7.3;  935.70;   73.96;   4.1;   17.8;   10.1;    7.4;  13.0;   3.4;   4;    0.467;-999;eor
Hof;20160513;   1;   12.7;  11.6;   7.3;  934.69;   80.17;   3.5;   18.4;    9.2;    6.6;  12.2;   1.2;   4;    3.283;-999;eor
Hof;20160514;   1;    7.8;   7.1;   7.2;  941.56;   67.04;   3.6;   11.3;    3.7;   -0.3;   9.2;   0.1;   4;    5.750;-999;eor
Hof;20160515;   1;    4.0;   6.4;   6.8;  949.12;   78.67;   3.8;    8.0;    1.9;    0.3;  13.5;   3.2;   4;    3.783;-999;eor
Hof;20160516;   1;    5.8;   5.8;   7.8;  950.77;   64.58;   2.8;    9.1;    3.1;    2.3;   7.9;   0.0;   4;    1.433;-999;eor
Hof;20160517;   1;    7.4;   6.9;   8.0;  950.54;   66.83;   3.5;    9.8;    3.9;    2.5;   9.8;   0.0;   4;    0.117;-999;eor
Hof;20160518;   1;   11.0;   6.9;   7.9;  946.82;   53.42;   2.8;   15.4;    7.8;    3.7;   8.9;   0.0;   4;    0.500;-999;eor
Hof;20160519;   1;   11.2;   9.7;   8.0;  945.70;   72.50;   1.7;   14.9;    8.2;    5.8;   4.6;   1.4;   4;    0.033;-999;eor
Hof;20160520;   1;   12.8;   9.4;   6.6;  952.82;   65.33;   2.7;   17.2;    8.4;    5.8;  10.4;   0.0;   4;    8.833;-999;eor
Hof;20160521;   1;   15.4;  10.3;   7.5;  952.44;   60.13;   2.2;   20.4;    8.6;    6.7;   7.9;   0.0;   0;    8.133;-999;eor
Hof;20160522;   1;   19.1;  10.5;   6.9;  945.90;   52.29;   2.9;   27.4;    9.9;    6.5;  13.2;   3.1;   4;   12.033;-999;eor
Hof;20160523;   1;   12.7;  12.8;   7.5;  944.22;   87.50;   2.8;   14.9;   10.5;    9.8;   7.2;  29.1;   4;    1.267;-999;eor
Hof;20160524;   1;   10.4;  12.1;   7.7;  945.46;   95.75;   3.6;   12.2;    8.4;    8.5;   9.1;   0.0;   4;    0.000;-999;eor
Hof;20160525;   1;   11.3;  11.5;   7.8;  948.88;   86.21;   1.6;   14.2;    8.4;    8.5;   5.1;   0.0;   0;    0.067;-999;eor
Hof;20160526;   1;   14.3;  11.0;   6.9;  950.58;   69.88;   1.9;   20.0;    9.7;    6.2;   9.8;   0.0;   0;    9.517;-999;eor
Hof;20160527;   1;   14.0;  13.0;   7.5;  950.33;   81.17;   1.5;   19.2;    9.1;    5.1;   6.9;   1.4;   4;    3.483;-999;eor
Hof;20160528;   1;   15.8;  14.5;   7.9;  947.77;   82.29;   1.7;   21.5;   11.0;   11.2;   6.1;   1.6;   4;    3.050;-999;eor
Hof;20160529;   1;   17.9;  16.2;   7.6;  941.45;   80.38;   2.2;   22.8;   13.0;   10.3;   9.3;   6.5;   4;    3.333;-999;eor
Hof;20160530;   1;   15.3;  14.3;   6.4;  940.43;   82.71;   2.7;   18.8;   12.1;    9.6;   9.2;   0.4;   4;    4.150;-999;eor
Hof;20160531;   1;   15.4;  12.9;   5.6;  945.46;   75.13;   2.2;   20.5;    9.9;    6.3;   8.1;  18.6;   4;    5.467;-999;eor
Hof;20160601;   1;   14.2;  14.5;   7.5;  946.04;   90.13;   2.3;   19.0;   10.2;    8.4;  10.7;  12.5;   4;    1.517;-999;eor
Hof;20160602;   1;   14.4;  14.2;   7.3;  945.37;   87.04;   1.5;   21.1;   10.7;    7.9;   8.6;   1.5;   4;    3.317;-999;eor
Hof;20160603;   1;   13.7;  14.7;   7.8;  945.45;   93.25;   1.2;   18.5;   10.5;    8.9;   5.4;  15.1;   4;    0.900;-999;eor
Hof;20160604;   1;   16.6;  15.1;   7.6;  947.51;   81.08;   1.4;   21.1;   12.5;   11.8;   7.7;   0.0;   4;    2.717;-999;eor
Hof;20160605;   1;   17.1;  14.5;   6.1;  951.09;   75.88;   1.7;   22.3;   12.9;    9.0;   7.5;   2.7;   4;    8.900;-999;eor
Hof;20160606;   1;   18.2;  13.8;   2.0;  954.56;   67.96;   2.1;   24.2;   11.1;    7.8;   8.8;   0.0;   0;   13.533;-999;eor
Hof;20160607;   1;   18.0;  10.7;   4.0;  956.24;   54.88;   1.7;   23.6;   10.8;    6.1;   5.8;   0.0;   0;   14.783;-999;eor
Hof;20160608;   1;   16.6;  12.8;   6.9;  952.34;   69.54;   1.8;   23.1;   10.3;    5.6;   6.9;   2.1;   4;    9.850;-999;eor
Hof;20160609;   1;   13.4;  11.6;   6.9;  950.46;   76.04;   2.3;   16.9;   10.6;    7.0;   6.9;   0.0;   0;    2.050;-999;eor
Hof;20160610;   1;   14.5;  10.8;   6.8;  946.96;   67.50;   1.8;   19.6;    8.9;    6.1;   6.9;   0.0;   4;    5.600;-999;eor
