STATIONS_ID; MESS_DATUM; QUALITAETS_NIVEAU; LUFTTEMPERATUR;DAMPFDRUCK;BEDECKUNGSGRAD;LUFTDRUCK_STATIONSHOEHE;REL_FEUCHTE; WINDGESCHWINDIGKEIT; LUFTTEMPERATUR_MAXIMUM;LUFTTEMPERATUR_MINIMUM;LUFTTEMP_AM_ERDB_MINIMUM; WINDSPITZE_MAXIMUM; NIEDERSCHLAGSHOEHE;NIEDERSCHLAGSHOEHE_IND;SONNENSCHEINDAUER; SCHNEEHOEHE;eor
Mannheim;20141209;   3;    2.1;   6.7;   6.5; 1015.40;   94.75;   1.4;    3.9;   -1.0;   -3.2;   4.9;   0.0;   4;    0.233;   0;eor
Mannheim;20141210;   3;    2.1;   6.6;   6.8; 1011.07;   93.04;   4.9;    4.4;   -0.8;   -3.1;  12.5;   0.8;   4;    0.000;   0;eor
Mannheim;20141211;   3;    5.8;   8.3;   7.9; 1003.44;   90.46;   4.8;    7.3;    4.1;    3.2;  16.2;   4.8;   4;    0.000;   0;eor
Mannheim;20141212;   3;    8.6;   8.7;   7.9;  996.65;   77.83;   7.1;   11.8;    7.0;    5.4;  15.2;   0.3;   4;    0.017;   0;eor
Mannheim;20141213;   3;    9.5;   9.6;   7.8;  998.60;   81.17;   3.8;   12.0;    7.5;    6.3;  15.2;   5.4;   4;    0.000;   0;eor
Mannheim;20141214;   3;    5.6;   8.7;   7.9; 1004.47;   95.58;   1.9;    8.6;    4.3;    4.1;   5.3;   2.3;   4;    0.000;   0;eor
Mannheim;20141215;   3;    7.0;   8.5;   7.1; 1004.60;   85.29;   2.5;    9.8;    3.9;    0.6;   7.2;   6.2;   4;    4.050;   0;eor
Mannheim;20141216;   3;    5.9;   8.7;   6.6; 1002.43;   93.38;   2.8;    7.9;    0.2;   -2.2;   5.8;   0.5;   4;    0.017;   0;eor
Mannheim;20141217;   3;    4.0;   7.8;   7.5; 1000.41;   94.88;   4.7;    7.0;   -0.1;   -2.4;  12.9;   7.1;   4;    0.000;   0;eor
Mannheim;20141218;   3;   10.0;  11.4;   7.9; 1003.83;   92.25;   4.7;   13.7;    6.9;    6.5;  13.7;   0.1;   4;    0.000;   0;eor
Mannheim;20141219;   3;   10.6;  10.9;   7.8; 1006.22;   85.08;   5.5;   12.3;    6.4;    3.5;  15.6;  14.0;   4;    0.000;   0;eor
Mannheim;20141220;   3;    5.7;   7.5;   4.8; 1012.93;   81.46;   4.3;    7.7;    1.5;   -1.6;  15.5;   3.6;   4;    0.183;   0;eor
Mannheim;20141221;   3;    5.7;   7.7;   7.4; 1019.23;   84.58;   3.5;    7.9;    2.1;   -0.8;  10.1;   0.0;   4;    0.000;   0;eor
Mannheim;20141222;   3;    7.6;   8.1;   8.0; 1014.27;   77.83;   5.7;    8.5;    7.1;    6.0;  12.0;   0.0;   0;    0.100;   0;eor
Mannheim;20141223;   3;    7.5;   8.8;   7.4; 1012.17;   84.96;   4.7;    9.5;    0.3;   -2.2;  10.3;   0.0;   0;    0.067;   0;eor
Mannheim;20141224;   3;    6.7;   8.1;   6.9; 1009.55;   82.46;   4.8;   10.0;   -0.1;   -2.5;  11.8;   3.1;   4;    0.950;   0;eor
Mannheim;20141225;   3;    5.9;   7.2;   7.1; 1013.50;   76.92;   3.6;    8.4;    3.6;    1.0;  12.3;   0.4;   4;    1.483;   0;eor
Mannheim;20141226;   3;    2.1;   6.6;   6.9; 1016.23;   92.96;   1.7;    5.3;   -0.4;   -2.5;   6.5;   3.0;   4;    0.000;   0;eor
Mannheim;20141227;   3;    1.6;   6.3;   7.7;  991.24;   91.83;   5.2;    3.2;   -0.3;   -0.6;  14.1;   4.0;   4;    0.000;   0;eor
Mannheim;20141228;   3;   -2.9;   3.7;   3.6; 1007.46;   73.71;   4.5;   -0.2;   -7.3;   -9.4;  11.5;   0.5;   4;    5.183;   0;eor
Mannheim;20141229;   3;   -4.5;   4.2;   6.3; 1020.98;   94.33;   2.5;   -2.2;   -8.4;  -10.0;   6.7;   2.1;   4;    0.000;   1;eor
Mannheim;20141230;   3;   -0.9;   5.5;   7.9; 1023.65;   96.29;   2.3;    0.5;   -3.7;   -4.9;   4.9;   3.1;   4;    0.000;   4;eor
Mannheim;20141231;   3;    0.7;   6.1;   8.0; 1023.65;   95.08;   2.5;    1.4;    0.0;   -0.6;   5.1;   0.1;   4;    0.000;   5;eor
Mannheim;20150101;   3;    1.6;   6.5;   8.0; 1024.47;   94.46;   2.4;    3.0;    0.7;    0.0;   8.9;   0.0;   0;    0.000;   1;eor
Mannheim;20150102;   3;    1.5;   6.4;   5.8; 1020.13;   93.25;   4.7;    4.6;   -0.9;   -3.4;  10.9;   6.6;   4;    0.000;   0;eor
Mannheim;20150103;   3;    1.1;   6.5;   7.3; 1013.98;   98.58;   3.0;    2.8;   -1.0;   -3.5;   7.7;  22.1;   4;    0.000;   0;eor
Mannheim;20150104;   3;    2.2;   6.4;   7.0; 1020.58;   90.29;   2.1;    5.2;   -1.1;   -3.5;   8.6;   0.0;   4;    0.433;   0;eor
Mannheim;20150105;   3;    0.1;   5.7;   1.3; 1021.58;   93.13;   1.9;    4.4;   -3.5;   -6.6;   3.9;   0.0;   0;    7.133;   0;eor
Mannheim;20150106;   3;   -3.3;   4.7;   5.3; 1014.15;   98.25;   1.1;   -0.5;   -5.4;   -8.1;   4.2;   0.2;   4;    0.000;   0;eor
Mannheim;20150107;   3;    1.5;   6.5;   7.6; 1018.09;   94.83;   2.8;    4.0;   -0.5;   -0.7;   5.4;   0.1;   4;    0.133;   0;eor
Mannheim;20150108;   3;    6.1;   8.5;   7.7; 1015.20;   89.71;   5.3;   10.4;    1.3;    0.8;  13.5;   5.8;   4;    0.000;   0;eor
Mannheim;20150109;   3;    8.9;   9.6;   7.5; 1012.94;   83.33;   5.8;   13.7;    5.1;    2.1;  15.4;   5.3;   4;    0.000;   0;eor
Mannheim;20150110;   3;   12.8;  12.0;   7.6; 1004.87;   80.38;   6.4;   15.3;    5.5;    3.1;  21.1;   2.2;   4;    0.083;   0;eor
Mannheim;20150111;   3;    5.8;   6.0;   7.0; 1009.47;   65.88;   4.7;    7.4;    4.4;    1.6;  15.4;   0.0;   4;    2.117;   0;eor
Mannheim;20150112;   3;    7.1;   6.8;   7.5; 1011.24;   67.04;   5.4;    8.8;    4.2;    1.0;  12.9;   0.0;   4;    0.000;   0;eor
Mannheim;20150113;   3;    9.1;   6.5;   3.8; 1002.15;   56.46;   5.8;   14.5;    2.9;    0.2;  14.5;   1.8;   4;    6.800;   0;eor
Mannheim;20150114;   3;    6.1;   7.6;   5.2; 1002.70;   80.67;   5.1;    9.7;    1.5;   -1.6;  20.5;   3.0;   4;    0.933;   0;eor
Mannheim;20150115;   3;    7.5;   7.6;   7.5;  997.00;   73.79;   4.8;   10.6;    2.7;    0.9;  10.1;   1.5;   4;    0.033;   0;eor
Mannheim;20150116;   3;    6.1;   8.5;   7.8;  995.95;   91.25;   2.1;   10.6;    4.8;    4.2;  11.8;  12.9;   4;    0.000;   0;eor
Mannheim;20150117;   3;    3.8;   7.6;   6.8; 1003.26;   93.96;   1.4;    5.9;   -0.3;   -2.7;   4.0;   1.3;   4;    0.000;   0;eor
Mannheim;20150118;   3;    0.6;   6.1;   4.0; 1005.12;   95.21;   2.5;    4.9;   -2.9;   -5.0;   5.7;   0.0;   0;    6.767;   0;eor
Mannheim;20150119;   3;   -1.3;   5.5;   7.3; 1000.52;   99.08;   1.4;    0.5;   -3.6;   -5.0;   3.5;   0.7;   4;    0.000;   0;eor
Mannheim;20150120;   3;    0.4;   5.9;   7.6; 1000.37;   93.29;   1.3;    2.2;   -1.9;   -4.2;   3.1;   0.1;   4;    0.550;   0;eor
Mannheim;20150121;   3;    1.0;   5.4;   7.6;  999.82;   82.92;   2.1;    3.3;   -2.6;   -4.9;   7.0;   0.0;   0;    0.067;   0;eor
Mannheim;20150122;   3;    1.9;   5.7;   7.9; 1002.58;   80.79;   2.9;    2.7;    1.3;    1.0;   7.1;   0.0;   4;    0.000;   0;eor
Mannheim;20150123;   3;    1.6;   5.8;   6.6; 1011.03;   84.50;   2.3;    3.5;   -2.3;   -5.6;   5.7;   0.0;   0;    0.000;   0;eor
Mannheim;20150124;   3;   -0.6;   5.5;   6.3; 1010.91;   93.33;   1.9;    2.2;   -4.9;   -8.1;   7.7;   3.1;   4;    0.000;   0;eor
Mannheim;20150125;   3;   -0.2;   5.9;   6.8; 1017.33;   96.54;   1.6;    2.6;   -6.0;   -9.9;   4.2;   1.9;   4;    0.017;   2;eor
Mannheim;20150126;   3;    1.2;   6.5;   7.8; 1011.95;   97.67;   3.8;    2.4;    0.3;   -0.2;  10.6;   7.3;   4;    0.000;   0;eor
Mannheim;20150127;   3;    3.5;   6.7;   6.8; 1010.38;   85.79;   3.1;    5.9;    0.6;   -2.2;   9.9;   1.2;   4;    0.917;   0;eor
Mannheim;20150128;   3;    3.6;   7.0;   7.8; 1001.05;   88.67;   5.4;    5.4;    2.0;    1.1;  16.5;   3.4;   4;    0.000;   0;eor
Mannheim;20150129;   3;    2.8;   6.8;   6.3;  979.48;   90.58;   5.1;    4.4;   -0.4;   -2.7;  14.6;   3.6;   4;    0.050;   0;eor
Mannheim;20150130;   3;    1.8;   6.1;   7.0;  966.85;   88.13;   3.9;    3.9;   -2.2;   -3.8;  12.1;   0.1;   4;    0.133;   0;eor
Mannheim;20150131;   3;    1.6;   6.2;   7.5;  972.86;   90.79;   3.1;    3.9;   -0.4;   -1.5;   6.5;   1.6;   4;    0.017;   0;eor
Mannheim;20150201;   3;    2.0;   6.4;   7.7;  979.95;   90.21;   3.2;    4.9;    0.7;    0.0;   7.5;   2.1;   4;    0.583;   0;eor
Mannheim;20150202;   3;    2.5;   5.7;   7.2;  989.39;   77.63;   3.4;    5.2;    0.5;   -1.6;  10.4;   0.0;   4;    2.583;   0;eor
Mannheim;20150203;   3;    0.0;   5.0;   5.4;  992.85;   82.46;   1.7;    3.2;   -3.1;   -5.8;   5.1;   0.0;   0;    1.300;   0;eor
Mannheim;20150204;   3;   -1.3;   4.2;   4.2; 1000.85;   77.25;   3.0;    1.5;   -4.8;   -7.7;   8.1;   0.0;   0;    2.783;   0;eor
Mannheim;20150205;   3;   -0.4;   3.9;   6.7; 1006.31;   66.79;   4.4;    2.2;   -2.8;   -4.1;  12.8;   0.0;   0;    1.383;   0;eor
Mannheim;20150206;   3;    0.3;   3.7;   0.9; 1010.46;   59.33;   5.5;    4.2;   -2.4;   -4.6;  13.5;   0.0;   0;    7.017;   0;eor
Mannheim;20150207;   3;   -1.5;   3.6;   0.6; 1016.53;   67.92;   2.6;    2.9;   -5.6;   -8.8;   6.9;   0.0;   4;    8.367;   1;eor
Mannheim;20150208;   3;    1.0;   4.5;   5.1; 1015.62;   69.33;   2.9;    5.5;   -2.5;   -7.2;  13.1;   0.5;   4;    3.967;   0;eor
Mannheim;20150209;   3;    1.2;   6.1;   7.8; 1017.94;   90.83;   2.5;    3.9;   -0.9;   -1.8;   5.6;   0.5;   4;    0.000;   0;eor
Mannheim;20150210;   3;    3.2;   7.0;   7.9; 1018.56;   91.50;   1.9;    5.5;    1.3;    0.4;   5.8;   0.0;   0;    0.000;   0;eor
Mannheim;20150211;   3;    2.7;   6.2;   6.4; 1014.83;   83.83;   2.0;    5.1;   -2.2;   -5.2;   4.9;   0.0;   0;    0.300;   0;eor
Mannheim;20150212;   3;    0.8;   5.8;   4.7; 1011.74;   89.79;   1.2;    4.2;   -3.6;   -6.8;   3.2;   0.0;   0;    2.350;   0;eor
Mannheim;20150213;   3;    1.0;   5.8;   6.6; 1007.11;   88.75;   1.3;    5.2;   -4.0;   -6.6;   4.4;   0.0;   4;    4.133;   0;eor
Mannheim;20150214;   3;    1.5;   5.8;   3.7;  999.62;   86.29;   1.3;    7.7;   -2.3;   -6.0;   3.8;   0.0;   4;    4.633;   0;eor
Mannheim;20150215;   3;   -0.7;   5.1;   4.3; 1001.71;   88.67;   1.3;    3.7;   -5.1;   -8.1;   4.8;   0.0;   0;    1.017;   0;eor
Mannheim;20150216;   3;    2.1;   5.9;   8.0; 1008.25;   82.79;   1.5;    3.6;    0.9;    0.2;   3.9;   0.0;   0;    0.000;   0;eor
Mannheim;20150217;   3;    2.1;   6.0;   8.0; 1020.27;   84.96;   1.5;    3.5;    0.7;    0.6;   4.1;   0.0;   0;    0.000;   0;eor
Mannheim;20150218;   3;    2.7;   6.0;   8.0; 1027.60;   80.88;   1.8;    4.5;    1.1;    0.8;   6.8;   0.0;   0;    0.000;   0;eor
Mannheim;20150219;   3;    0.5;   5.4;   6.8; 1019.56;   84.71;   2.8;    2.6;   -3.2;   -6.2;   7.5;   0.0;   0;    0.000;   0;eor
Mannheim;20150220;   3;    4.8;   6.0;   4.0; 1003.35;   71.63;   4.7;   12.7;   -3.5;   -6.4;  10.9;   0.6;   4;    7.567;   0;eor
Mannheim;20150221;   3;    5.6;   6.9;   7.3;  989.58;   76.29;   4.0;    8.4;    0.8;   -1.8;  11.6;   0.3;   4;    0.400;   0;eor
Mannheim;20150222;   3;    1.9;   6.2;   5.6;  997.79;   87.88;   1.8;    6.9;   -2.7;   -5.3;   5.0;   0.0;   4;    0.750;   0;eor
Mannheim;20150223;   3;    2.0;   6.7;   6.7;  990.08;   93.88;   4.1;    5.1;   -1.8;   -4.6;   8.3;   8.4;   4;    0.000;   0;eor
Mannheim;20150224;   3;    4.7;   6.9;   6.8;  997.40;   81.79;   4.1;    7.8;    0.0;   -2.2;  11.5;   0.0;   4;    2.133;   0;eor
Mannheim;20150225;   3;    4.4;   6.6;   5.5; 1007.25;   80.75;   2.4;    9.9;    0.5;   -2.2;   8.9;   0.0;   4;    6.200;   0;eor
Mannheim;20150226;   3;    5.7;   6.3;   6.2; 1006.61;   70.42;   2.7;   11.0;    2.1;   -0.2;   6.3;   0.3;   4;    5.183;   0;eor
Mannheim;20150227;   3;    4.8;   7.1;   7.8; 1001.95;   82.79;   2.6;    6.4;    3.6;    3.0;  10.3;   7.2;   4;    0.000;   0;eor
Mannheim;20150228;   3;    3.6;   5.9;   2.8; 1008.02;   76.21;   2.6;    9.4;   -1.1;   -3.2;   7.5;   1.9;   4;    8.283;   0;eor
Mannheim;20150301;   3;    6.6;   8.5;   7.7;  996.61;   85.33;   5.4;   10.8;    2.3;    0.4;  15.7;   4.8;   4;    0.217;   0;eor
Mannheim;20150302;   3;    7.9;   7.3;   5.7;  996.74;   69.13;   5.0;   11.7;    3.0;   -1.7;  20.0;   1.7;   4;    2.867;   0;eor
Mannheim;20150303;   3;    6.3;   6.2;   4.5; 1008.83;   67.83;   4.5;   12.1;    0.1;   -2.5;  14.3;   1.4;   4;    7.467;   0;eor
Mannheim;20150304;   3;    5.4;   6.0;   5.1; 1014.59;   67.96;   3.2;    9.1;    0.3;   -2.6;  10.4;   0.0;   4;    4.517;   0;eor
Mannheim;20150305;   3;    4.7;   5.6;   4.8; 1023.93;   67.63;   2.8;    9.2;   -0.6;   -3.5;   9.1;   0.0;   0;    5.383;   0;eor
Mannheim;20150306;   3;    3.8;   5.9;   5.2; 1024.95;   75.75;   1.7;    9.6;   -2.0;   -4.4;   4.4;   0.0;   0;    3.450;   0;eor
Mannheim;20150307;   3;    3.4;   5.7;   3.3; 1020.76;   76.08;   1.2;   11.8;   -3.2;   -5.8;   4.1;   0.0;   0;    3.017;   0;eor
Mannheim;20150308;   3;    5.5;   6.3;   3.3; 1014.30;   72.79;   1.4;   14.6;   -3.1;   -5.5;   4.6;   0.0;   0;    7.483;   0;eor
Mannheim;20150309;   3;    7.8;   7.3;   1.1; 1013.40;   72.00;   1.9;   17.0;   -0.9;   -4.2;   7.5;   0.0;   0;   10.300;   0;eor
Mannheim;20150310;   3;    5.9;   8.6;   4.6; 1014.99;   90.46;   1.5;   10.4;   -1.7;   -4.6;   4.1;   1.0;   4;    1.850;   0;eor
Mannheim;20150311;   3;    5.6;   6.1;   0.3; 1017.53;   69.71;   2.5;   11.0;   -0.1;   -4.4;   6.4;   0.0;   0;   10.683;   0;eor
Mannheim;20150312;   3;    4.4;   5.4;   0.5; 1017.22;   67.04;   2.3;   12.4;   -3.4;   -6.3;   9.8;   0.0;   0;    9.317;   0;eor
Mannheim;20150313;   3;    5.0;   5.0;   3.9; 1011.70;   59.00;   3.4;    8.9;   -0.4;   -5.4;   7.6;   0.0;   0;    4.300;   0;eor
Mannheim;20150314;   3;    5.3;   6.3;   7.8; 1012.40;   70.67;   3.2;    7.4;    3.0;   -1.0;   7.3;   0.0;   4;    0.000;   0;eor
Mannheim;20150315;   3;    5.9;   6.7;   5.8; 1011.80;   72.29;   3.1;    9.2;    2.4;   -0.4;   7.7;   0.0;   0;    0.767;   0;eor
Mannheim;20150316;   3;    7.8;   6.6;   2.9; 1010.27;   64.83;   2.6;   14.9;    1.4;   -2.0;   5.7;   0.0;   0;    8.250;   0;eor
Mannheim;20150317;   3;   10.0;   7.1;   2.2; 1010.97;   62.13;   2.1;   19.0;    2.0;   -2.4;   5.1;   0.0;   0;    7.817;   0;eor
Mannheim;20150318;   3;   10.5;   8.0;   3.4; 1011.82;   65.88;   1.9;   19.4;    1.2;   -1.6;   6.3;   0.0;   0;    9.733;   0;eor
Mannheim;20150319;   3;   10.5;   8.6;   0.5; 1012.63;   70.58;   2.7;   17.1;    5.1;    0.3;   7.3;   0.0;   0;    9.150;   0;eor
Mannheim;20150320;   3;    8.0;   6.6;   0.1; 1010.63;   66.50;   1.9;   16.8;    0.3;   -3.5;   5.8;   0.0;   0;   10.700;   0;eor
Mannheim;20150321;   3;    4.9;   6.7;   4.8; 1005.48;   77.83;   2.2;    9.9;   -1.5;   -4.7;   7.6;   0.0;   4;    1.183;   0;eor
Mannheim;20150322;   3;    6.2;   6.5;   5.2; 1009.29;   70.46;   3.9;   10.7;    1.2;   -2.4;  11.5;   0.0;   0;    6.533;   0;eor
Mannheim;20150323;   3;    4.2;   6.4;   6.0; 1004.93;   77.92;   1.8;    9.9;   -0.6;   -4.0;   5.5;   0.0;   0;    0.000;   0;eor
Mannheim;20150324;   3;    6.4;   7.0;   1.0;  996.69;   75.38;   1.5;   15.7;   -2.0;   -4.9;   5.3;   0.0;   0;    7.750;   0;eor
Mannheim;20150325;   3;    9.9;   8.1;   3.2;  992.59;   68.63;   3.0;   18.4;    3.2;   -0.7;  11.4;   0.0;   4;    8.983;   0;eor
Mannheim;20150326;   3;    7.8;   7.7;   7.7;  997.56;   74.04;   3.6;   10.7;    5.7;    5.3;   9.9;   1.6;   4;    0.017;   0;eor
Mannheim;20150327;   3;    9.0;   6.8;   6.2; 1006.42;   60.67;   3.9;   12.9;    3.9;   -0.1;  12.7;   0.0;   0;    5.367;   0;eor
Mannheim;20150328;   3;    9.0;   7.3;   6.0; 1008.35;   65.13;   3.9;   14.8;    1.2;   -2.1;  14.0;   0.7;   4;    5.150;   0;eor
Mannheim;20150329;   3;   11.2;  11.0;   7.7;  994.42;   82.92;   6.8;   12.9;    8.3;    6.8;  18.3;   1.6;   4;    0.000;   0;eor
Mannheim;20150330;   3;    8.7;   7.0;   5.8;  994.81;   62.71;   5.5;   11.9;    3.3;   -0.8;  18.5;   0.3;   4;    2.217;   0;eor
Mannheim;20150331;   3;    9.8;   9.0;   7.0;  993.90;   74.13;   8.0;   15.0;    4.4;    3.6;  25.7;   7.6;   4;    2.450;   0;eor
Mannheim;20150401;   3;    6.8;   5.8;   6.1; 1006.86;   59.54;   5.8;   10.5;    4.6;    2.4;  16.7;   1.4;   4;    2.367;   0;eor
Mannheim;20150402;   3;    6.8;   6.0;   4.7; 1005.04;   62.17;   5.5;   11.3;    0.1;   -3.1;  15.1;   1.2;   4;    4.367;   0;eor
Mannheim;20150403;   3;    5.9;   5.6;   3.5; 1008.47;   63.25;   2.1;   12.3;   -2.8;   -6.1;   7.0;   0.1;   4;    9.833;   0;eor
Mannheim;20150404;   3;    6.1;   7.6;   7.6; 1003.81;   80.46;   2.7;    9.0;    3.5;    2.1;   8.7;   4.7;   4;    0.983;   0;eor
Mannheim;20150405;   3;    5.7;   4.5;   1.9; 1010.80;   53.04;   3.2;   12.0;   -0.4;   -4.0;   9.9;   0.0;   0;   10.483;   0;eor
Mannheim;20150406;   3;    4.8;   4.9;   3.1; 1016.60;   60.58;   2.6;   11.7;   -2.6;   -5.7;   9.5;   0.0;   0;    4.633;   0;eor
Mannheim;20150407;   3;    6.0;   5.2;   0.9; 1023.36;   59.71;   1.8;   13.6;   -2.5;   -5.8;   5.5;   0.0;   0;   11.183;   0;eor
Mannheim;20150408;   3;    8.2;   6.7;   0.4; 1020.31;   64.50;   1.6;   16.8;   -1.3;   -3.6;   7.5;   0.0;   0;   10.417;   0;eor
Mannheim;20150409;   3;   11.2;   8.2;   0.3; 1015.00;   65.25;   1.6;   20.2;    2.1;   -1.1;   7.0;   0.0;   0;   11.733;   0;eor
Mannheim;20150410;   3;   12.7;   8.2;   0.6; 1009.52;   61.17;   1.8;   22.9;    2.8;   -0.3;   7.7;   0.0;   4;   11.283;   0;eor
Mannheim;20150411;   3;   13.4;   9.6;   7.1; 1010.80;   62.42;   4.2;   18.2;    8.6;    4.9;  12.6;   0.1;   4;    0.517;   0;eor
Mannheim;20150412;   3;   13.2;   9.2;   4.1; 1016.86;   62.92;   2.2;   19.9;    6.9;    2.9;   8.9;   0.0;   0;    7.450;   0;eor
Mannheim;20150413;   3;   12.4;   8.6;   4.3; 1017.45;   61.54;   3.2;   18.5;    6.2;    2.3;  11.9;   0.0;   0;    4.633;   0;eor
Mannheim;20150414;   3;   13.5;   8.4;   0.8; 1015.84;   58.63;   2.6;   24.0;    2.2;   -0.7;  10.0;   0.0;   0;   11.900;   0;eor
Mannheim;20150415;   3;   16.6;   8.8;   0.6; 1006.65;   53.13;   2.8;   26.5;    7.2;    2.2;   8.7;   0.0;   0;   11.867;   0;eor
Mannheim;20150416;   3;   17.1;   8.8;   3.6; 1001.44;   47.96;   2.5;   24.5;    7.8;    3.9;   8.1;   0.0;   0;    8.250;   0;eor
Mannheim;20150417;   3;   12.0;   7.8;   6.3; 1003.15;   55.54;   3.5;   16.0;    6.7;    3.2;  10.9;   0.0;   4;    3.633;   0;eor
Mannheim;20150418;   3;    9.0;   5.4;   1.3; 1011.76;   50.00;   3.0;   15.1;    2.2;   -2.0;  10.2;   0.0;   0;   11.950;   0;eor
Mannheim;20150419;   3;   10.4;   5.4;   0.1; 1009.05;   47.29;   2.6;   18.7;    0.2;   -3.6;   8.6;   0.0;   0;   13.033;   0;eor
Mannheim;20150420;   3;   13.3;   6.3;   1.5; 1013.02;   44.21;   2.9;   20.5;    4.3;    0.1;   9.7;   0.0;   0;   12.433;   0;eor
Mannheim;20150421;   3;   15.1;   7.3;   0.3; 1016.08;   47.63;   2.2;   23.8;    4.8;    0.6;   6.3;   0.0;   0;   13.100;   0;eor
Mannheim;20150422;   3;   11.9;   6.6;   0.3; 1012.99;   50.50;   3.2;   19.4;    3.4;   -0.2;  11.5;   0.0;   0;   12.717;   0;eor
Mannheim;20150423;   3;   10.1;   7.0;   0.2; 1006.97;   60.21;   1.5;   18.8;    1.1;   -2.0;   6.6;   0.0;   0;   13.100;   0;eor
Mannheim;20150424;   3;   12.6;   7.4;   0.3; 1002.50;   55.13;   2.0;   21.6;    2.7;   -0.9;   6.1;   0.0;   0;   12.433;   0;eor
Mannheim;20150425;   3;   12.5;  11.6;   6.5;  998.77;   78.63;   3.1;   18.4;    6.0;    2.9;   8.8;   1.3;   4;    0.433;   0;eor
Mannheim;20150426;   3;   16.1;  13.5;   6.3;  995.45;   76.75;   3.0;   22.2;   11.4;   10.1;   9.5;   4.6;   4;    5.667;   0;eor
Mannheim;20150427;   3;   13.0;  13.4;   7.4;  991.53;   88.75;   3.8;   17.9;    7.3;    7.1;  13.6;   2.3;   4;    0.583;   0;eor
Mannheim;20150428;   3;   10.9;   7.3;   6.4; 1003.59;   59.50;   3.7;   16.5;    4.6;    1.1;  10.8;   0.0;   0;    5.950;   0;eor
Mannheim;20150429;   3;   10.0;   7.3;   3.3; 1006.63;   63.67;   1.7;   17.1;    1.5;   -1.2;   7.7;   0.0;   0;   11.050;   0;eor
Mannheim;20150430;   3;   11.8;   9.0;   7.4; 1002.82;   67.08;   3.6;   17.2;    6.8;    5.1;  12.8;   4.3;   4;    1.783;   0;eor
Mannheim;20150501;   3;    9.6;  10.4;   7.7;  996.64;   86.88;   1.8;   12.0;    7.7;    7.7;   5.8;   2.8;   4;    0.000;-999;eor
Mannheim;20150502;   3;   12.0;  10.4;   6.7;  999.39;   75.79;   1.7;   17.1;    6.3;    4.1;   6.4;   2.0;   4;    5.133;-999;eor
Mannheim;20150503;   3;   14.8;  15.8;   7.8;  995.03;   93.25;   3.2;   17.7;   11.6;   11.2;   8.2;  14.7;   4;    0.017;-999;eor
Mannheim;20150504;   3;   18.8;  15.1;   4.4;  996.90;   72.33;   3.4;   24.0;   11.4;    8.6;  11.0;   0.1;   4;    8.367;-999;eor
Mannheim;20150505;   3;   20.5;  14.4;   6.0;  993.83;   60.46;   4.9;   25.6;   11.0;    7.7;  15.0;   0.0;   4;    3.467;-999;eor
Mannheim;20150506;   3;   15.2;   9.1;   2.7; 1003.31;   56.21;   4.1;   21.0;    8.5;    5.4;  14.5;   0.0;   0;    8.650;-999;eor
Mannheim;20150507;   3;   13.6;   8.8;   4.6; 1007.52;   59.83;   2.7;   19.6;    7.1;    4.6;   9.9;   0.0;   0;    8.850;-999;eor
Mannheim;20150508;   3;   16.7;   9.7;   4.7; 1003.58;   53.92;   1.8;   23.0;    8.2;    5.6;   5.8;   0.0;   4;    9.700;-999;eor
Mannheim;20150509;   3;   17.0;  12.1;   6.2; 1008.14;   64.46;   3.8;   22.4;    9.9;    7.0;  13.4;   0.2;   4;    5.200;-999;eor
Mannheim;20150510;   3;   15.7;  10.8;   1.7; 1014.46;   62.71;   2.2;   21.5;    9.3;    6.4;   8.3;   0.0;   0;   11.983;-999;eor
Mannheim;20150511;   3;   17.9;  11.6;   2.6; 1011.06;   60.21;   2.3;   27.1;    8.3;    5.9;   8.1;   0.0;   0;   11.567;-999;eor
Mannheim;20150512;   3;   20.9;  13.5;   3.6; 1006.14;   58.00;   4.2;   30.6;   10.8;    8.7;  14.4;   0.0;   0;    8.900;-999;eor
Mannheim;20150513;   3;   16.9;   9.7;   3.0; 1005.73;   52.17;   2.0;   22.4;    8.4;    5.3;   6.2;   0.0;   4;   11.250;-999;eor
Mannheim;20150514;   3;   16.0;  10.6;   5.2;  999.93;   59.50;   2.1;   21.7;   10.9;    8.0;   6.5;   6.1;   4;    8.017;-999;eor
Mannheim;20150515;   3;   16.2;  11.2;   4.1; 1002.15;   64.83;   3.0;   22.5;   11.8;    8.7;  11.2;   0.0;   0;    7.333;-999;eor
Mannheim;20150516;   3;   15.5;   9.9;   4.8; 1011.15;   58.71;   3.0;   20.9;    8.0;    4.9;   9.7;   0.0;   4;    6.267;-999;eor
Mannheim;20150517;   3;   14.7;  10.2;   5.2; 1012.34;   63.21;   1.9;   19.6;    8.9;    5.9;   5.9;   0.0;   4;    5.900;-999;eor
Mannheim;20150518;   3;   16.7;   9.8;   1.0; 1000.00;   56.46;   3.3;   23.8;    7.2;    4.1;  10.6;   0.1;   4;   14.150;-999;eor
Mannheim;20150519;   3;   15.4;   8.3;   5.6;  997.73;   48.67;   3.8;   19.5;    8.6;    5.9;  11.0;   0.7;   4;    6.300;-999;eor
Mannheim;20150520;   3;   11.6;   9.2;   6.5; 1003.43;   67.79;   2.5;   15.7;    6.6;    4.0;   9.5;   5.9;   4;    4.550;-999;eor
Mannheim;20150521;   3;   11.5;   7.7;   2.5; 1012.48;   61.25;   2.4;   18.6;    3.9;    1.7;   8.1;   0.0;   0;   11.117;-999;eor
Mannheim;20150522;   3;   13.7;   8.0;   2.0; 1012.83;   56.42;   1.7;   21.1;    3.7;    1.4;   7.6;   0.0;   0;   11.833;-999;eor
Mannheim;20150523;   3;   17.0;  10.1;   7.9; 1007.47;   53.33;   2.5;   21.7;   12.3;    9.6;   8.2;   0.0;   0;    1.083;-999;eor
Mannheim;20150524;   3;   17.6;  12.7;   8.0; 1006.07;   64.46;   2.2;   22.3;   13.9;   13.4;   5.5;   0.0;   0;    0.417;-999;eor
Mannheim;20150525;   3;   15.7;  13.5;   7.3; 1002.67;   77.08;   1.7;   20.3;   11.5;    9.7;   9.3;   4.4;   4;    1.717;-999;eor
Mannheim;20150526;   3;   13.0;   9.7;   7.2; 1007.25;   66.29;   3.2;   17.9;    7.2;    4.4;  11.0;   0.0;   0;    2.883;-999;eor
Mannheim;20150527;   3;   10.7;   8.3;   5.1; 1011.77;   66.92;   1.8;   15.6;    4.7;    2.6;   6.2;   0.0;   0;    2.117;-999;eor
Mannheim;20150528;   3;   14.9;   9.8;   5.3; 1004.98;   61.33;   3.6;   22.8;    3.9;    1.9;  11.8;   0.0;   4;    7.900;-999;eor
Mannheim;20150529;   3;   15.0;  12.2;   7.1; 1000.74;   71.88;   2.9;   18.5;    9.8;    7.4;  10.9;   1.4;   4;    1.083;-999;eor
Mannheim;20150530;   3;   14.9;   9.1;   6.3; 1003.29;   56.54;   3.8;   19.9;    7.0;    4.3;  11.9;   0.0;   4;    4.633;-999;eor
Mannheim;20150531;   3;   16.1;  11.4;   5.7; 1003.64;   64.42;   3.4;   23.6;    5.9;    3.8;  10.9;   1.1;   4;    5.167;-999;eor
Mannheim;20150601;   3;   15.1;  14.0;   6.4; 1004.78;   82.17;   2.7;   17.9;   10.2;    8.6;   8.5;   7.2;   4;    1.333;-999;eor
Mannheim;20150602;   3;   18.4;  12.6;   4.8; 1005.09;   64.71;   4.3;   27.2;    9.8;    7.8;  13.2;   0.0;   0;    5.233;-999;eor
Mannheim;20150603;   3;   20.4;  13.3;   3.5; 1009.95;   57.04;   3.4;   26.8;   13.0;   10.0;  10.1;   0.0;   0;   10.517;-999;eor
Mannheim;20150604;   3;   20.1;  11.9;   1.9; 1012.78;   54.33;   1.8;   28.4;   10.9;    8.4;   5.3;   0.0;   0;   14.850;-999;eor
Mannheim;20150605;   3;   24.0;  15.3;   2.7; 1007.28;   54.96;   2.3;   33.2;   13.6;   11.5;   7.6;   0.0;   4;   14.600;-999;eor
Mannheim;20150606;   3;   24.6;  18.2;   5.0; 1009.37;   59.67;   3.3;   31.7;   18.3;   16.3;   9.8;   0.1;   4;    9.550;-999;eor
Mannheim;20150607;   3;   22.1;  11.5;   4.0; 1013.52;   44.96;   3.8;   27.4;   16.3;   15.7;   9.4;   0.0;   0;   12.717;-999;eor
Mannheim;20150608;   3;   17.6;  10.6;   6.2; 1012.20;   52.88;   4.4;   21.3;   13.7;   12.4;  11.0;   0.0;   0;    2.433;-999;eor
Mannheim;20150609;   3;   16.1;   9.7;   6.8; 1012.42;   53.50;   3.9;   20.2;   12.0;   10.1;  10.9;   0.0;   0;    1.650;-999;eor
Mannheim;20150610;   3;   16.7;  11.6;   6.1; 1011.32;   60.75;   2.8;   22.5;   10.6;    9.9;   7.1;   0.0;   0;    3.200;-999;eor
Mannheim;20150611;   3;   21.3;  13.7;   5.7; 1005.99;   55.00;   2.6;   26.1;   16.6;   15.3;   7.7;   0.0;   0;    7.617;-999;eor
Mannheim;20150612;   3;   22.9;  16.2;   3.9;  999.68;   60.75;   2.0;   31.8;   14.7;   12.8;   6.8;   1.0;   4;    9.783;-999;eor
Mannheim;20150613;   3;   21.0;  16.9;   4.5;  999.17;   70.17;   2.8;   26.7;   14.3;   11.5;   9.3;   0.0;   4;    5.050;-999;eor
Mannheim;20150614;   3;   21.3;  11.8;   2.6;  998.37;   52.17;   2.4;   29.1;   11.8;    9.7;   9.7;   0.0;   0;   13.550;-999;eor
Mannheim;20150615;   3;   20.6;  12.8;   5.0; 1003.45;   53.25;   4.0;   25.4;   16.2;   13.3;  11.7;   0.0;   0;    8.583;-999;eor
Mannheim;20150616;   3;   17.7;   9.7;   4.8; 1008.85;   49.42;   3.9;   23.3;   12.0;   10.8;  10.4;   0.0;   0;    5.200;-999;eor
Mannheim;20150617;   3;   16.8;   8.4;   2.5; 1010.80;   46.88;   2.5;   23.8;    8.7;    7.2;   6.7;   2.6;   4;   13.333;-999;eor
Mannheim;20150618;   3;   16.2;  14.0;   6.8; 1004.82;   75.96;   2.8;   20.5;   12.7;   11.0;   8.4;  13.3;   4;    1.667;-999;eor
Mannheim;20150619;   3;   13.2;  11.3;   6.9; 1006.82;   74.79;   2.1;   17.3;   10.1;    7.8;   7.1;   3.9;   4;    0.850;-999;eor
Mannheim;20150620;   3;   14.3;  10.8;   7.5; 1008.20;   68.08;   2.3;   18.9;   10.9;   10.4;  10.2;   0.0;   4;    3.533;-999;eor
Mannheim;20150621;   3;   15.6;  14.3;   7.5; 1005.55;   81.29;   3.1;   20.9;   12.2;   11.6;  10.0;   7.1;   4;    0.383;-999;eor
Mannheim;20150622;   3;   14.4;  13.6;   7.0;  999.77;   83.67;   3.2;   16.1;   12.0;   10.5;  12.2;   8.2;   4;    0.000;-999;eor
Mannheim;20150623;   3;   13.1;  12.1;   7.0; 1002.15;   80.25;   2.9;   17.5;   10.1;    8.1;  14.2;   2.8;   4;    2.383;-999;eor
Mannheim;20150624;   3;   15.2;  12.1;   4.4; 1010.34;   72.08;   1.5;   20.7;   10.2;    8.9;   5.8;   0.0;   0;    9.250;-999;eor
Mannheim;20150625;   3;   18.0;  12.7;   4.5; 1010.83;   65.96;   1.5;   26.2;   10.0;    8.6;   6.2;   0.0;   0;    8.167;-999;eor
Mannheim;20150626;   3;   20.5;  14.4;   4.0; 1008.51;   63.25;   2.1;   28.2;   11.2;    9.9;   7.1;   4.1;   4;    8.100;-999;eor
Mannheim;20150627;   3;   20.1;  17.1;   5.8; 1005.95;   73.58;   3.0;   25.2;   14.2;   11.9;  14.3;  14.7;   4;    6.483;-999;eor
Mannheim;20150628;   3;   19.0;  12.3;   3.3; 1009.83;   60.04;   1.6;   25.0;   11.3;    9.7;   5.5;   0.0;   0;   11.017;-999;eor
Mannheim;20150629;   3;   22.6;  15.2;   5.6; 1008.66;   58.33;   2.0;   29.6;   14.7;   13.2;   8.4;   0.0;   0;    7.767;-999;eor
Mannheim;20150630;   3;   23.9;  13.3;   2.5; 1008.32;   47.79;   2.2;   31.0;   15.8;   14.1;   5.8;   0.0;   0;   15.033;-999;eor
Mannheim;20150701;   3;   25.7;  15.8;   2.6; 1006.51;   51.92;   2.3;   33.4;   15.4;   13.4;   7.1;   0.0;   0;   15.000;-999;eor
Mannheim;20150702;   3;   27.9;  18.9;   2.7; 1007.48;   53.96;   2.2;   35.7;   18.7;   17.4;   7.1;   0.0;   0;   14.033;-999;eor
Mannheim;20150703;   3;   28.6;  20.7;   2.3; 1009.66;   56.21;   1.7;   36.9;   20.8;   19.3;   4.7;   0.0;   0;   13.967;-999;eor
Mannheim;20150704;   3;   29.9;  20.2;   3.0; 1007.21;   52.79;   2.1;   38.8;   20.0;   18.6;  10.2;   0.0;   0;   13.350;-999;eor
Mannheim;20150705;   3;   30.2;  20.2;   4.1; 1003.21;   50.58;   3.0;   38.3;   21.8;   20.3;  11.5;   1.4;   4;   11.467;-999;eor
Mannheim;20150706;   3;   23.8;  13.6;   3.8; 1008.38;   49.33;   2.3;   30.1;   16.7;   15.0;   9.5;   0.0;   0;   14.583;-999;eor
Mannheim;20150707;   3;   24.7;  17.8;   3.6;  999.80;   59.38;   2.4;   34.8;   15.0;   13.6;  12.0;   7.5;   4;   11.050;-999;eor
Mannheim;20150708;   3;   21.0;  11.5;   6.8; 1001.73;   46.67;   5.3;   24.0;   18.2;   17.8;  13.7;   0.5;   4;    5.283;-999;eor
Mannheim;20150709;   3;   17.7;  11.5;   5.8; 1008.05;   58.21;   3.6;   23.2;   10.6;    8.5;  10.9;   0.1;   4;    4.250;-999;eor
Mannheim;20150710;   3;   17.9;   8.9;   0.7; 1010.49;   48.88;   2.0;   25.9;    7.7;    6.4;   6.5;   0.0;   0;   14.750;-999;eor
Mannheim;20150711;   3;   23.2;  10.7;   3.3; 1004.15;   41.67;   2.7;   33.5;   11.6;    9.4;  11.9;   0.0;   0;   13.217;-999;eor
Mannheim;20150712;   3;   21.7;  12.8;   4.3; 1006.36;   52.79;   2.7;   28.8;   14.0;   12.5;  10.1;   0.2;   4;    8.833;-999;eor
Mannheim;20150713;   3;   20.3;  15.0;   7.8; 1006.65;   63.13;   2.6;   23.0;   17.3;   17.1;   8.9;   0.4;   4;    0.950;-999;eor
Mannheim;20150714;   3;   22.8;  16.8;   7.2; 1005.97;   62.25;   3.2;   28.3;   18.1;   16.1;  10.7;   0.0;   0;    2.033;-999;eor
Mannheim;20150715;   3;   23.4;  16.4;   4.2; 1007.20;   58.96;   1.7;   30.5;   17.8;   15.0;   5.5;   0.0;   0;    8.950;-999;eor
Mannheim;20150716;   3;   25.7;  16.0;   2.5; 1005.08;   52.96;   1.8;   33.9;   17.8;   16.1;   7.2;   0.0;   4;   14.150;-999;eor
Mannheim;20150717;   3;   27.2;  16.9;   6.0; 1002.75;   50.13;   3.0;   35.7;   18.3;   16.9;  10.2;   3.2;   4;    7.283;-999;eor
Mannheim;20150718;   3;   24.2;  20.8;   6.0; 1004.30;   70.79;   3.2;   29.9;   19.2;   17.7;  13.6;   0.1;   4;    5.967;-999;eor
Mannheim;20150719;   3;   23.1;  20.0;   6.3;  999.88;   71.42;   3.0;   27.5;   18.7;   17.1;  14.3;  13.7;   4;    2.217;-999;eor
Mannheim;20150720;   3;   23.5;  19.9;   7.4; 1002.69;   69.75;   2.2;   29.3;   18.5;   16.6;   7.0;   0.3;   4;    2.267;-999;eor
Mannheim;20150721;   3;   26.3;  19.9;   5.3; 1003.08;   59.75;   2.4;   32.5;   20.8;   19.5;   7.4;   0.0;   0;    9.633;-999;eor
Mannheim;20150722;   3;   26.7;  19.9;   4.8; 1001.36;   59.92;   2.2;   34.4;   19.1;   17.8;   9.3;   3.4;   4;    8.083;-999;eor
Mannheim;20150723;   3;   23.0;  14.5;   5.6; 1004.15;   53.96;   2.0;   28.0;   17.4;   16.3;   9.9;   0.0;   0;    6.950;-999;eor
Mannheim;20150724;   3;   24.6;  15.5;   3.5;  997.72;   52.58;   2.1;   32.1;   16.4;   14.3;  17.5;   4.9;   4;   12.350;-999;eor
Mannheim;20150725;   3;   19.3;  14.7;   5.9;  999.06;   65.71;   6.0;   23.1;   14.0;   11.3;  18.5;   0.1;   4;    6.000;-999;eor
Mannheim;20150726;   3;   17.1;  10.8;   3.8; 1001.80;   59.54;   2.4;   23.8;    8.9;    7.2;   8.8;   1.2;   4;    8.633;-999;eor
Mannheim;20150727;   3;   19.4;  13.9;   6.9;  994.58;   63.79;   5.2;   24.1;   15.5;   14.6;  15.9;   0.2;   4;    4.033;-999;eor
Mannheim;20150728;   3;   19.2;  10.8;   6.4;  997.83;   49.96;   5.1;   23.3;   13.9;   13.0;  13.7;   1.2;   4;    4.817;-999;eor
Mannheim;20150729;   3;   16.2;  11.8;   5.9;  999.67;   66.25;   3.5;   22.6;   10.0;    7.4;  13.3;   0.5;   4;    4.217;-999;eor
Mannheim;20150730;   3;   16.1;  10.1;   4.9; 1004.20;   59.63;   2.8;   24.2;    8.6;    6.6;  10.3;   0.0;   4;    5.500;-999;eor
Mannheim;20150731;   3;   17.3;  10.4;   2.2; 1005.72;   56.38;   2.6;   24.4;    8.6;    6.4;   8.5;   0.0;   0;   12.133;-999;eor
Mannheim;20150801;   3;   20.2;  11.7;   5.5; 1002.62;   50.83;   2.5;   26.9;   14.1;   12.6;   6.6;   0.0;   0;    7.083;-999;eor
Mannheim;20150802;   3;   21.7;  13.7;   2.4; 1006.16;   57.83;   1.7;   30.6;   13.7;   11.6;   5.6;   0.0;   0;   12.217;-999;eor
Mannheim;20150803;   3;   24.1;  13.4;   2.1; 1004.01;   50.67;   2.0;   33.6;   13.4;   11.7;   9.1;   0.0;   0;   14.050;-999;eor
Mannheim;20150804;   3;   21.0;  17.4;   4.3; 1003.41;   71.38;   2.5;   29.8;   15.1;   13.3;  12.8;   2.8;   4;    5.533;-999;eor
Mannheim;20150805;   3;   22.1;  15.6;   3.0; 1005.47;   63.79;   1.6;   30.4;   14.2;   12.8;   6.7;   0.0;   0;   12.283;-999;eor
Mannheim;20150806;   3;   25.7;  17.0;   3.4; 1002.87;   56.83;   1.6;   36.8;   15.2;   13.8;   8.2;   0.0;   0;   10.817;-999;eor
Mannheim;20150807;   3;   28.6;  16.5;   2.2; 1001.94;   47.92;   1.5;   39.8;   17.6;   16.2;   7.4;   0.0;   0;   12.850;-999;eor
Mannheim;20150808;   3;   27.4;  19.1;   5.4; 1006.05;   54.08;   3.5;   34.9;   21.9;   20.0;  11.3;   0.0;   4;    9.550;-999;eor
Mannheim;20150809;   3;   24.9;  19.4;   7.4; 1005.30;   63.29;   3.3;   31.1;   20.1;   19.8;   8.2;  14.9;   4;    4.650;-999;eor
Mannheim;20150810;   3;   24.0;  20.9;   4.8; 1003.17;   72.04;   2.9;   30.1;   19.6;   19.2;   8.6;   0.0;   0;    7.283;-999;eor
Mannheim;20150811;   3;   24.3;  18.9;   4.7; 1004.73;   63.96;   2.3;   30.3;   18.2;   17.0;   7.5;   0.0;   0;    8.817;-999;eor
Mannheim;20150812;   3;   26.3;  19.9;   2.0; 1006.59;   60.25;   2.4;   33.5;   19.5;   18.7;   7.2;   0.0;   0;   11.017;-999;eor
Mannheim;20150813;   3;   27.9;  18.6;   3.8; 1001.13;   53.21;   2.6;   36.6;   20.1;   19.3;  16.3;   0.8;   4;    8.717;-999;eor
Mannheim;20150814;   3;   22.8;  20.4;   7.5;  998.39;   75.08;   2.8;   27.6;   19.0;   18.0;   7.9;   2.8;   4;    3.767;-999;eor
Mannheim;20150815;   3;   21.0;  17.4;   6.5;  998.56;   71.96;   3.7;   26.0;   17.6;   16.7;   9.9;   3.4;   4;    5.483;-999;eor
Mannheim;20150816;   3;   17.3;  17.0;   7.9; 1000.86;   85.96;   2.8;   18.4;   16.1;   15.6;   7.7;   2.0;   4;    0.000;-999;eor
Mannheim;20150817;   3;   16.2;  15.1;   8.0; 1001.53;   81.96;   2.2;   17.8;   14.7;   14.5;   6.1;   3.6;   4;    0.000;-999;eor
Mannheim;20150818;   3;   16.6;  14.4;   6.5; 1003.91;   77.71;   1.3;   21.1;   11.7;    9.8;   4.7;   0.0;   4;    0.917;-999;eor
Mannheim;20150819;   3;   16.5;  13.0;   6.3; 1008.50;   71.63;   1.5;   21.9;   10.2;    8.7;   4.7;   0.0;   4;    2.117;-999;eor
Mannheim;20150820;   3;   17.8;  15.0;   6.0; 1011.60;   75.00;   1.6;   24.5;   12.4;   10.4;   6.6;   0.5;   4;    3.150;-999;eor
Mannheim;20150821;   3;   18.7;  13.7;   1.2; 1011.74;   67.04;   1.8;   26.3;   11.1;    9.1;   6.3;   0.0;   0;   11.267;-999;eor
Mannheim;20150822;   3;   20.4;  11.6;   2.5; 1006.29;   53.42;   2.2;   28.6;   12.8;   10.7;   7.8;   0.0;   0;   11.450;-999;eor
Mannheim;20150823;   3;   20.4;  13.8;   4.5;  997.20;   63.00;   3.3;   29.3;   12.3;    9.4;  15.4;   5.7;   4;    8.367;-999;eor
Mannheim;20150824;   3;   18.8;  18.2;   6.8;  995.30;   83.88;   4.2;   24.0;   15.4;   13.6;  11.4;   1.8;   4;    0.567;-999;eor
Mannheim;20150825;   3;   17.7;  11.4;   5.4; 1004.95;   57.75;   4.1;   22.7;   14.6;   12.5;  15.1;   0.0;   0;    7.033;-999;eor
Mannheim;20150826;   3;   20.6;  12.9;   3.0; 1004.28;   55.92;   3.3;   28.5;   13.8;   11.2;   9.0;   0.0;   0;   12.333;-999;eor
Mannheim;20150827;   3;   24.3;  15.5;   5.9;  999.67;   53.54;   3.8;   33.0;   14.8;   13.2;  12.5;   9.2;   4;    8.500;-999;eor
Mannheim;20150828;   3;   18.4;  19.9;   7.8; 1006.20;   93.96;   2.0;   20.1;   16.2;   16.0;   7.6;   4.9;   4;    0.050;-999;eor
Mannheim;20150829;   3;   23.5;  20.6;   4.6; 1009.01;   73.88;   1.8;   31.2;   16.2;   15.3;   5.7;   0.0;   0;   11.000;-999;eor
Mannheim;20150830;   3;   25.7;  21.4;   2.3; 1005.45;   69.33;   1.9;   34.5;   18.5;   16.9;   7.3;   0.0;   0;   11.250;-999;eor
Mannheim;20150831;   3;   26.7;  16.5;   3.6; 1000.75;   52.88;   3.0;   34.5;   18.3;   16.9;  12.0;   0.0;   0;   12.083;-999;eor
Mannheim;20150901;   3;   20.5;  16.8;   6.0; 1000.29;   70.00;   3.2;   28.3;   14.4;   12.0;  15.4;   0.0;   4;    1.533;-999;eor
Mannheim;20150902;   3;   17.7;  13.3;   6.5; 1004.83;   68.13;   1.3;   22.8;   12.3;   10.6;   4.9;   0.0;   4;    4.400;-999;eor
Mannheim;20150903;   3;   18.2;  11.1;   5.8; 1002.70;   55.79;   2.3;   23.3;   11.7;    8.1;   8.1;   0.0;   0;    6.650;-999;eor
Mannheim;20150904;   3;   14.6;   9.5;   2.9; 1004.23;   60.08;   2.6;   20.7;    8.1;    5.8;   9.6;   0.0;   0;    6.600;-999;eor
Mannheim;20150905;   3;   13.2;  10.8;   5.8; 1005.60;   72.04;   3.1;   17.2;    6.6;    4.3;  11.7;   0.4;   4;    0.317;-999;eor
Mannheim;20150906;   3;   14.0;   9.1;   5.8; 1011.48;   58.63;   3.5;   18.5;    8.9;    6.3;   9.5;   0.3;   4;    4.700;-999;eor
Mannheim;20150907;   3;   13.5;  12.1;   7.8; 1013.98;   78.79;   2.0;   17.0;    9.9;    9.3;   6.5;   1.6;   4;    0.000;-999;eor
Mannheim;20150908;   3;   15.1;  12.4;   6.8; 1012.37;   74.42;   1.9;   21.7;   10.5;    8.0;   6.7;   0.0;   0;    1.550;-999;eor
Mannheim;20150909;   3;   15.9;  10.2;   3.5; 1009.63;   59.29;   2.9;   22.6;    8.9;    6.7;   9.1;   0.0;   0;    7.300;-999;eor
Mannheim;20150910;   3;   16.0;   8.9;   1.4; 1008.18;   50.83;   3.6;   22.0;    9.8;    5.3;  11.3;   0.0;   0;   10.917;-999;eor
Mannheim;20150911;   3;   14.9;   9.6;   1.4; 1005.14;   59.67;   1.8;   22.6;    7.7;    5.0;   6.6;   0.0;   0;   11.483;-999;eor
Mannheim;20150912;   3;   17.8;  14.1;   6.5; 1003.04;   70.08;   2.4;   26.8;    9.1;    6.9;   9.1;   1.5;   4;    5.283;-999;eor
Mannheim;20150913;   3;   18.0;  17.8;   6.0;  998.04;   86.42;   2.0;   22.2;   14.8;   12.4;  10.1;   3.3;   4;    1.933;-999;eor
Mannheim;20150914;   3;   16.4;  15.4;   5.4;  994.38;   83.58;   4.4;   23.3;   11.1;    8.8;  16.3;   4.8;   4;    3.983;-999;eor
Mannheim;20150915;   3;   14.2;  11.9;   5.3;  996.72;   74.25;   4.2;   17.8;   10.5;    8.0;  11.1;   1.8;   4;    1.400;-999;eor
Mannheim;20150916;   3;   16.6;  15.6;   7.5;  988.30;   83.17;   3.5;   21.3;   12.9;   12.6;   9.4;   6.4;   4;    0.500;-999;eor
Mannheim;20150917;   3;   14.5;  15.3;   7.2;  994.30;   92.13;   4.4;   16.1;   10.3;    8.2;  13.9;   8.5;   4;    1.000;-999;eor
Mannheim;20150918;   3;   14.8;  13.8;   5.4; 1005.46;   82.79;   3.0;   20.7;   10.5;    8.2;  10.6;   3.6;   4;    5.183;-999;eor
Mannheim;20150919;   3;   14.2;  14.0;   7.3; 1009.86;   86.63;   2.2;   18.3;   12.3;    9.7;   5.9;   2.5;   4;    2.533;-999;eor
Mannheim;20150920;   3;   13.7;  12.5;   6.8; 1012.21;   80.92;   1.5;   18.0;   10.0;    8.6;   5.0;   0.0;   0;    2.217;-999;eor
Mannheim;20150921;   3;   13.3;  11.4;   2.2; 1004.72;   77.42;   1.6;   20.6;    6.2;    4.5;   6.9;   0.0;   4;   10.267;-999;eor
Mannheim;20150922;   3;   13.7;  13.8;   7.5;  994.07;   87.75;   3.6;   16.4;   11.3;    9.6;  10.4;   6.5;   4;    0.433;-999;eor
Mannheim;20150923;   3;   12.9;  12.5;   7.5;  999.44;   85.17;   3.3;   17.1;   10.5;    9.1;   9.7;   4.3;   4;    0.683;-999;eor
Mannheim;20150924;   3;   13.7;  12.2;   4.6; 1008.12;   80.17;   2.5;   19.6;    9.1;    6.9;   6.8;   0.0;   4;    7.517;-999;eor
Mannheim;20150925;   3;   13.9;  12.9;   6.8; 1010.22;   82.00;   1.7;   18.6;    8.4;    6.1;   5.8;   0.0;   0;    1.583;-999;eor
Mannheim;20150926;   3;   15.2;  11.3;   7.3; 1012.72;   66.54;   3.0;   19.5;   12.2;   11.6;   8.6;   0.0;   0;    2.133;-999;eor
Mannheim;20150927;   3;   14.6;   9.3;   2.3; 1017.86;   57.46;   4.0;   19.3;    8.9;    5.1;  11.1;   0.0;   0;    9.600;-999;eor
Mannheim;20150928;   3;   13.1;   8.6;   1.3; 1021.85;   59.29;   3.9;   19.1;    6.8;    4.7;  10.9;   0.0;   0;    8.883;-999;eor
Mannheim;20150929;   3;   14.0;   8.5;   1.5; 1020.13;   54.33;   4.6;   19.1;    9.3;    6.5;  15.1;   0.0;   0;    8.917;-999;eor
Mannheim;20150930;   3;   13.1;   7.7;   0.6; 1018.85;   53.00;   4.1;   18.1;    7.6;    3.0;  10.6;   0.0;   0;   10.883;-999;eor
Mannheim;20151001;   3;   11.5;   7.4;   0.6; 1015.81;   56.96;   3.6;   18.0;    6.0;    3.0;   9.8;   0.0;   0;   10.817;-999;eor
Mannheim;20151002;   3;   12.5;   8.7;   1.5; 1010.00;   62.79;   3.1;   20.8;    4.5;    2.2;   8.5;   0.0;   0;   10.767;   0;eor
Mannheim;20151003;   3;   13.1;  11.0;   2.9; 1004.02;   75.13;   2.2;   21.1;    5.9;    3.6;   6.8;   0.6;   4;    9.883;   0;eor
Mannheim;20151004;   3;   11.8;  13.3;   5.8; 1005.55;   95.13;   2.0;   15.5;    7.2;    4.5;   5.0;   4.9;   4;    0.300;   0;eor
Mannheim;20151005;   3;   12.9;  12.9;   6.4; 1001.63;   87.04;   2.0;   18.2;    6.0;    3.7;   9.2;   1.1;   4;    2.550;   0;eor
Mannheim;20151006;   3;   17.0;  17.5;   6.9;  994.76;   90.33;   3.5;   21.3;   14.0;   12.2;   7.1;   2.4;   4;    1.300;   0;eor
Mannheim;20151007;   3;   15.3;  14.7;   7.7; 1001.65;   84.50;   3.1;   18.5;    9.5;    7.4;  10.1;   0.0;   4;    0.950;   0;eor
Mannheim;20151008;   3;   12.0;  11.8;   5.4; 1008.34;   85.29;   1.6;   18.3;    7.4;    4.3;   5.3;   0.0;   0;    4.283;   0;eor
Mannheim;20151009;   3;   12.7;  12.0;   8.0; 1008.53;   82.54;   1.9;   17.1;    9.1;    7.3;   5.2;   0.0;   0;    0.717;   0;eor
Mannheim;20151010;   3;   12.1;  11.8;   7.7; 1005.45;   83.54;   3.4;   14.4;    9.2;    7.5;   8.9;   0.0;   0;    0.150;   0;eor
Mannheim;20151011;   3;   10.4;   8.2;   2.6; 1003.45;   66.75;   3.2;   16.1;    5.8;    3.1;   8.5;   0.0;   0;    8.550;   0;eor
Mannheim;20151012;   3;    8.2;   6.5;   2.6; 1004.78;   61.33;   2.5;   13.9;    1.5;   -0.4;   6.6;   0.0;   0;    7.867;   0;eor
Mannheim;20151013;   3;    6.7;   7.5;   3.2; 1002.94;   78.00;   2.6;   13.8;    0.7;   -1.5;   8.1;   4.4;   4;    7.100;   0;eor
Mannheim;20151014;   3;    4.3;   7.7;   8.0; 1005.12;   92.33;   2.2;    5.4;    2.3;    2.5;   6.2;   0.2;   4;    0.000;   0;eor
Mannheim;20151015;   3;    5.0;   8.1;   7.9; 1003.82;   92.50;   2.3;    6.1;    4.0;    3.9;   6.3;   1.0;   4;    0.000;   0;eor
Mannheim;20151016;   3;    6.5;   8.5;   8.0; 1006.57;   87.71;   1.2;    7.7;    5.3;    5.1;   4.0;   0.0;   0;    0.000;   0;eor
Mannheim;20151017;   3;    7.0;   8.1;   8.0; 1006.85;   81.92;   2.0;    9.6;    5.0;    4.5;   5.0;   0.4;   4;    0.050;   0;eor
Mannheim;20151018;   3;    7.5;   9.3;   7.6; 1007.13;   89.67;   1.3;   10.7;    4.7;    3.1;   4.2;   0.1;   4;    0.917;   0;eor
Mannheim;20151019;   3;    7.7;   8.7;   6.5; 1009.32;   84.42;   1.3;   12.4;    2.4;    0.3;   3.9;   0.0;   4;    4.250;   0;eor
Mannheim;20151020;   3;    9.6;  10.1;   7.5; 1010.24;   84.58;   1.3;   13.4;    7.4;    5.2;   6.2;   0.0;   4;    0.550;   0;eor
Mannheim;20151021;   3;    9.0;  10.2;   7.7; 1009.13;   89.08;   1.5;   11.8;    4.7;    2.0;   3.4;   0.0;   4;    0.067;   0;eor
Mannheim;20151022;   3;    9.6;  10.8;   7.7; 1006.71;   89.83;   2.9;   12.2;    5.1;    2.7;   6.9;   0.4;   4;    0.000;   0;eor
Mannheim;20151023;   3;   11.4;  11.8;   7.8; 1011.96;   87.83;   1.6;   14.6;    8.9;    6.3;   4.2;   0.0;   0;    0.000;   0;eor
Mannheim;20151024;   3;   10.6;  10.6;   5.0; 1007.14;   84.29;   2.4;   16.3;    5.2;    2.6;   6.8;   0.0;   4;    5.567;   0;eor
Mannheim;20151025;   3;   12.1;  12.2;   7.3; 1011.89;   86.75;   1.6;   15.5;    6.3;    2.7;   4.8;   0.0;   0;    0.733;   0;eor
Mannheim;20151026;   3;    9.7;  10.4;   0.4; 1008.54;   86.88;   1.8;   15.7;    3.6;    1.1;   5.0;   0.0;   0;    8.733;   0;eor
Mannheim;20151027;   3;    7.7;   9.7;   7.3; 1005.85;   92.21;   1.1;   10.0;    2.4;    0.8;   4.1;   0.0;   0;    0.000;   0;eor
Mannheim;20151028;   3;    9.2;  10.2;   7.1; 1001.40;   88.42;   1.3;   11.9;    5.5;    3.3;   3.4;   0.0;   4;    1.017;   0;eor
Mannheim;20151029;   3;   10.5;  11.5;   6.6; 1007.52;   90.63;   1.5;   14.5;    4.8;    2.6;   3.4;   0.0;   0;    0.000;   0;eor
Mannheim;20151030;   3;   10.6;  10.2;   5.8; 1014.42;   80.25;   3.0;   14.0;    7.0;    4.0;   7.5;   0.0;   0;    4.533;   0;eor
Mannheim;20151031;   3;    8.2;   9.3;   3.7; 1016.04;   85.63;   1.9;   13.0;    1.9;   -0.7;   5.3;   0.0;   0;    1.633;   0;eor
Mannheim;20151101;   3;    5.0;   8.7;   7.8; 1019.14;   99.00;   1.3;    7.2;    1.5;   -1.0;   3.9;   0.0;   0;    0.000;   0;eor
Mannheim;20151102;   3;    4.6;   8.3;   8.0; 1016.75;   97.92;   1.5;    5.8;    3.4;    3.7;   4.4;   0.0;   4;    0.000;   0;eor
Mannheim;20151103;   3;    3.9;   8.0;   7.9; 1011.45;   98.67;   1.7;    4.8;    2.7;    3.1;   4.8;   0.0;   4;    0.000;   0;eor
Mannheim;20151104;   3;    7.9;   9.1;   6.3; 1010.38;   86.67;   1.8;   13.4;    4.1;    3.7;   5.4;   0.0;   0;    5.133;   0;eor
Mannheim;20151105;   3;   10.1;  10.6;   4.7; 1010.12;   87.17;   1.1;   17.7;    4.3;    1.8;   3.3;   0.0;   4;    8.317;   0;eor
Mannheim;20151106;   3;   14.0;  13.5;   7.5; 1011.48;   84.38;   3.5;   19.3;    8.3;    7.5;  10.3;   2.0;   4;    0.383;   0;eor
Mannheim;20151107;   3;   15.5;  16.7;   7.3; 1013.85;   94.92;   3.3;   18.8;   13.2;   10.4;   6.8;   0.0;   4;    0.000;   0;eor
Mannheim;20151108;   3;   13.4;  14.2;   1.5; 1015.23;   92.71;   2.0;   19.7;    7.9;    5.1;   7.8;   0.0;   4;    5.717;   0;eor
Mannheim;20151109;   3;   15.5;  12.9;   5.9; 1013.56;   74.29;   4.2;   19.8;   10.8;    8.0;  12.3;   0.0;   4;    1.717;   0;eor
Mannheim;20151110;   3;   14.2;  11.9;   7.5; 1015.03;   74.00;   3.3;   16.6;   11.8;    9.7;  11.3;   0.2;   4;    0.083;   0;eor
Mannheim;20151111;   3;   11.5;  11.1;   5.7; 1014.62;   82.08;   2.9;   14.7;    5.8;    2.1;   6.4;   0.0;   4;    3.750;   0;eor
Mannheim;20151112;   3;    9.8;  10.4;   5.2; 1014.74;   85.33;   2.5;   14.6;    3.5;    0.6;   5.8;   0.0;   4;    2.117;   0;eor
Mannheim;20151113;   3;    8.9;  10.2;   4.9; 1013.63;   88.58;   3.8;   12.6;    2.0;   -0.2;  12.0;   3.8;   4;    0.800;   0;eor
Mannheim;20151114;   3;    9.6;   8.5;   5.4; 1016.16;   71.63;   4.1;   11.8;    6.6;    2.5;  10.4;   0.3;   4;    1.833;   0;eor
Mannheim;20151115;   3;   11.6;  10.3;   5.8; 1006.41;   75.29;   5.2;   15.1;    5.7;    2.0;  15.0;   0.0;   0;    1.333;   0;eor
Mannheim;20151116;   3;    8.9;   9.0;   3.7; 1006.23;   79.38;   3.8;   13.8;    2.4;   -1.5;  10.9;   2.3;   4;    4.867;   0;eor
Mannheim;20151117;   3;   12.7;  12.7;   7.6; 1002.50;   85.92;   6.7;   15.5;    9.8;    9.2;  14.1;   0.1;   4;    0.000;   0;eor
Mannheim;20151118;   3;   14.7;  10.5;   7.3; 1006.15;   62.58;   5.7;   16.7;   12.0;    9.1;  17.5;   0.0;   4;    0.633;   0;eor
Mannheim;20151119;   3;   14.5;  12.1;   7.9; 1004.22;   73.79;   6.2;   16.1;   11.6;   11.1;  15.4;  19.4;   4;    0.017;   0;eor
Mannheim;20151120;   3;    8.5;  10.6;   7.8;  995.56;   95.17;   2.1;   12.7;    5.7;    4.6;   7.9;  23.2;   4;    0.000;   0;eor
Mannheim;20151121;   3;    4.0;   7.4;   6.2;  987.21;   90.71;   3.0;    6.2;    1.2;   -1.2;  11.3;   7.7;   4;    0.083;   0;eor
Mannheim;20151122;   3;    2.8;   6.3;   6.1;  995.99;   85.33;   2.6;    6.3;   -0.5;   -2.6;   9.7;   0.3;   4;    3.150;   0;eor
Mannheim;20151123;   3;    2.4;   6.7;   7.8; 1010.29;   92.08;   1.9;    4.4;   -1.1;   -2.8;   5.2;   0.1;   4;    0.000;   0;eor
Mannheim;20151124;   3;    1.3;   5.9;   4.4; 1009.43;   88.33;   4.4;    3.5;   -1.0;   -3.1;  10.7;   7.2;   4;    1.750;   0;eor
Mannheim;20151125;   3;    2.9;   7.4;   7.8;  996.95;   97.42;   3.4;    5.5;    0.5;   -0.3;   7.7;   2.8;   4;    0.000;   0;eor
Mannheim;20151126;   3;    3.6;   7.5;   6.1; 1004.45;   94.88;   1.3;    7.7;   -2.5;   -4.1;   6.0;   0.6;   4;    0.500;   0;eor
Mannheim;20151127;   3;   -0.6;   5.8;   7.2; 1007.62;   99.29;   1.7;    1.1;   -3.1;   -4.7;   8.7;   0.5;   4;    0.000;   0;eor
Mannheim;20151128;   3;    2.7;   6.5;   6.8; 1004.23;   88.58;   4.3;    7.1;    0.1;   -1.1;  10.2;   1.7;   4;    0.933;   0;eor
Mannheim;20151129;   3;    7.4;   8.8;   7.9; 1005.25;   84.38;   7.5;   11.6;    4.2;    3.1;  17.6;   0.8;   4;    0.000;   0;eor
Mannheim;20151130;   3;   11.2;  10.2;   7.8; 1008.34;   76.71;   6.3;   12.5;    9.5;    8.9;  18.0;   3.5;   4;    0.000;   0;eor
Mannheim;20151201;   3;   11.2;  11.3;   7.9; 1013.55;   84.79;   4.6;   12.3;   10.0;    9.1;  12.2;   1.2;   4;    0.000;   0;eor
Mannheim;20151202;   3;   10.2;   9.8;   8.0; 1017.76;   78.96;   2.2;   11.8;    7.2;    6.0;   6.8;   0.0;   0;    0.000;   0;eor
Mannheim;20151203;   3;    6.8;   8.5;   5.3; 1017.79;   85.92;   2.6;   10.5;    1.1;   -0.9;   9.0;   0.0;   0;    2.250;   0;eor
Mannheim;20151204;   3;    5.6;   8.6;   6.8; 1018.71;   94.00;   3.9;    9.2;    1.6;   -0.4;   9.4;   0.6;   4;    0.000;   0;eor
Mannheim;20151205;   3;    5.2;   8.3;   2.6; 1019.79;   94.33;   2.8;    9.7;    0.4;   -2.0;   7.4;   0.0;   0;    4.583;   0;eor
Mannheim;20151206;   3;    7.5;   9.2;   3.7; 1016.64;   88.54;   4.3;   11.0;    3.3;    0.7;   9.8;   0.1;   4;    3.867;   0;eor
Mannheim;20151207;   3;    7.6;   9.2;   1.0; 1020.50;   87.96;   2.6;   14.0;    1.4;   -1.3;   6.3;   0.0;   0;    7.150;   0;eor
Mannheim;20151208;   3;    3.4;   7.8;   6.7; 1019.96;   99.88;   1.5;    5.7;   -0.2;   -2.2;   4.5;   6.8;   4;    0.000;   0;eor
Mannheim;20151209;   3;    6.1;   8.6;   4.3; 1024.27;   91.71;   2.2;   10.5;    0.6;   -3.1;   7.8;   0.0;   0;    2.533;   0;eor
Mannheim;20151210;   3;    0.7;   6.4;   6.1; 1023.55;   99.88;   2.0;    2.9;   -2.3;   -4.6;   7.5;   0.0;   0;    0.433;   0;eor
Mannheim;20151211;   3;    4.7;   7.4;   6.8; 1016.16;   86.08;   4.6;    9.2;   -0.3;   -1.6;  11.9;   0.0;   4;    0.767;   0;eor
Mannheim;20151212;   3;    9.3;   9.8;   7.9; 1012.28;   83.63;   3.7;    9.9;    8.3;    5.7;   9.5;   0.0;   4;    0.000;   0;eor
Mannheim;20151213;   3;    9.2;   9.4;   7.7; 1009.64;   81.04;   2.9;   11.1;    6.3;    4.9;   8.2;   0.0;   0;    0.767;   0;eor
Mannheim;20151214;   3;    5.7;   8.0;   3.2; 1010.49;   87.38;   1.9;    9.0;    0.4;   -2.1;   6.7;   0.0;   0;    6.567;   0;eor
Mannheim;20151215;   3;    6.3;   8.5;   7.0; 1012.83;   89.13;   2.9;   10.8;    1.7;   -0.7;   5.7;   0.0;   4;    1.117;   0;eor
Mannheim;20151216;   3;    8.8;  11.1;   7.8; 1014.69;   96.75;   3.7;   11.2;    5.8;    3.6;   9.0;   6.9;   4;    0.000;   0;eor
Mannheim;20151217;   3;   11.3;  13.1;   7.0; 1014.15;   97.17;   3.4;   13.1;    9.8;    7.3;   6.1;   0.2;   4;    0.000;   0;eor
Mannheim;20151218;   3;   10.9;  12.1;   7.9; 1012.57;   92.83;   2.6;   13.0;    8.9;    6.2;   6.8;   0.3;   4;    0.033;   0;eor
Mannheim;20151219;   3;    9.6;  10.8;   3.6; 1011.95;   89.96;   2.7;   13.6;    3.7;    0.9;   5.6;   0.0;   0;    5.000;   0;eor
Mannheim;20151220;   3;    7.7;   9.4;   5.2; 1009.74;   89.33;   3.0;   11.2;    2.1;    0.3;   6.8;   1.8;   4;    2.333;   0;eor
Mannheim;20151221;   3;    9.8;  10.5;   7.0; 1013.46;   86.33;   5.0;   11.3;    8.8;    7.6;  12.6;   3.1;   4;    2.067;   0;eor
Mannheim;20151222;   3;   11.0;   9.8;   5.8; 1015.65;   75.13;   5.0;   14.0;    7.6;    5.0;  12.4;   0.0;   0;    1.517;   0;eor
Mannheim;20151223;   3;    8.5;  10.1;   4.4; 1016.05;   91.46;   4.1;   11.0;    4.0;    0.4;  10.0;   0.0;   4;    0.000;   0;eor
Mannheim;20151224;   3;    9.2;  10.2;   6.7; 1013.60;   88.04;   3.1;   14.0;    2.7;    0.3;   8.1;   0.1;   4;    3.583;   0;eor
Mannheim;20151225;   3;   12.2;  11.1;   7.6; 1017.35;   78.58;   3.9;   15.2;    9.2;    7.6;  10.4;   0.0;   4;    1.617;   0;eor
Mannheim;20151226;   3;    9.6;  10.0;   2.8; 1017.86;   84.04;   4.1;   14.2;    5.0;    1.9;   8.0;   0.0;   0;    6.900;   0;eor
Mannheim;20151227;   3;    7.6;   9.1;   1.5; 1018.28;   86.63;   3.9;   12.5;    2.1;   -0.8;   9.5;   0.0;   0;    6.367;   0;eor
Mannheim;20151228;   3;    1.9;   7.0;   6.0; 1016.90;   99.88;   1.3;    3.7;   -0.7;   -2.4;   3.6;   0.0;   0;    0.000;   0;eor
Mannheim;20151229;   3;    2.6;   6.7;   4.5; 1016.51;   91.29;   1.7;    7.1;   -2.1;   -3.6;   4.9;   0.0;   0;    5.867;   0;eor
Mannheim;20151230;   3;    5.0;   7.5;   5.9; 1015.60;   85.96;   2.4;    7.9;   -0.5;   -2.7;   7.8;   0.1;   4;    1.217;   0;eor
Mannheim;20151231;   3;    3.4;   7.5;   4.9; 1011.73;   95.21;   3.0;    7.3;   -1.3;   -4.0;   8.3;   1.0;   4;    1.233;   0;eor
Mannheim;20160101;   3;    5.2;   8.2;   7.4; 1013.20;   92.42;   2.3;    7.7;    2.3;   -0.2;   8.3;   0.1;   4;    0.000;   0;eor
Mannheim;20160102;   3;    4.7;   8.1;   7.8; 1002.23;   94.50;   1.4;    5.3;    3.4;    1.0;   8.6;   7.5;   4;    0.000;   0;eor
Mannheim;20160103;   3;    6.0;   8.6;   7.8;  994.65;   91.46;   3.6;    9.0;    4.1;    2.3;  11.2;   4.3;   4;    0.367;   0;eor
Mannheim;20160104;   3;    5.4;   8.5;   7.3;  981.23;   94.08;   4.2;    7.7;    3.6;    1.4;   9.3;   4.3;   4;    0.000;   0;eor
Mannheim;20160105;   3;    5.4;   8.6;   7.3;  984.03;   95.54;   3.4;    7.5;    3.1;    0.6;   7.7;   6.4;   4;    0.233;   0;eor
Mannheim;20160106;   3;    5.5;   8.5;   7.7;  988.46;   94.08;   2.9;    6.9;    3.7;    1.6;   5.6;   0.9;   4;    0.000;   0;eor
Mannheim;20160107;   3;    5.2;   7.9;   5.4;  986.84;   89.38;   4.4;    8.1;    3.0;    0.5;  13.1;   3.1;   4;    1.283;   0;eor
Mannheim;20160108;   3;    4.3;   7.0;   4.4;  993.97;   85.04;   2.8;    8.9;   -0.4;   -2.4;   9.9;   0.0;   0;    5.233;   0;eor
Mannheim;20160109;   3;    1.9;   6.8;   7.3;  991.99;   95.92;   1.4;    5.6;   -1.3;   -3.5;   5.5;   2.5;   4;    0.000;   0;eor
Mannheim;20160110;   3;    6.3;   8.9;   7.1;  985.58;   93.33;   4.0;    8.4;    2.6;   -0.1;   8.9;   3.9;   4;    0.067;   0;eor
Mannheim;20160111;   3;    6.0;   8.7;   7.5;  980.60;   93.25;   4.5;    7.4;    4.3;    2.5;  12.2;   7.5;   4;    0.000;   0;eor
Mannheim;20160112;   3;    5.7;   8.1;   7.3;  987.58;   88.42;   4.6;    8.1;    4.4;    1.3;  13.9;   2.8;   4;    0.017;   0;eor
Mannheim;20160113;   3;    5.4;   7.2;   7.5; 1001.04;   80.17;   5.2;    7.5;    2.1;    0.2;  14.7;   0.2;   4;    0.067;   0;eor
Mannheim;20160114;   3;    3.0;   6.3;   5.6;  999.07;   84.29;   4.1;    7.6;   -0.1;   -2.2;  11.2;   3.6;   4;    3.933;   0;eor
Mannheim;20160115;   3;    2.5;   6.3;   7.8;  998.23;   86.21;   4.5;    3.4;    1.1;    0.2;  12.2;   1.4;   4;    0.000;   0;eor
Mannheim;20160116;   3;    2.2;   6.0;   7.3; 1009.07;   83.96;   3.0;    4.7;    0.8;   -0.8;  11.0;   1.0;   4;    0.633;   0;eor
Mannheim;20160117;   3;    0.0;   5.0;   6.6; 1012.00;   81.79;   3.0;    2.3;   -4.9;   -7.8;  10.1;   0.6;   4;    0.933;   0;eor
Mannheim;20160118;   3;   -4.0;   3.7;   0.5; 1008.95;   82.96;   1.9;    0.6;   -7.3;  -10.1;   5.3;   0.0;   0;    7.250;   0;eor
Mannheim;20160119;   3;   -4.9;   3.5;   5.8; 1005.29;   83.58;   1.6;   -1.8;   -7.8;  -10.0;   4.8;   0.0;   0;    4.450;   1;eor
Mannheim;20160120;   3;   -3.1;   4.1;   7.6; 1008.31;   84.08;   2.6;   -0.8;   -5.5;   -5.4;   6.4;   0.0;   4;    1.767;   1;eor
Mannheim;20160121;   3;   -0.9;   4.8;   5.0; 1014.69;   84.79;   1.9;    3.5;   -5.2;   -8.2;   4.3;   0.0;   0;    2.967;   1;eor
Mannheim;20160122;   3;   -3.2;   4.2;   1.8; 1017.13;   86.33;   2.0;    0.6;   -8.1;  -10.4;   7.0;   3.0;   4;    6.883;   1;eor
Mannheim;20160123;   3;    3.5;   7.5;   7.8; 1021.09;   94.50;   2.8;    9.1;   -0.1;   -1.9;   8.4;   0.0;   0;    0.933;   1;eor
Mannheim;20160124;   3;    3.7;   7.4;   7.5; 1021.80;   93.33;   3.1;    6.0;   -0.4;   -2.7;   7.8;   0.1;   4;    0.067;   0;eor
Mannheim;20160125;   3;    7.3;   8.3;   4.1; 1017.36;   82.50;   3.1;   12.7;    2.3;   -0.9;   6.1;   0.0;   0;    5.083;   0;eor
Mannheim;20160126;   3;    8.4;   8.9;   3.0; 1014.50;   80.67;   3.8;   14.6;    3.4;    0.2;   8.5;   0.0;   4;    7.117;   0;eor
Mannheim;20160127;   3;   11.2;   9.6;   7.8; 1009.61;   72.33;   4.9;   14.4;    7.2;    4.9;   9.9;   0.0;   4;    0.183;   0;eor
Mannheim;20160128;   3;    9.9;   9.2;   7.8; 1012.23;   75.92;   3.2;   13.4;    6.4;    4.6;  11.6;   0.0;   4;    0.000;   0;eor
Mannheim;20160129;   3;    6.2;   7.4;   3.1; 1017.18;   79.38;   4.3;   10.4;    0.5;   -3.0;  11.7;   0.0;   4;    8.167;   0;eor
Mannheim;20160130;   3;    7.5;   8.0;   7.8; 1005.69;   77.63;   7.0;    9.9;    5.7;    3.8;  18.3;   4.8;   4;    0.017;   0;eor
Mannheim;20160131;   3;    6.5;   8.8;   7.8; 1001.97;   89.75;   3.7;   13.5;    2.7;    0.6;  10.2;   1.5;   4;    0.000;   0;eor
Mannheim;20160201;   3;   12.9;  10.9;   7.9; 1009.07;   72.92;   5.6;   14.0;   11.4;   10.2;  15.4;   0.0;   4;    0.017;   0;eor
Mannheim;20160202;   3;   11.0;  10.2;   7.8; 1007.64;   77.46;   5.9;   12.7;    7.4;    6.1;  15.4;   3.2;   4;    0.033;   0;eor
Mannheim;20160203;   3;    5.7;   7.2;   6.8; 1008.39;   78.75;   3.0;    8.8;    2.7;   -0.3;   9.8;   2.1;   4;    0.783;   0;eor
Mannheim;20160204;   3;    4.8;   7.4;   7.8; 1012.74;   85.29;   3.8;    7.2;    2.8;    0.9;  12.3;   3.8;   4;    0.000;   0;eor
Mannheim;20160205;   3;    6.5;   9.1;   7.2; 1014.29;   93.79;   2.5;   10.4;    2.1;   -0.3;   6.8;   0.1;   4;    0.067;   0;eor
Mannheim;20160206;   3;    5.9;   7.9;   2.0; 1003.25;   85.79;   3.8;   12.8;    1.0;   -1.4;   9.0;   0.0;   4;    5.117;   0;eor
Mannheim;20160207;   3;    7.0;   8.2;   6.5;  994.25;   81.67;   4.1;    9.4;    2.3;   -0.5;  11.4;   1.3;   4;    0.000;   0;eor
Mannheim;20160208;   3;    7.8;   8.1;   6.5;  991.30;   76.67;   7.1;   11.6;    4.6;    2.5;  20.1;   7.2;   4;    0.617;   0;eor
Mannheim;20160209;   3;    8.1;   8.8;   7.6;  983.93;   80.54;   6.5;   11.7;    5.3;    4.1;  20.8;  10.0;   4;    0.000;   0;eor
Mannheim;20160210;   3;    4.1;   7.0;   7.5;  986.61;   85.08;   5.0;    5.4;    1.9;    0.5;  13.5;   1.5;   4;    0.000;   0;eor
Mannheim;20160211;   3;    4.7;   7.2;   7.8;  994.84;   84.92;   3.3;    7.3;    3.3;    1.3;   9.2;   0.3;   4;    0.133;   0;eor
Mannheim;20160212;   3;    3.8;   6.4;   6.3;  988.80;   80.46;   2.9;    7.6;   -0.6;   -2.7;   7.7;   0.0;   0;    3.333;   0;eor
Mannheim;20160213;   3;    4.5;   7.5;   7.5;  978.53;   87.58;   3.4;    7.4;    0.3;   -1.2;  11.2;   4.5;   4;    0.000;   0;eor
Mannheim;20160214;   3;    7.2;   8.1;   7.5;  978.35;   80.13;   4.0;    8.6;    5.4;    3.6;  11.0;   0.1;   4;    1.300;   0;eor
Mannheim;20160215;   3;    4.1;   7.1;   7.9; 1000.64;   85.92;   3.0;    5.5;    2.5;    2.2;   9.5;   0.1;   4;    0.000;   0;eor
Mannheim;20160216;   3;    1.7;   5.2;   6.3; 1020.69;   74.71;   4.1;    4.6;   -1.7;   -2.9;   9.1;   0.0;   0;    2.100;   0;eor
Mannheim;20160217;   3;    2.0;   5.5;   7.3; 1009.12;   77.42;   2.4;    4.1;   -1.7;   -2.7;   7.2;   0.0;   0;    0.000;   0;eor
Mannheim;20160218;   3;    2.7;   5.8;   6.0; 1004.52;   79.33;   2.7;    7.8;   -1.8;   -3.9;   7.4;   0.0;   0;    3.233;   0;eor
Mannheim;20160219;   3;    2.2;   6.3;   6.8; 1009.18;   88.38;   2.6;    5.2;   -0.8;   -2.4;   7.2;   0.1;   4;    0.150;   0;eor
Mannheim;20160220;   3;    4.7;   7.9;   7.3; 1006.26;   90.88;   6.5;   10.4;    0.0;   -1.9;  14.9;   3.9;   4;    0.000;   0;eor
Mannheim;20160221;   3;   11.6;  11.5;   7.8; 1004.22;   83.96;   6.0;   12.8;   10.4;    9.4;  14.9;   0.2;   4;    0.000;   0;eor
Mannheim;20160222;   3;   11.6;   9.2;   6.7;  999.65;   67.63;   6.7;   13.4;    9.4;    8.1;  16.0;  10.9;   4;    2.650;   0;eor
Mannheim;20160223;   3;    2.9;   7.3;   7.5; 1001.93;   96.63;   2.5;    9.4;    0.6;    0.0;  10.2;   9.2;   4;    0.000;   0;eor
Mannheim;20160224;   3;    3.0;   6.2;   6.6; 1005.79;   83.33;   1.6;    7.4;   -0.1;   -2.6;   4.3;   0.0;   0;    3.867;   0;eor
Mannheim;20160225;   3;    2.4;   5.2;   3.2; 1001.81;   73.46;   2.4;    7.6;   -3.1;   -5.9;   8.1;   0.0;   0;    7.017;   0;eor
Mannheim;20160226;   3;    1.4;   4.8;   3.1; 1001.03;   72.67;   1.9;    6.8;   -4.9;   -8.2;   6.4;   0.0;   0;    6.583;   0;eor
Mannheim;20160227;   3;    3.6;   4.8;   1.0;  995.27;   61.88;   3.2;    9.6;   -0.7;   -4.7;   7.8;   0.0;   0;    9.267;   0;eor
Mannheim;20160228;   3;    3.1;   5.2;   6.1;  999.83;   68.42;   4.6;    6.3;   -0.8;   -3.6;  10.6;   0.0;   4;    0.000;   0;eor
Mannheim;20160229;   3;    3.8;   5.4;   8.0; 1004.83;   68.21;   5.6;    5.7;    2.4;    1.8;  14.7;   0.0;   4;    0.000;   0;eor
Mannheim;20160301;   3;    3.9;   5.3;   4.8; 1007.65;   66.88;   3.5;    9.1;   -2.3;   -5.5;  11.6;   2.4;   4;    7.350;   0;eor
Mannheim;20160302;   3;    5.3;   7.7;   7.3;  992.87;   86.46;   5.8;    8.2;    2.9;    1.9;  13.4;   1.7;   4;    0.000;   0;eor
Mannheim;20160303;   3;    3.2;   7.0;   7.3;  991.63;   91.04;   3.2;    4.5;    1.5;   -0.3;   8.5;   2.2;   4;    0.133;   0;eor
Mannheim;20160304;   3;    4.1;   7.0;   6.0;  988.83;   85.50;   5.2;    7.2;    0.2;   -1.2;  15.6;   3.5;   4;    0.700;   0;eor
Mannheim;20160305;   3;    5.8;   8.4;   7.5;  984.09;   90.67;   3.1;    8.0;    0.7;   -1.8;   7.6;   0.4;   4;    0.100;   0;eor
Mannheim;20160306;   3;    3.5;   6.9;   7.6;  989.55;   88.13;   3.6;    5.6;    0.0;   -2.2;  10.8;   0.9;   4;    0.000;   0;eor
Mannheim;20160307;   3;    3.5;   6.5;   6.9;  993.28;   83.38;   2.9;    7.9;    0.2;   -1.6;   8.4;   2.6;   4;    3.517;   0;eor
Mannheim;20160308;   3;    2.1;   6.3;   6.0; 1003.43;   89.58;   2.1;    5.8;   -0.8;   -3.3;   5.1;   0.0;   4;    1.333;   0;eor
Mannheim;20160309;   3;    2.4;   5.7;   1.7;  998.85;   80.42;   3.7;    8.7;   -2.8;   -6.1;  12.0;   0.0;   0;    7.383;   0;eor
Mannheim;20160310;   3;    3.6;   5.7;   1.9; 1004.94;   74.25;   2.0;   10.9;   -4.1;   -7.4;   6.7;   0.0;   4;    8.850;   0;eor
Mannheim;20160311;   3;    5.5;   6.2;   3.9; 1013.02;   69.92;   3.1;   11.7;   -1.4;   -4.8;   8.7;   0.0;   0;    3.250;   0;eor
Mannheim;20160312;   3;    5.1;   5.7;   2.8; 1016.05;   66.00;   3.2;   10.9;   -0.6;   -4.1;   9.9;   0.0;   4;    8.650;   0;eor
Mannheim;20160313;   3;    6.5;   6.4;   4.5; 1018.13;   66.67;   4.5;   11.2;    2.3;    0.0;  12.9;   0.0;   0;    5.867;   0;eor
Mannheim;20160314;   3;    5.7;   5.2;   1.4; 1017.60;   58.25;   3.9;   11.0;    0.9;   -3.1;   9.9;   0.0;   0;   10.650;   0;eor
Mannheim;20160315;   3;    3.8;   6.1;   5.0; 1013.05;   75.92;   2.9;    6.9;   -0.6;   -3.5;   9.8;   2.0;   4;    0.733;   0;eor
Mannheim;20160316;   3;    5.8;   5.5;   4.1; 1012.99;   60.79;   5.6;    9.9;    2.9;   -0.6;  14.8;   0.0;   0;    3.633;   0;eor
Mannheim;20160317;   3;    6.4;   5.8;   0.5; 1013.48;   61.88;   2.8;   14.6;    0.1;   -3.4;   6.4;   0.0;   0;   10.850;   0;eor
Mannheim;20160318;   3;    6.5;   5.9;   0.4; 1008.71;   65.38;   2.0;   15.6;   -2.8;   -5.8;   7.6;   0.0;   0;   10.750;   0;eor
Mannheim;20160319;   3;    5.4;   6.8;   7.3; 1009.16;   76.17;   2.0;    7.5;    2.1;    0.3;   6.3;   0.0;   0;    0.000;   0;eor
Mannheim;20160320;   3;    5.5;   6.7;   8.0; 1007.83;   74.67;   1.9;    6.6;    4.6;    3.2;   6.3;   0.0;   4;    0.000;   0;eor
Mannheim;20160321;   3;    6.7;   7.7;   7.9; 1006.59;   78.67;   1.9;   10.4;    4.3;    3.4;   8.2;   0.9;   4;    0.517;   0;eor
Mannheim;20160322;   3;    8.2;   7.2;   6.6; 1002.01;   67.29;   2.2;   12.8;    4.2;    1.5;   9.2;   0.1;   4;    5.033;   0;eor
Mannheim;20160323;   3;    7.9;   7.6;   6.3;  998.84;   71.96;   2.8;   11.8;    1.8;   -1.9;   8.7;   0.0;   4;    1.317;   0;eor
Mannheim;20160324;   3;    7.7;   6.9;   7.2; 1003.15;   67.38;   1.9;   12.6;    3.2;    2.2;   8.4;   0.5;   4;    3.017;   0;eor
Mannheim;20160325;   3;    6.9;   9.1;   7.1; 1003.34;   91.21;   3.2;    8.1;    5.0;    1.7;   9.3;   9.5;   4;    0.000;   0;eor
Mannheim;20160326;   3;    8.9;   8.8;   3.2; 1005.97;   79.08;   3.1;   15.3;    0.9;   -1.2;   8.9;   0.0;   4;    9.067;   0;eor
Mannheim;20160327;   3;    9.4;   8.2;   4.9; 1000.16;   70.21;   4.5;   13.6;    3.6;    0.6;  12.7;   0.0;   4;    1.600;   0;eor
Mannheim;20160328;   3;    8.4;   8.6;   6.1;  994.36;   78.00;   5.7;   14.8;    2.1;   -0.2;  18.6;   3.7;   4;    0.817;   0;eor
Mannheim;20160329;   3;    9.7;   8.1;   6.9;  999.25;   68.00;   4.6;   14.2;    5.5;    2.3;  14.8;   0.1;   4;    2.950;   0;eor
Mannheim;20160330;   3;    9.6;  10.4;   7.7; 1000.24;   86.71;   2.9;   12.3;    7.3;    5.7;   8.3;   6.8;   4;    0.000;   0;eor
Mannheim;20160331;   3;   10.2;  11.5;   7.3;  997.05;   92.38;   2.9;   14.7;    5.8;    5.6;  11.0;   7.5;   4;    1.483;   0;eor
Mannheim;20160401;   3;    6.8;   8.4;   6.9; 1006.03;   85.67;   3.0;   11.0;    3.0;    0.3;  11.2;   0.0;   4;    0.017;   0;eor
Mannheim;20160402;   3;    8.7;   9.5;   3.3; 1004.95;   84.29;   1.6;   16.4;    1.4;   -0.9;   4.5;   0.0;   0;    2.483;   0;eor
Mannheim;20160403;   3;   14.5;  12.3;   6.8; 1000.08;   75.67;   2.0;   20.6;    8.7;    7.1;   5.4;   0.0;   4;    3.967;   0;eor
Mannheim;20160404;   3;   14.5;  13.2;   7.4;  996.81;   80.17;   2.7;   17.6;   11.2;    9.5;   8.3;   2.4;   4;    0.550;   0;eor
Mannheim;20160405;   3;   12.8;  13.3;   7.5;  996.88;   90.38;   2.9;   17.4;   10.2;    9.1;  12.6;   2.5;   4;    0.217;   0;eor
Mannheim;20160406;   3;   12.9;  10.1;   5.2; 1000.83;   70.63;   3.8;   17.3;    6.5;    4.1;  10.9;   0.3;   4;    7.633;   0;eor
Mannheim;20160407;   3;    9.9;   7.8;   6.5; 1000.04;   64.88;   3.3;   13.8;    2.7;   -0.4;  11.1;   0.2;   4;    2.417;   0;eor
Mannheim;20160408;   3;    7.5;   6.5;   2.2; 1000.29;   66.88;   1.7;   15.4;    0.3;   -2.5;   5.9;   0.0;   0;    8.983;   0;eor
Mannheim;20160409;   3;    8.1;   7.8;   6.1;  997.38;   73.75;   2.4;   14.5;    1.2;   -1.6;   8.1;   0.0;   4;    0.700;   0;eor
Mannheim;20160410;   3;   12.0;   9.1;   3.6;  999.25;   67.21;   2.0;   17.9;    6.6;    3.8;   7.7;   0.0;   0;    7.967;   0;eor
Mannheim;20160411;   3;   12.6;   9.1;   2.5;  999.79;   63.63;   2.1;   19.3;    5.2;    1.3;   5.6;   3.7;   4;   11.817;   0;eor
Mannheim;20160412;   3;   11.9;  11.5;   7.0;  998.98;   84.08;   3.1;   18.5;    8.3;    6.1;  19.2;   5.3;   4;    4.083;   0;eor
Mannheim;20160413;   3;   10.6;  11.4;   6.5;  996.80;   89.08;   2.7;   13.5;    7.0;    5.0;   7.9;   2.9;   4;    0.383;   0;eor
Mannheim;20160414;   3;   11.2;   9.8;   4.3; 1000.43;   76.08;   1.9;   17.3;    5.8;    3.8;   6.4;   1.2;   4;    8.750;   0;eor
Mannheim;20160415;   3;   12.2;  11.4;   7.1;  995.19;   80.71;   4.6;   17.2;    7.5;    6.3;  13.7;   6.4;   4;    3.850;   0;eor
Mannheim;20160416;   3;   11.8;  12.0;   7.5;  993.03;   87.04;   3.8;   15.5;    9.3;    9.1;  10.1;  20.3;   4;    1.667;   0;eor
Mannheim;20160417;   3;    8.8;   9.5;   7.4;  999.64;   85.13;   2.1;   12.3;    6.3;    4.3;   7.3;   2.8;   4;    1.300;   0;eor
Mannheim;20160418;   3;    9.9;   7.8;   6.5; 1008.95;   66.38;   2.2;   15.9;    4.7;    1.5;   7.8;   0.0;   0;    4.300;   0;eor
Mannheim;20160419;   3;    9.3;   7.6;   3.8; 1014.25;   68.50;   2.2;   15.5;    2.1;   -0.3;   7.0;   0.0;   0;    6.550;   0;eor
Mannheim;20160420;   3;   10.5;   7.3;   0.6; 1016.22;   61.71;   2.5;   17.9;    3.1;    0.1;   6.9;   0.0;   0;   12.800;   0;eor
Mannheim;20160421;   3;   13.3;   7.4;   1.5; 1010.17;   52.42;   2.0;   22.9;    3.5;    0.1;   7.9;   0.0;   0;   12.783;   0;eor
Mannheim;20160422;   3;   13.0;   9.3;   6.6; 1004.19;   63.33;   2.2;   18.8;    7.3;    4.6;   6.3;   0.2;   4;    1.983;   0;eor
Mannheim;20160423;   3;    7.6;   8.5;   7.1;  999.89;   80.79;   3.5;   11.8;    2.3;    0.0;   9.7;   3.4;   4;    0.200;   0;eor
Mannheim;20160424;   3;    5.1;   6.2;   4.3; 1002.27;   73.00;   2.6;   10.3;   -0.9;   -2.9;  11.3;   0.0;   4;    7.383;   0;eor
Mannheim;20160425;   3;    5.4;   6.8;   7.3;  999.13;   75.67;   4.6;    7.7;    2.7;    0.7;  13.3;   8.2;   4;    2.417;   0;eor
Mannheim;20160426;   3;    5.8;   6.7;   7.1;  991.95;   74.21;   3.8;   10.6;    2.0;    1.7;  11.2;   0.1;   4;    1.767;   0;eor
Mannheim;20160427;   3;    5.4;   6.3;   6.5;  998.34;   71.33;   5.0;    9.7;    2.0;    0.2;  15.5;   0.0;   4;    1.767;   0;eor
Mannheim;20160428;   3;    5.5;   7.1;   4.8; 1004.13;   80.33;   2.4;   11.6;    0.2;   -1.7;   7.7;   0.5;   4;    5.383;   0;eor
Mannheim;20160429;   3;    7.8;   6.8;   3.6; 1005.80;   68.92;   2.8;   14.9;    0.0;   -2.5;   8.3;   0.0;   0;    8.067;   0;eor
Mannheim;20160430;   3;    9.9;   7.9;   5.6; 1004.19;   69.58;   2.8;   18.9;    0.3;   -1.6;  11.9;   3.5;   4;    6.467;   0;eor
Mannheim;20160501;   3;   13.1;   9.3;   4.3; 1007.43;   63.71;   6.0;   19.9;    7.0;    6.2;  13.8;   0.3;   4;    9.400;   0;eor
Mannheim;20160502;   3;   14.0;   8.9;   0.8; 1009.95;   59.42;   2.5;   21.6;    5.0;    1.4;   9.3;   0.0;   0;   13.433;   0;eor
Mannheim;20160503;   3;   10.7;   9.8;   5.6; 1009.80;   76.58;   2.8;   15.8;    4.8;    1.4;  11.7;   2.6;   4;    4.650;-999;eor
Mannheim;20160504;   3;   10.3;   6.4;   0.8; 1015.69;   56.00;   2.4;   17.3;    1.3;   -0.8;   8.6;   0.0;   0;   13.783;-999;eor
Mannheim;20160505;   3;   13.8;   8.9;   0.8; 1010.83;   56.63;   3.9;   20.5;    4.4;    0.9;  12.6;   0.0;   0;   14.033;-999;eor
Mannheim;20160506;   3;   16.2;  10.8;   1.7; 1003.30;   62.96;   1.4;   24.9;    5.9;    3.1;   4.7;   0.0;   0;   13.983;-999;eor
Mannheim;20160507;   3;   18.5;  10.8;   2.1;  999.15;   54.42;   2.5;   26.4;    8.3;    5.5;   9.7;   0.0;   0;   13.100;-999;eor
Mannheim;20160508;   3;   20.5;   9.8;   2.1;  999.35;   41.25;   4.7;   26.2;   12.8;    8.0;  12.3;   0.0;   0;   14.183;-999;eor
Mannheim;20160509;   3;   20.3;  11.5;   4.0; 1000.23;   48.58;   3.3;   26.0;   14.4;    9.8;  12.4;   0.0;   0;   12.383;-999;eor
Mannheim;20160510;   3;   17.0;  14.2;   6.4;  998.26;   74.46;   2.3;   19.9;   10.6;    8.2;   8.0;   1.3;   4;    0.000;-999;eor
Mannheim;20160511;   3;   18.0;  13.8;   3.7;  992.23;   69.88;   3.0;   24.8;    9.7;    7.6;   9.7;   5.3;   4;    8.283;-999;eor
Mannheim;20160512;   1;   15.9;  15.1;   6.8;  986.98;   83.75;   2.2;   18.7;   11.9;    9.7;   7.1;   0.3;   4;    0.100;-999;eor
Mannheim;20160513;   1;   14.7;  14.4;   7.3;  989.35;   86.75;   2.2;   22.3;   11.3;    9.5;  11.3;  11.5;   4;    1.900;-999;eor
Mannheim;20160514;   1;   11.4;   9.3;   5.6;  998.98;   70.04;   3.6;   15.4;    8.4;    7.0;  12.0;   0.0;   4;    5.167;-999;eor
Mannheim;20160515;   1;    9.9;   6.9;   6.7; 1007.92;   57.54;   3.5;   13.2;    4.4;    1.1;   9.5;   0.4;   4;    3.633;-999;eor
Mannheim;20160516;   1;    9.7;   9.0;   7.8; 1008.25;   76.63;   2.3;   14.6;    6.4;    4.5;   7.6;   1.2;   4;    1.200;-999;eor
Mannheim;20160517;   1;   11.0;   9.3;   7.3; 1007.05;   73.46;   2.6;   16.3;    4.0;    1.4;   7.2;   0.0;   0;    1.483;-999;eor
Mannheim;20160518;   1;   15.4;  10.9;   7.5;  999.73;   64.13;   3.1;   21.3;    9.6;    8.8;   8.5;   2.2;   4;    5.117;-999;eor
Mannheim;20160519;   1;   14.1;  11.4;   5.6; 1000.59;   73.25;   3.0;   18.9;    7.6;    5.0;   7.3;   0.0;   4;    6.300;-999;eor
Mannheim;20160520;   1;   15.1;  11.7;   5.3; 1008.12;   70.38;   3.1;   21.2;    7.4;    5.1;   9.1;   0.0;   0;    6.133;-999;eor
Mannheim;20160521;   1;   17.1;  13.8;   4.0; 1005.37;   73.17;   2.1;   23.9;   10.0;    7.5;   7.0;   0.0;   0;   11.383;-999;eor
Mannheim;20160522;   1;   18.8;  13.5;   4.1;  998.47;   67.08;   3.2;   28.7;    9.5;    7.9;  10.7;   2.5;   4;    8.017;-999;eor
Mannheim;20160523;   1;   13.7;  13.3;   7.9; 1000.64;   85.04;   3.6;   16.1;   12.3;   11.8;  10.1;   1.9;   4;    0.350;-999;eor
Mannheim;20160524;   1;   11.9;  12.0;   8.0; 1003.32;   86.17;   2.8;   12.8;   10.7;   10.3;   8.1;   2.8;   4;    0.000;-999;eor
Mannheim;20160525;   1;   12.7;  12.3;   6.9; 1003.63;   84.38;   1.5;   16.6;    8.1;    5.5;   4.5;   0.0;   0;    1.117;-999;eor
Mannheim;20160526;   1;   17.0;  12.8;   4.2; 1003.54;   69.21;   1.8;   24.7;    6.8;    4.8;   5.3;   3.7;   4;   13.267;-999;eor
Mannheim;20160527;   1;   19.0;  16.4;   6.6; 1002.54;   75.54;   2.4;   24.8;   14.1;   12.1;   8.2;   0.0;   4;    5.267;-999;eor
Mannheim;20160528;   1;   18.0;  17.5;   5.7; 1000.13;   86.58;   2.3;   26.0;   13.9;   12.2;   9.6;   9.6;   4;    6.033;-999;eor
Mannheim;20160529;   1;   18.2;  18.1;   6.6;  994.12;   87.58;   2.1;   24.0;   14.2;   13.5;   9.9;  51.5;   4;    4.067;-999;eor
Mannheim;20160530;   1;   16.5;  17.3;   7.8;  992.39;   92.04;   5.1;   18.8;   15.1;   14.4;  13.4;   2.4;   4;    0.167;-999;eor
Mannheim;20160531;   1;   17.3;  14.5;   6.1;  998.90;   74.75;   3.3;   21.8;   11.2;    9.3;   9.7;   0.0;   0;    4.633;-999;eor
Mannheim;20160601;   1;   15.7;  15.8;   5.5; 1001.32;   88.79;   2.2;   20.4;    9.3;    7.8;   6.1;   4.2;   4;    2.700;-999;eor
Mannheim;20160602;   1;   17.4;  16.9;   7.9;  998.63;   86.04;   2.5;   21.3;   13.8;   11.5;   6.6;   0.0;   0;    0.333;-999;eor
Mannheim;20160603;   1;   17.6;  17.8;   7.3;  999.02;   88.75;   1.5;   22.0;   13.2;   12.0;   7.1;  18.4;   4;    1.617;-999;eor
Mannheim;20160604;   1;   18.3;  18.8;   6.7; 1000.27;   90.17;   1.6;   23.4;   15.0;   13.9;   5.6;   3.2;   4;    3.433;-999;eor
Mannheim;20160605;   1;   18.4;  18.2;   6.0; 1004.71;   87.08;   1.7;   24.5;   14.4;   13.3;  12.8;  16.5;   4;    5.367;-999;eor
Mannheim;20160606;   1;   21.1;  17.9;   2.0; 1007.13;   74.25;   1.7;   28.8;   12.8;   11.1;   6.7;   0.0;   4;   13.967;-999;eor
Mannheim;20160607;   1;   21.6;  17.7;   4.0; 1008.35;   70.75;   2.0;   29.4;   13.9;   12.0;  11.5;   0.0;   4;   10.467;-999;eor
Mannheim;20160608;   1;   18.5;  17.4;   6.5; 1006.79;   82.92;   2.5;   23.8;   14.4;   12.6;  12.6;   3.3;   4;    1.733;-999;eor
Mannheim;20160609;   1;   17.5;  13.6;   3.2; 1005.32;   71.75;   2.6;   24.0;   11.4;    9.5;   8.4;   0.0;   0;   11.867;-999;eor
Mannheim;20160610;   1;   17.7;  13.1;   3.7; 1001.05;   68.13;   1.6;   24.2;    9.7;    8.1;   6.7;   0.0;   0;   12.383;-999;eor
