STATIONS_ID; MESS_DATUM; QUALITAETS_NIVEAU; LUFTTEMPERATUR;DAMPFDRUCK;BEDECKUNGSGRAD;LUFTDRUCK_STATIONSHOEHE;REL_FEUCHTE; WINDGESCHWINDIGKEIT; LUFTTEMPERATUR_MAXIMUM;LUFTTEMPERATUR_MINIMUM;LUFTTEMP_AM_ERDB_MINIMUM; WINDSPITZE_MAXIMUM; NIEDERSCHLAGSHOEHE;NIEDERSCHLAGSHOEHE_IND;SONNENSCHEINDAUER; SCHNEEHOEHE;eor
     2712;20141130;   3;    2.8;   6.8;   7.9;  958.68;   90.58;   1.4;    3.7;    1.8;    2.0;   4.2;   1.0;   6;    0.000;   0;eor
     2712;20141201;   3;    3.1;   6.9;   7.9;  953.31;   90.17;   2.1;    4.0;    2.5;    2.2;   9.0;   0.1;   6;    0.000;   0;eor
     2712;20141202;   3;    3.7;   7.0;   7.9;  956.92;   87.67;   1.1;    5.0;    2.7;    2.6;   3.5;   0.7;   6;    0.000;   0;eor
     2712;20141203;   3;    3.6;   7.1;   8.0;  961.58;   89.08;   2.5;    4.7;    3.2;    2.8;   8.2;   1.7;   6;    0.000;   0;eor
     2712;20141204;   3;    3.8;   6.9;   8.0;  961.62;   86.58;   1.8;    4.6;    2.8;    2.6;   7.3;   0.0;   6;    0.000;   0;eor
     2712;20141205;   3;    3.4;   7.1;   8.0;  964.66;   90.96;   1.3;    4.2;    2.5;    2.3;   3.9;   0.0;   6;    0.000;   0;eor
     2712;20141206;   3;    3.4;   6.5;   7.8;  967.58;   84.13;   1.6;    4.8;    2.7;    2.2;   5.2;   0.5;   6;    0.000;   0;eor
     2712;20141207;   3;    3.7;   6.9;   7.9;  969.01;   86.63;   2.2;    4.6;    3.1;    2.4;   9.2;   1.3;   6;    0.000;   0;eor
     2712;20141208;   3;    3.4;   6.8;   6.6;  967.51;   86.71;   2.4;    4.6;    0.7;   -1.4;   7.7;   0.0;   6;    0.000;   0;eor
     2712;20141209;   3;    1.5;   6.1;   6.0;  972.71;   89.13;   1.4;    3.4;   -0.9;   -3.0;   3.7;   0.0;   6;    0.000;   0;eor
     2712;20141210;   3;    1.4;   5.6;   7.3;  972.33;   83.21;   2.4;    4.0;   -1.5;   -3.0;   7.8;   0.1;   8;    0.000;   0;eor
     2712;20141211;   3;    5.5;   6.8;   7.1;  966.82;   75.58;   5.2;    7.1;    3.8;    3.1;  19.4;   0.1;   6;    0.100;   0;eor
     2712;20141212;   3;    6.8;   5.9;   3.9;  961.23;   60.25;   3.5;    9.4;    4.0;    1.1;  11.4;   0.0;   0;    5.000;   0;eor
     2712;20141213;   3;    7.0;   6.6;   3.5;  960.90;   67.00;   1.6;   12.2;    2.3;   -0.7;   7.6;   0.1;   6;    5.000;   0;eor
     2712;20141214;   3;    7.4;   8.6;   6.7;  964.73;   82.88;   1.2;   10.0;    5.5;    3.3;   4.5;   0.9;   6;    1.000;   0;eor
     2712;20141215;   3;    7.4;   9.6;   7.3;  965.12;   93.79;   0.9;    8.9;    6.5;    5.7;   4.6;   0.0;   6;    0.000;   0;eor
     2712;20141216;   3;    6.7;   8.6;   7.5;  961.92;   87.46;   1.4;    9.2;    5.5;    3.6;   6.0;   1.2;   6;    0.000;   0;eor
     2712;20141217;   3;    5.0;   7.7;   7.8;  962.23;   88.54;   3.3;    6.5;    4.1;    3.2;  11.6;   5.0;   6;    0.000;   0;eor
     2712;20141218;   3;    8.6;   9.6;   7.5;  967.08;   85.25;   4.5;   11.0;    6.0;    5.2;  12.8;   1.4;   6;    0.000;   0;eor
     2712;20141219;   3;    9.8;   9.9;   5.2;  969.31;   81.58;   4.7;   12.2;    8.6;    6.8;  12.6;   7.1;   6;    1.933;   0;eor
     2712;20141220;   3;    6.5;   7.4;   6.5;  973.93;   75.17;   5.2;    8.7;    4.8;    3.9;  15.1;   0.0;   6;    2.383;   0;eor
     2712;20141221;   3;    4.5;   6.5;   4.9;  980.08;   76.67;   3.5;    7.2;    3.1;    1.1;  11.0;   0.0;   0;    3.183;   0;eor
     2712;20141222;   3;    4.8;   6.0;   4.9;  976.49;   70.46;   3.8;    8.0;    1.9;    0.4;   9.6;   0.0;   0;    6.283;   0;eor
     2712;20141223;   3;    4.8;   6.2;   5.3;  973.08;   73.58;   1.3;   11.3;    1.0;   -1.8;   4.6;   0.0;   0;    7.450;   0;eor
     2712;20141224;   3;    4.9;   6.3;   4.4;  972.00;   73.29;   3.3;    8.2;    0.5;   -2.3;   9.8;   0.3;   6;    1.517;   0;eor
     2712;20141225;   3;    5.3;   7.1;   6.9;  973.49;   78.92;   3.3;    7.9;    1.6;   -0.1;  10.2;   0.0;   8;    0.000;   0;eor
     2712;20141226;   3;    1.3;   6.0;   6.6;  974.98;   90.38;   2.5;    2.8;   -1.4;   -3.7;  11.2;   1.7;   8;    0.000;   0;eor
     2712;20141227;   3;    0.2;   5.8;   5.3;  952.87;   92.63;   3.6;    1.8;   -1.8;   -3.8;  15.3;  13.4;   8;    0.033;   1;eor
     2712;20141228;   3;   -2.1;   4.4;   7.4;  960.81;   81.71;   3.7;    1.2;   -7.9;  -10.7;  12.0;   1.1;   7;    0.000;   8;eor
     2712;20141229;   3;   -6.6;   3.3;   5.8;  978.98;   85.71;   2.6;   -3.3;  -10.5;  -14.0;  10.0;   3.6;   8;    0.000;   8;eor
     2712;20141230;   3;   -2.3;   4.8;   7.7;  981.40;   92.79;   2.9;   -1.1;   -3.3;   -3.8;   7.6;   8.2;   8;    0.000;  13;eor
     2712;20141231;   3;   -0.6;   5.2;   6.7;  981.19;   89.67;   1.5;    2.5;   -3.0;   -6.8;   4.2;   0.0;   7;    0.667;  22;eor
     2712;20150101;   3;   -2.5;   4.6;   6.0;  982.55;   90.71;   1.8;    0.1;   -5.3;   -8.0;   4.7;   0.0;   0;    0.483;  19;eor
     2712;20150102;   3;   -0.3;   5.6;   6.8;  981.50;   92.83;   1.9;    3.0;   -4.7;   -9.4;   8.4;   8.2;   6;    0.767;  17;eor
     2712;20150103;   3;    4.1;   7.9;   7.8;  974.03;   95.63;   3.3;    9.0;    1.5;    0.9;  16.2;  11.2;   6;    0.000;   8;eor
     2712;20150104;   3;    2.9;   6.2;   5.8;  978.63;   81.75;   2.2;    8.5;   -0.9;   -3.0;  11.5;   0.0;   6;    2.700;   0;eor
     2712;20150105;   3;   -0.7;   5.3;   2.3;  980.05;   92.42;   1.4;    3.3;   -2.9;   -4.4;   3.2;   0.0;   0;    2.967;   0;eor
     2712;20150106;   3;   -2.0;   5.2;   7.5;  973.08;   98.96;   1.0;   -0.7;   -3.4;   -4.0;   2.8;   0.0;   8;    0.000;   0;eor
     2712;20150107;   3;    1.1;   6.1;   6.1;  976.92;   93.17;   1.1;    5.9;   -2.1;   -2.0;   3.4;   0.0;   6;    3.050;   0;eor
     2712;20150108;   3;    5.0;   6.8;   5.6;  977.72;   79.46;   3.5;    9.0;    0.2;   -1.6;  19.1;   0.3;   6;    0.250;   0;eor
     2712;20150109;   3;    7.8;   8.2;   6.9;  976.90;   77.71;   7.3;   10.8;    5.7;    4.2;  22.6;   0.8;   6;    0.000;   0;eor
     2712;20150110;   3;   13.1;  10.6;   5.9;  969.58;   70.08;   8.0;   16.0;   10.7;   10.0;  20.8;   6.2;   6;    5.317;   0;eor
     2712;20150111;   3;    4.6;   6.9;   5.7;  970.86;   79.92;   5.6;   11.9;    1.6;    0.3;  16.5;   2.3;   8;    1.633;   0;eor
     2712;20150112;   3;    3.8;   5.1;   4.6;  974.37;   63.21;   3.5;    5.7;    0.7;   -2.5;  12.6;   0.0;   0;    1.133;   0;eor
     2712;20150113;   3;    5.3;   5.3;   1.3;  965.77;   64.83;   2.9;   12.8;   -1.8;   -4.1;  16.3;   1.7;   6;    8.150;   0;eor
     2712;20150114;   3;    6.0;   7.5;   5.4;  965.18;   80.79;   4.7;   10.1;    2.0;   -0.6;  18.7;   5.6;   6;    0.200;   0;eor
     2712;20150115;   3;    3.8;   6.8;   3.5;  960.28;   85.54;   1.6;    8.2;    1.2;   -0.7;   4.4;   0.0;   0;    2.733;   0;eor
     2712;20150116;   3;    4.2;   7.1;   4.9;  955.25;   86.63;   1.9;    7.5;    1.2;   -0.9;   8.0;   7.6;   8;    0.750;   0;eor
     2712;20150117;   3;    1.3;   6.5;   6.5;  962.40;   96.71;   1.9;    3.9;    0.4;    0.0;   8.2;  10.1;   8;    0.000;   0;eor
     2712;20150118;   3;    1.0;   6.0;   7.1;  963.68;   91.46;   1.3;    2.0;   -0.8;   -2.8;   5.0;   0.0;   0;    0.000;   0;eor
     2712;20150119;   3;    1.3;   5.7;   7.1;  959.15;   85.00;   1.3;    4.2;    0.1;   -0.5;   5.2;   1.3;   8;    1.300;   0;eor
     2712;20150120;   3;    1.1;   6.3;   7.4;  957.85;   94.92;   0.9;    1.8;    0.3;    0.0;   4.8;   1.8;   8;    0.000;   1;eor
     2712;20150121;   3;    1.2;   5.5;   7.4;  956.57;   83.00;   2.0;    3.5;    0.3;   -0.4;   6.1;   0.0;   0;    2.817;   0;eor
     2712;20150122;   3;    0.7;   5.4;   8.0;  959.47;   83.75;   1.5;    1.3;    0.2;    0.1;   5.1;   0.0;   8;    0.000;   0;eor
     2712;20150123;   3;    0.8;   5.4;   8.0;  967.71;   82.88;   1.4;    1.5;    0.0;   -0.2;   4.6;   0.0;   8;    0.000;   0;eor
     2712;20150124;   3;    1.1;   5.5;   7.8;  968.78;   83.67;   2.1;    2.7;   -0.4;   -0.6;   7.6;   3.0;   8;    0.133;   0;eor
     2712;20150125;   3;    0.2;   5.4;   7.3;  974.92;   88.54;   1.6;    1.8;   -1.1;   -4.4;   5.2;   0.0;   7;    0.000;   4;eor
     2712;20150126;   3;   -0.3;   5.3;   7.3;  972.19;   88.21;   2.3;    1.0;   -0.9;   -1.4;  11.0;   5.3;   8;    0.017;   1;eor
     2712;20150127;   3;    1.5;   5.9;   6.8;  969.63;   86.38;   3.1;    4.0;   -0.3;   -4.6;  10.7;   0.9;   8;    2.400;   5;eor
     2712;20150128;   3;    1.6;   5.4;   6.9;  963.48;   78.96;   3.3;    3.2;   -0.4;   -3.5;  12.0;   6.9;   8;    0.967;   4;eor
     2712;20150129;   3;    1.7;   6.4;   6.4;  942.58;   92.79;   2.5;    2.9;    0.0;   -0.4;  12.8;  10.7;   8;    0.000;   3;eor
     2712;20150130;   3;    0.8;   5.3;   7.1;  929.21;   81.38;   5.0;    2.0;   -0.3;   -0.6;  20.3;   0.3;   8;    0.350;   0;eor
     2712;20150131;   3;    1.5;   5.3;   7.0;  934.17;   77.75;   3.5;    4.5;   -0.3;   -1.6;  10.7;   0.5;   8;    3.867;   1;eor
     2712;20150201;   3;    0.4;   5.2;   6.6;  941.51;   82.96;   3.9;    2.9;   -1.3;   -3.6;  11.3;   0.7;   8;    1.700;   1;eor
     2712;20150202;   3;    0.3;   5.4;   7.6;  949.64;   86.75;   4.1;    3.2;   -1.2;   -2.9;  16.0;   5.8;   7;    2.100;   1;eor
     2712;20150203;   3;   -1.0;   4.6;   6.8;  950.40;   81.79;   1.9;    2.8;   -2.8;   -5.8;   7.7;   0.0;   7;    4.967;   6;eor
     2712;20150204;   3;   -2.3;   3.9;   5.3;  956.12;   75.46;   4.0;    1.2;   -4.0;   -5.3;  11.4;   0.0;   7;    7.100;   4;eor
     2712;20150205;   3;   -2.1;   3.9;   8.0;  958.86;   75.04;   5.5;   -1.2;   -3.0;   -3.1;  15.0;   0.1;   7;    0.000;   2;eor
     2712;20150206;   3;   -2.1;   3.8;   7.0;  962.11;   72.04;   6.5;   -0.9;   -3.3;   -4.4;  16.6;   0.0;   7;    0.000;   2;eor
     2712;20150207;   3;   -3.1;   3.4;   4.0;  971.17;   69.79;   4.2;    0.3;   -5.1;   -7.0;  16.6;   0.2;   7;    3.250;   2;eor
     2712;20150208;   3;   -2.7;   4.1;   5.2;  973.59;   81.63;   2.3;    0.8;   -5.9;   -7.9;   8.1;   0.6;   7;    0.783;   2;eor
     2712;20150209;   3;   -1.3;   4.0;   6.6;  977.43;   72.96;   1.6;    1.0;   -4.5;   -7.0;   4.9;   0.0;   0;    0.000;   3;eor
     2712;20150210;   3;    0.9;   4.9;   1.4;  975.63;   76.50;   1.6;    6.1;   -3.4;   -5.6;   5.1;   0.0;   0;    8.583;   1;eor
     2712;20150211;   3;   -0.7;   5.2;   5.1;  972.58;   90.79;   1.3;    2.0;   -2.7;   -4.8;   3.9;   0.0;   0;    0.133;   0;eor
     2712;20150212;   3;   -1.0;   5.5;   7.7;  970.55;   96.63;   1.0;    0.3;   -1.9;   -1.7;   3.0;   0.0;   6;    0.000;   0;eor
     2712;20150213;   3;   -1.4;   5.3;   7.6;  966.71;   97.25;   1.2;    1.8;   -2.5;   -2.2;   2.9;   0.0;   0;    1.550;   0;eor
     2712;20150214;   3;   -0.6;   5.5;   6.0;  958.95;   94.21;   1.3;    2.4;   -2.0;   -3.0;   4.5;   0.0;   0;    1.933;   0;eor
     2712;20150215;   3;   -0.9;   5.0;   7.3;  959.38;   86.75;   1.5;    0.2;   -2.2;   -2.9;   3.9;   0.0;   0;    0.000;   0;eor
     2712;20150216;   3;   -0.8;   5.2;   7.9;  966.13;   90.54;   1.4;    0.1;   -1.8;   -2.3;   3.8;   0.0;   0;    0.000;   0;eor
     2712;20150217;   3;   -0.6;   5.3;   7.9;  977.23;   91.17;   1.6;    0.5;   -1.5;   -1.3;   5.6;   0.0;   8;    0.000;   0;eor
     2712;20150218;   3;   -0.4;   5.0;   8.0;  984.20;   83.71;   2.1;    0.7;   -1.6;   -1.4;   7.7;   0.0;   7;    0.000;   0;eor
     2712;20150219;   3;    0.7;   5.2;   4.6;  977.75;   80.75;   1.8;    4.6;   -1.5;   -3.9;   4.8;   0.0;   0;    5.917;   0;eor
     2712;20150220;   3;    1.5;   4.9;   2.9;  965.27;   76.75;   1.4;    9.3;   -3.2;   -3.8;   4.0;   0.0;   0;    6.700;   0;eor
     2712;20150221;   3;    2.1;   6.0;   5.4;  950.76;   84.33;   2.4;    6.6;   -1.3;   -3.8;  10.2;   8.9;   8;    2.017;   0;eor
     2712;20150222;   3;    1.1;   6.1;   6.0;  956.85;   92.63;   1.1;    3.8;   -1.4;   -2.7;   2.8;   0.0;   0;    0.533;   1;eor
     2712;20150223;   3;    1.0;   6.3;   7.5;  952.38;   94.63;   1.8;    4.5;   -2.5;   -3.2;   7.7;   1.2;   6;    0.000;   0;eor
     2712;20150224;   3;    3.6;   5.9;   6.4;  958.12;   74.79;   3.2;    5.1;    1.5;   -0.8;   9.3;   0.0;   8;    0.000;   0;eor
     2712;20150225;   3;    2.5;   6.1;   4.9;  966.69;   83.92;   1.6;    7.0;   -1.0;   -3.2;   4.3;   0.2;   8;    3.550;   0;eor
     2712;20150226;   3;    1.4;   5.1;   2.5;  966.53;   78.50;   1.4;    8.2;   -2.9;   -4.8;   4.5;   0.0;   8;    7.100;   0;eor
     2712;20150227;   3;    1.1;   6.1;   7.3;  961.43;   91.42;   1.8;    2.5;   -0.6;   -1.7;   8.1;  11.3;   8;    0.000;   0;eor
     2712;20150228;   3;    3.1;   6.2;   5.3;  967.11;   83.00;   1.4;    8.0;    0.1;   -2.4;   5.5;   0.1;   8;    4.250;   1;eor
     2712;20150301;   3;    4.9;   7.6;   6.0;  959.90;   87.08;   3.3;   10.2;   -0.4;   -2.3;  13.1;   7.7;   6;    0.800;   0;eor
     2712;20150302;   3;    6.7;   8.1;   6.2;  959.40;   81.88;   5.2;    9.1;    2.7;    0.7;  16.6;   4.7;   6;    1.450;   0;eor
     2712;20150303;   3;    5.8;   5.4;   3.7;  970.02;   60.25;   2.4;   11.7;    0.4;   -2.7;   7.6;   1.9;   6;    8.200;   0;eor
     2712;20150304;   3;    3.4;   6.1;   6.5;  973.63;   79.25;   2.4;    6.8;    0.3;   -1.8;   9.9;   1.2;   8;    1.083;   0;eor
     2712;20150305;   3;    2.6;   5.0;   6.2;  981.08;   68.67;   2.2;    6.8;   -0.3;   -3.0;   8.1;   0.0;   7;    1.433;   0;eor
     2712;20150306;   3;    2.6;   5.0;   0.8;  982.85;   69.92;   1.7;    8.3;   -2.1;   -4.3;   4.6;   0.0;   0;   10.317;   0;eor
     2712;20150307;   3;    3.7;   5.4;   3.1;  979.04;   69.88;   1.4;   12.1;   -2.0;   -4.3;   3.9;   0.0;   0;   10.200;   0;eor
     2712;20150308;   3;    6.2;   6.4;   3.9;  972.76;   70.50;   1.2;   15.5;   -0.6;   -3.2;   4.9;   0.0;   0;    9.433;   0;eor
     2712;20150309;   3;    7.5;   6.9;   1.9;  971.93;   69.42;   1.5;   15.9;    1.7;   -0.8;   4.1;   0.0;   0;    9.950;   0;eor
     2712;20150310;   3;    7.7;   6.8;   2.5;  973.19;   67.88;   1.4;   15.2;    0.5;   -2.1;   6.6;   0.0;   6;    7.150;   0;eor
     2712;20150311;   3;    7.5;   7.3;   4.8;  974.11;   70.17;   2.1;   11.3;    2.4;   -0.2;   6.1;   0.4;   6;    6.100;   0;eor
     2712;20150312;   3;    4.9;   5.1;   0.4;  973.88;   59.54;   2.7;   11.3;   -1.3;   -3.4;  10.6;   0.0;   0;   10.767;   0;eor
     2712;20150313;   3;    4.2;   5.3;   0.5;  967.73;   65.96;   1.8;   10.5;   -0.8;   -3.5;   7.6;   0.0;   0;    9.783;   0;eor
     2712;20150314;   3;    3.4;   5.4;   1.8;  968.30;   70.50;   1.9;    8.5;   -1.5;   -3.9;   5.9;   0.0;   0;    8.000;   0;eor
     2712;20150315;   3;    4.4;   6.3;   2.7;  967.80;   76.58;   1.9;   11.1;   -0.4;   -3.0;   6.3;   0.0;   0;    4.500;   0;eor
     2712;20150316;   3;    7.6;   6.5;   4.0;  967.72;   64.75;   1.9;   15.9;    2.3;    0.8;   4.3;   0.0;   0;    6.233;   0;eor
     2712;20150317;   3;    9.7;   7.3;   4.5;  969.08;   62.88;   1.5;   16.6;    4.0;    2.2;   4.0;   0.0;   0;    6.283;   0;eor
     2712;20150318;   3;   10.5;   8.1;   3.9;  970.48;   66.13;   1.5;   18.0;    4.2;    1.8;   4.3;   0.0;   0;    7.667;   0;eor
     2712;20150319;   3;   10.3;   6.9;   0.3;  970.33;   57.46;   1.7;   17.4;    4.1;    1.1;   6.9;   0.0;   0;   10.517;   0;eor
     2712;20150320;   3;    9.0;   6.1;   0.3;  968.50;   55.96;   1.5;   16.7;    2.7;   -0.5;   3.9;   0.0;   0;   10.317;   0;eor
     2712;20150321;   3;    6.5;   7.6;   6.5;  963.88;   78.67;   1.8;   12.1;    3.3;    0.5;  10.7;  10.6;   6;    0.067;   0;eor
     2712;20150322;   3;    4.8;   7.1;   6.8;  965.15;   82.83;   3.3;    6.3;    2.9;    2.3;  11.9;   0.1;   6;    0.067;   0;eor
     2712;20150323;   3;    7.1;   7.5;   4.3;  962.93;   75.46;   1.3;   12.0;    3.2;    1.0;   5.1;   0.0;   0;    6.200;   0;eor
     2712;20150324;   3;    7.5;   7.5;   3.1;  956.08;   75.17;   1.3;   16.3;    0.5;   -0.4;   3.6;   0.0;   0;    8.483;   0;eor
     2712;20150325;   3;    8.3;   8.0;   7.7;  951.34;   74.29;   3.1;   13.7;    4.1;    2.2;   9.5;   3.3;   6;    1.983;   0;eor
     2712;20150326;   3;    5.6;   7.8;   8.0;  957.91;   85.63;   2.9;    7.5;    4.1;    3.9;   9.2;   0.9;   6;    0.000;   0;eor
     2712;20150327;   3;    6.9;   6.7;   6.3;  966.65;   69.38;   3.4;   12.1;    3.7;    0.4;   9.8;   0.0;   6;    3.083;   0;eor
     2712;20150328;   3;    7.6;   7.0;   5.3;  969.05;   68.71;   2.4;   15.3;    2.4;    1.2;  11.5;   0.7;   6;    8.067;   0;eor
     2712;20150329;   3;    9.8;   9.5;   7.7;  959.66;   78.04;   6.6;   12.4;    8.0;    7.2;  19.1;   3.9;   6;    0.067;   0;eor
     2712;20150330;   3;    9.4;   8.9;   7.0;  956.64;   76.13;   6.4;   12.2;    7.7;    7.0;  19.0;  13.7;   6;    1.417;   0;eor
     2712;20150331;   3;   11.0;   8.9;   6.0;  958.38;   67.46;   8.5;   14.7;    7.8;    6.3;  25.3;   1.3;   6;    0.950;   0;eor
     2712;20150401;   3;    5.0;   6.0;   6.7;  968.63;   70.13;   5.3;    7.9;    1.2;    0.4;  16.4;   4.2;   8;    2.717;   0;eor
     2712;20150402;   3;    4.7;   7.0;   7.7;  966.54;   81.96;   6.0;    7.4;    2.5;    0.7;  19.6;   4.8;   8;    0.000;   0;eor
     2712;20150403;   3;    5.4;   7.0;   7.3;  967.67;   79.71;   1.9;   10.6;    1.6;    0.1;   6.9;   3.3;   6;    4.950;   0;eor
     2712;20150404;   3;    4.2;   7.8;   8.0;  960.73;   93.58;   1.6;    5.6;    3.0;    2.5;   9.3;  12.5;   6;    0.000;   0;eor
     2712;20150405;   3;    3.9;   4.9;   5.0;  966.82;   62.17;   3.0;    9.0;    0.9;   -2.2;  12.5;   0.0;   7;    3.900;   0;eor
     2712;20150406;   3;    3.4;   4.9;   4.7;  973.91;   64.08;   1.6;    7.9;   -1.1;   -3.6;   5.2;   0.0;   6;    3.450;   0;eor
     2712;20150407;   3;    5.4;   4.9;   1.7;  980.93;   58.63;   1.9;   11.3;   -0.3;   -2.5;   6.9;   0.0;   0;   12.600;   0;eor
     2712;20150408;   3;    7.6;   5.0;   3.3;  978.59;   53.71;   1.7;   16.4;   -0.5;   -2.6;   4.5;   0.0;   0;   11.933;   0;eor
     2712;20150409;   3;   10.3;   6.9;   2.3;  974.07;   57.29;   1.9;   17.8;    3.1;    0.8;   4.3;   0.0;   0;   12.200;   0;eor
     2712;20150410;   3;   13.0;   7.5;   6.3;  970.08;   53.88;   1.3;   22.2;    4.3;    1.7;   5.4;   0.0;   6;   10.150;   0;eor
     2712;20150411;   3;   13.1;   8.5;   7.3;  972.53;   57.04;   3.0;   16.5;   10.3;    9.4;  11.7;   0.1;   6;    2.350;   0;eor
     2712;20150412;   3;   13.7;   9.4;   6.7;  976.53;   62.83;   1.6;   20.1;    7.6;    5.0;   5.1;   0.0;   0;   11.200;   0;eor
     2712;20150413;   3;   13.8;   8.9;   6.7;  976.97;   59.83;   2.1;   20.6;    6.3;    4.6;   8.2;   0.0;   0;    9.733;   0;eor
     2712;20150414;   3;   13.6;   8.8;   5.7;  976.41;   59.00;   1.9;   20.9;    7.4;    5.0;   4.8;   0.0;   0;   12.067;   0;eor
     2712;20150415;   3;   14.4;   7.9;   3.3;  968.58;   52.63;   1.5;   24.0;    5.8;    3.7;   4.3;   0.0;   0;   11.500;   0;eor
     2712;20150416;   3;   15.0;   9.3;   6.0;  963.58;   56.58;   2.0;   22.8;    7.3;    5.3;  11.5;   0.3;   6;    4.767;   0;eor
     2712;20150417;   3;   12.2;  12.1;   7.7;  962.29;   85.58;   2.7;   13.9;    7.8;    7.3;  10.2;  12.1;   6;    0.017;   0;eor
     2712;20150418;   3;    8.8;   6.3;   4.3;  968.50;   56.50;   3.6;   13.0;    5.7;    4.5;  10.2;   0.0;   0;    9.517;   0;eor
     2712;20150419;   3;   10.9;   5.7;   0.4;  965.85;   45.46;   3.5;   18.3;    3.9;    2.3;   9.2;   0.0;   0;   13.050;   0;eor
     2712;20150420;   3;   11.8;   6.5;   1.3;  970.75;   49.96;   2.0;   19.7;    4.2;    1.2;   7.8;   0.0;   0;   12.900;   0;eor
     2712;20150421;   3;   13.7;   7.4;   0.9;  974.63;   51.13;   1.8;   22.1;    5.4;    3.0;   6.8;   0.0;   0;   13.083;   0;eor
     2712;20150422;   3;   14.2;   7.5;   0.7;  970.48;   51.04;   2.1;   24.0;    5.7;    3.6;   9.5;   0.0;   0;   13.217;   0;eor
     2712;20150423;   3;   10.3;   6.6;   0.4;  965.54;   54.88;   2.0;   17.2;    4.0;    1.9;   6.9;   0.0;   0;   13.067;   0;eor
     2712;20150424;   3;   12.0;   8.0;   0.9;  962.93;   59.71;   1.5;   20.4;    3.9;    2.2;   4.3;   0.0;   0;   12.600;   0;eor
     2712;20150425;   3;   12.8;  10.2;   6.3;  960.59;   69.50;   2.1;   18.7;    7.4;    5.2;  11.8;   1.4;   6;    1.017;   0;eor
     2712;20150426;   3;   14.9;  12.0;   5.3;  957.01;   72.63;   1.4;   20.5;    9.4;    7.8;   5.2;   0.0;   0;    8.733;   0;eor
     2712;20150427;   3;   16.0;  12.5;   5.7;  949.78;   72.00;   1.8;   23.2;    9.9;    8.1;   9.4;  25.9;   8;    6.567;   0;eor
     2712;20150428;   3;    8.2;   9.6;   6.9;  963.13;   87.13;   2.8;   11.8;    4.2;    2.5;  10.3;   5.9;   6;    0.300;   0;eor
     2712;20150429;   3;   10.0;   7.9;   5.2;  965.68;   67.83;   1.7;   16.4;    3.4;    2.1;   5.4;   0.0;   6;   10.383;   0;eor
     2712;20150430;   3;   12.1;   8.4;   6.2;  963.90;   61.58;   2.4;   16.8;    8.6;    8.0;  12.2;   9.4;   6;    5.100;   0;eor
     2712;20150501;   3;   10.9;  12.4;   7.8;  955.52;   94.17;   2.8;   14.2;    8.2;    8.1;  10.7;  23.4;   8;    0.000;   0;eor
     2712;20150502;   3;   13.9;  13.1;   7.3;  958.94;   83.54;   2.7;   17.9;   11.1;   11.0;   8.9;  14.1;   6;    1.667;   0;eor
     2712;20150503;   3;   13.6;  15.1;   7.4;  957.60;   96.42;   1.7;   16.7;   10.6;   10.6;   7.1;   5.3;   6;    0.017;   0;eor
     2712;20150504;   3;   16.4;  16.2;   6.2;  959.21;   87.13;   1.5;   20.2;   13.9;   13.0;   6.6;   0.5;   6;    0.950;   0;eor
     2712;20150505;   3;   16.5;  15.1;   6.5;  957.34;   82.38;   2.6;   23.1;   12.8;   12.5;  10.9;  16.0;   8;    0.783;   0;eor
     2712;20150506;   3;   13.3;  11.7;   6.0;  964.98;   77.79;   2.6;   17.3;   10.3;    9.6;   9.2;   3.1;   6;    5.633;   0;eor
     2712;20150507;   3;   14.2;   9.1;   4.1;  967.57;   57.75;   2.3;   19.8;   10.3;    8.3;   7.1;   0.0;   0;   10.500;   0;eor
     2712;20150508;   3;   15.7;  11.3;   4.7;  964.14;   66.33;   2.2;   24.8;    9.1;    7.1;  13.2;   1.2;   6;   10.750;   0;eor
     2712;20150509;   3;   15.9;  12.5;   5.4;  969.86;   70.29;   3.5;   20.3;   12.9;   11.5;  10.3;   0.0;   0;    3.650;   0;eor
     2712;20150510;   3;   16.1;  10.7;   2.0;  974.66;   60.88;   2.0;   21.8;   10.2;    7.9;   5.0;   0.0;   0;   12.100;   0;eor
     2712;20150511;   3;   17.1;  12.0;   3.4;  971.95;   64.33;   1.6;   24.7;    9.2;    7.4;   3.6;   0.0;   0;   12.967;   0;eor
     2712;20150512;   3;   21.0;  12.3;   3.8;  968.56;   54.83;   2.1;   29.2;   12.0;   10.3;   8.2;   0.0;   0;   11.600;   0;eor
     2712;20150513;   3;   20.0;  14.8;   4.1;  965.02;   63.63;   2.1;   25.8;   15.8;   14.6;  14.4;   3.3;   8;    8.900;   0;eor
     2712;20150514;   3;   17.9;  14.6;   5.3;  959.82;   71.58;   2.8;   22.0;   13.0;   12.3;  11.9;   2.0;   6;    5.700;   0;eor
     2712;20150515;   3;    9.5;  11.1;   7.9;  961.85;   93.46;   3.1;   12.9;    8.4;    8.6;  11.2;  21.9;   6;    0.000;   0;eor
     2712;20150516;   3;   13.4;  11.7;   5.4;  971.32;   77.58;   2.1;   20.5;    9.0;    9.2;   6.2;   0.0;   0;    4.300;   0;eor
     2712;20150517;   3;   15.7;  11.7;   5.5;  971.50;   67.58;   1.6;   21.6;   11.8;   10.5;   6.7;   0.0;   0;    8.817;   0;eor
     2712;20150518;   3;   17.2;  12.4;   2.9;  961.03;   65.21;   1.8;   24.8;    9.5;    8.0;  10.9;   0.5;   6;   12.883;   0;eor
     2712;20150519;   3;   13.4;  11.0;   6.5;  959.03;   71.42;   3.2;   15.2;    9.9;    9.3;   8.8;   5.8;   6;    0.017;   0;eor
     2712;20150520;   3;    8.8;  10.0;   7.3;  963.65;   88.38;   2.2;   11.3;    6.4;    6.1;   9.8;   7.5;   6;    0.000;   0;eor
     2712;20150521;   3;    9.0;   9.9;   7.1;  970.91;   86.21;   1.3;   11.3;    6.7;    6.5;   4.2;   1.1;   6;    0.000;   0;eor
     2712;20150522;   3;   11.7;   9.5;   5.4;  971.20;   70.13;   1.7;   17.3;    7.1;    6.6;   5.9;   0.0;   6;    4.833;   0;eor
     2712;20150523;   3;   13.2;  10.0;   6.3;  966.33;   67.42;   2.0;   18.0;    8.3;    6.6;   7.7;   0.0;   6;    0.917;   0;eor
     2712;20150524;   3;   14.8;  10.8;   7.2;  965.62;   65.13;   1.8;   19.2;   10.2;    8.5;   7.1;   0.0;   0;    0.367;   0;eor
     2712;20150525;   3;   14.0;  12.6;   7.3;  963.28;   79.29;   1.5;   18.8;   11.5;   11.3;  11.4;  12.8;   6;    2.050;   0;eor
     2712;20150526;   3;   11.5;  11.7;   7.5;  965.70;   86.50;   1.7;   16.0;    8.7;    8.4;   8.0;   7.0;   6;    0.733;   0;eor
     2712;20150527;   3;   11.4;   8.8;   4.6;  970.49;   67.33;   1.7;   17.3;    7.1;    5.7;   8.9;   0.0;   6;    6.917;   0;eor
     2712;20150528;   3;   14.8;   9.3;   3.8;  965.99;   59.92;   2.2;   22.4;    6.3;    4.6;   8.8;   0.0;   0;   13.000;   0;eor
     2712;20150529;   3;   17.9;  11.1;   3.9;  961.15;   56.88;   2.3;   24.9;    9.9;    8.2;  10.1;   0.8;   8;   12.083;   0;eor
     2712;20150530;   3;   16.5;  11.5;   6.8;  964.28;   62.21;   3.1;   20.9;   13.5;   12.0;  10.4;   0.0;   6;    5.350;   0;eor
     2712;20150531;   3;   17.1;  12.0;   4.9;  964.96;   63.50;   1.7;   23.3;   11.1;    9.2;   4.9;   0.0;   0;   11.867;   0;eor
     2712;20150601;   3;   19.2;  13.7;   3.5;  965.21;   62.58;   2.6;   25.0;   14.2;   13.0;  10.3;   0.2;   6;   10.283;   0;eor
     2712;20150602;   3;   20.2;  14.7;   2.9;  967.23;   65.17;   2.3;   27.3;   13.6;   12.1;  11.3;   0.0;   0;   11.200;   0;eor
     2712;20150603;   3;   21.9;  13.5;   1.3;  970.58;   55.58;   2.6;   28.7;   14.1;   12.6;   9.6;   0.0;   0;   13.083;   0;eor
     2712;20150604;   3;   22.8;  15.6;   0.4;  971.79;   58.21;   1.7;   30.9;   15.6;   14.2;   4.8;   0.0;   0;   14.733;   0;eor
     2712;20150605;   3;   24.9;  16.9;   0.4;  968.67;   56.92;   1.5;   32.8;   17.5;   15.8;   6.3;   0.0;   0;   14.633;   0;eor
     2712;20150606;   3;   24.8;  17.3;   1.5;  970.50;   56.63;   2.0;   32.6;   18.9;   17.5;  11.1;   0.0;   0;   10.417;   0;eor
     2712;20150607;   3;   23.3;  17.0;   1.8;  971.69;   61.21;   2.3;   30.2;   15.5;   15.3;  11.7;  20.4;   8;   13.050;   0;eor
     2712;20150608;   3;   17.0;  16.2;   7.4;  969.90;   83.71;   2.5;   20.6;   13.9;   14.0;  11.1;   0.5;   6;    1.100;   0;eor
     2712;20150609;   3;   13.8;  12.9;   8.0;  969.42;   81.67;   3.3;   16.0;   12.4;   12.0;  10.5;   0.1;   6;    0.000;   0;eor
     2712;20150610;   3;   15.9;  14.2;   7.8;  969.13;   78.50;   2.3;   20.0;   12.2;   11.9;   8.8;   0.0;   0;    0.000;   0;eor
     2712;20150611;   3;   19.9;  16.1;   4.0;  965.70;   70.92;   1.5;   27.1;   13.9;   12.4;   4.0;   0.0;   0;   11.267;   0;eor
     2712;20150612;   3;   22.2;  15.9;   2.9;  960.60;   64.00;   1.7;   30.8;   15.3;   13.5;   9.9;   0.0;   6;   10.750;   0;eor
     2712;20150613;   3;   20.9;  16.6;   4.6;  960.48;   69.21;   2.8;   26.6;   16.8;   15.9;  10.7;   0.7;   6;    7.517;   0;eor
     2712;20150614;   3;   19.5;  17.7;   6.7;  958.60;   79.88;   2.0;   27.3;   15.5;   15.3;  10.0;  62.9;   8;    4.683;   0;eor
     2712;20150615;   3;   16.0;  17.0;   7.6;  963.38;   93.08;   1.6;   18.2;   14.9;   14.9;   8.0;   9.5;   6;    0.000;   0;eor
     2712;20150616;   3;   17.2;  14.9;   6.9;  966.87;   76.92;   1.8;   21.5;   14.7;   13.8;   8.9;   0.0;   6;    0.367;   0;eor
     2712;20150617;   3;   17.3;  12.0;   5.2;  969.43;   61.42;   1.6;   22.7;   13.2;   11.8;   5.1;   0.0;   0;    8.600;   0;eor
     2712;20150618;   3;   15.7;  14.1;   7.5;  966.70;   78.88;   3.2;   18.0;   13.1;   11.7;  10.0;   6.3;   6;    0.000;   0;eor
     2712;20150619;   3;   15.7;  12.0;   6.5;  965.93;   69.08;   2.2;   20.1;   13.1;   12.0;   8.9;   2.4;   6;    3.183;   0;eor
     2712;20150620;   3;   13.3;  11.8;   7.4;  967.84;   77.79;   2.2;   17.2;   10.9;    9.5;   9.1;   2.7;   6;    1.367;   0;eor
     2712;20150621;   3;   14.3;  13.4;   7.2;  967.36;   82.50;   2.1;   20.1;   10.8;   10.0;   9.2;   4.1;   6;    1.783;   0;eor
     2712;20150622;   3;   17.3;  14.3;   6.5;  961.40;   73.21;   2.7;   22.1;   11.9;   11.2;  15.9;  12.0;   6;    5.483;   0;eor
     2712;20150623;   3;   14.2;  10.6;   6.2;  963.08;   66.71;   3.1;   18.8;   10.2;    8.4;  10.0;   0.0;   0;    4.267;   0;eor
     2712;20150624;   3;   16.0;  10.4;   1.5;  969.61;   60.83;   1.5;   22.8;    9.0;    7.7;   4.7;   0.0;   0;   14.233;   0;eor
     2712;20150625;   3;   18.3;  12.0;   4.6;  970.76;   60.17;   1.5;   25.6;   10.7;    9.1;   5.5;   0.0;   0;   12.667;   0;eor
     2712;20150626;   3;   20.4;  12.6;   3.3;  969.52;   55.83;   1.5;   27.5;   13.5;   12.0;   7.1;   0.0;   0;   12.800;   0;eor
     2712;20150627;   3;   19.2;  16.4;   4.4;  967.15;   73.67;   1.7;   24.5;   14.7;   13.1;  11.1;   5.1;   8;    5.150;   0;eor
     2712;20150628;   3;   20.0;  13.5;   2.2;  969.45;   61.21;   1.6;   26.7;   13.6;   12.6;   5.3;   0.0;   0;   13.200;   0;eor
     2712;20150629;   3;   21.3;  15.8;   4.8;  969.83;   65.29;   1.4;   28.3;   14.6;   13.2;   5.4;   0.0;   0;    6.383;   0;eor
     2712;20150630;   3;   23.9;  15.4;   0.8;  968.46;   56.75;   1.6;   31.6;   16.0;   14.7;   5.8;   0.0;   0;   14.833;   0;eor
     2712;20150701;   3;   25.1;  15.3;   0.1;  967.58;   52.79;   1.5;   33.2;   17.2;   15.3;   4.7;   0.0;   0;   15.033;   0;eor
     2712;20150702;   3;   26.7;  18.5;   0.5;  969.49;   57.00;   1.3;   35.2;   18.8;   17.0;   3.8;   0.0;   0;   14.217;   0;eor
     2712;20150703;   3;   27.2;  21.8;   1.3;  971.78;   62.42;   1.7;   35.3;   21.1;   20.0;   6.8;   0.0;   0;   11.017;   0;eor
     2712;20150704;   3;   27.5;  20.7;   2.3;  969.93;   59.21;   1.7;   36.4;   20.4;   19.4;   5.2;   0.0;   0;   12.500;   0;eor
     2712;20150705;   3;   28.5;  21.8;   1.5;  965.95;   58.46;   1.7;   34.7;   21.6;   20.6;   7.0;   0.4;   6;   13.300;   0;eor
     2712;20150706;   3;   25.5;  21.8;   3.0;  968.60;   68.17;   1.8;   30.5;   22.2;   20.5;  10.5;   0.0;   0;    8.033;   0;eor
     2712;20150707;   3;   27.4;  22.6;   1.6;  961.85;   65.04;   2.3;   34.8;   20.7;   19.7;  10.1;   4.5;   8;   11.433;   0;eor
     2712;20150708;   3;   21.0;  14.4;   6.2;  963.23;   58.13;   4.1;   24.0;   17.6;   17.1;  13.0;   0.0;   6;    3.883;   0;eor
     2712;20150709;   3;   18.8;  11.2;   6.7;  968.49;   52.08;   3.2;   22.9;   15.4;   14.3;  10.5;   0.0;   0;    3.850;   0;eor
     2712;20150710;   3;   19.7;  11.2;   0.5;  969.43;   51.54;   1.8;   26.6;   12.7;   11.0;   4.6;   0.0;   0;   14.700;   0;eor
     2712;20150711;   3;   23.1;  13.0;   1.0;  966.20;   49.58;   2.7;   31.5;   14.1;   12.1;  12.0;   0.0;   0;   14.400;   0;eor
     2712;20150712;   3;   23.3;  13.3;   3.7;  966.93;   49.25;   2.5;   29.5;   16.7;   14.7;   9.2;   0.2;   6;   12.717;   0;eor
     2712;20150713;   3;   21.6;  14.6;   7.3;  967.62;   57.54;   1.7;   25.9;   17.9;   16.9;   8.3;   0.0;   6;    1.633;   0;eor
     2712;20150714;   3;   24.2;  14.6;   4.0;  967.35;   49.79;   3.0;   29.6;   19.3;   17.8;  10.4;   0.0;   0;   12.617;   0;eor
     2712;20150715;   3;   24.3;  15.5;   2.0;  967.73;   53.33;   1.6;   31.3;   17.6;   16.3;   5.2;   0.0;   0;   13.900;   0;eor
     2712;20150716;   3;   25.9;  16.1;   0.9;  966.00;   52.63;   1.6;   33.9;   17.8;   15.8;   5.5;   0.0;   0;   14.167;   0;eor
     2712;20150717;   3;   25.0;  17.9;   2.5;  966.12;   59.00;   2.2;   34.2;   18.4;   16.4;  12.0;   3.1;   8;    8.917;   0;eor
     2712;20150718;   3;   22.4;  18.9;   3.8;  966.93;   70.92;   1.8;   27.7;   18.7;   17.0;   8.8;   1.1;   6;    5.950;   0;eor
     2712;20150719;   3;   24.0;  19.2;   3.7;  962.65;   67.88;   2.9;   31.1;   18.2;   17.0;  15.1;   1.1;   6;    8.500;   0;eor
     2712;20150720;   3;   25.2;  18.6;   3.0;  964.30;   60.21;   1.8;   31.5;   20.3;   19.0;   5.6;   0.0;   0;   11.200;   0;eor
     2712;20150721;   3;   26.4;  19.9;   0.8;  964.58;   60.25;   1.7;   33.6;   20.2;   18.9;   4.9;   0.0;   0;   14.350;   0;eor
     2712;20150722;   3;   26.0;  19.4;   3.1;  963.14;   61.42;   1.9;   36.2;   20.2;   18.8;  13.3;   0.0;   6;   10.000;   0;eor
     2712;20150723;   3;   21.6;  18.4;   6.4;  965.02;   71.92;   2.4;   25.2;   18.8;   18.2;  10.3;   0.7;   6;    4.233;   0;eor
     2712;20150724;   3;   22.7;  18.5;   3.0;  959.65;   69.38;   2.2;   31.0;   17.4;   16.2;  14.8;   7.1;   6;   10.817;   0;eor
     2712;20150725;   3;   19.7;  13.3;   3.6;  961.38;   58.83;   5.0;   23.9;   15.4;   13.9;  17.2;   0.0;   0;    8.350;   0;eor
     2712;20150726;   3;   17.6;  10.9;   6.5;  962.85;   55.96;   1.8;   23.1;   13.0;   11.0;   9.0;   5.9;   6;    7.083;   0;eor
     2712;20150727;   3;   19.1;  13.5;   4.8;  958.15;   63.96;   4.6;   24.0;   14.0;   13.7;  15.2;   0.0;   0;    9.983;   0;eor
     2712;20150728;   3;   18.6;  11.8;   7.2;  960.16;   55.71;   3.7;   22.0;   14.9;   13.2;  11.0;   0.6;   6;    0.300;   0;eor
     2712;20150729;   3;   15.1;  14.0;   6.9;  961.29;   81.21;   2.1;   17.5;   12.0;   10.2;   7.9;   1.4;   6;    0.033;   0;eor
     2712;20150730;   3;   16.3;  11.3;   3.6;  964.65;   64.63;   1.9;   22.9;   10.0;    8.4;   6.4;   0.0;   0;    9.333;   0;eor
     2712;20150731;   3;   18.9;  10.1;   3.3;  963.84;   48.88;   2.1;   25.9;   11.2;    8.9;   8.0;   0.3;   6;   11.017;   0;eor
     2712;20150801;   3;   17.1;  14.5;   7.2;  963.88;   74.25;   1.5;   20.0;   14.1;   13.1;   5.7;   2.8;   6;    0.217;   0;eor
     2712;20150802;   3;   21.0;  15.7;   3.7;  967.12;   65.58;   1.8;   28.3;   16.5;   15.1;   6.3;   0.0;   0;   10.383;   0;eor
     2712;20150803;   3;   22.7;  16.4;   0.6;  965.88;   61.79;   1.7;   31.1;   14.9;   13.3;   4.7;   0.0;   0;   13.917;   0;eor
     2712;20150804;   3;   21.6;  17.2;   5.4;  965.35;   68.00;   2.4;   28.4;   16.8;   15.2;  12.2;   0.0;   6;    5.833;   0;eor
     2712;20150805;   3;   23.7;  17.1;   0.8;  965.85;   61.71;   1.7;   31.9;   16.4;   15.3;   5.0;   0.0;   0;   13.483;   0;eor
     2712;20150806;   3;   25.7;  18.5;   1.0;  965.11;   59.04;   1.8;   33.5;   17.6;   15.9;   4.7;   0.0;   0;   13.450;   0;eor
     2712;20150807;   3;   26.8;  19.2;   1.0;  964.48;   57.08;   1.7;   35.2;   19.4;   18.0;   5.5;   0.0;   0;   12.133;   0;eor
     2712;20150808;   3;   28.3;  17.2;   1.0;  966.43;   47.04;   1.9;   35.8;   22.0;   20.6;   7.4;   0.0;   0;   12.317;   0;eor
     2712;20150809;   3;   24.7;  19.5;   4.1;  964.95;   64.88;   2.9;   31.4;   19.3;   19.1;  11.0;  20.0;   8;    9.817;   0;eor
     2712;20150810;   3;   23.1;  21.2;   4.9;  963.91;   76.42;   1.5;   29.1;   19.2;   18.9;   7.1;   0.1;   6;    5.133;   0;eor
     2712;20150811;   3;   24.4;  20.8;   3.0;  964.92;   69.50;   1.7;   30.7;   19.7;   19.0;   5.5;   0.0;   0;   10.083;   0;eor
     2712;20150812;   3;   25.6;  19.3;   0.8;  967.10;   62.54;   1.4;   33.0;   19.5;   17.7;   5.1;   0.0;   0;   11.367;   0;eor
     2712;20150813;   3;   25.4;  19.2;   1.8;  962.61;   62.71;   2.1;   33.6;   18.8;   17.3;  18.2;   0.0;   6;   12.683;   0;eor
     2712;20150814;   3;   20.9;  18.5;   5.0;  960.26;   75.13;   1.9;   25.0;   18.3;   17.7;  11.2;   1.0;   6;    3.433;   0;eor
     2712;20150815;   3;   17.3;  16.2;   7.3;  960.75;   82.17;   2.7;   19.5;   14.7;   14.2;   8.2;   2.4;   6;    0.000;   0;eor
     2712;20150816;   3;   16.5;  15.2;   7.6;  961.19;   81.67;   1.9;   21.3;   14.6;   14.1;   6.0;   3.0;   6;    0.917;   0;eor
     2712;20150817;   3;   16.6;  13.2;   6.8;  961.99;   70.79;   1.7;   20.8;   13.0;   12.2;   5.0;   0.0;   6;    0.617;   0;eor
     2712;20150818;   3;   17.1;  13.6;   5.5;  963.49;   71.75;   1.7;   23.0;   12.2;   10.7;   6.0;  17.6;   8;    4.667;   0;eor
     2712;20150819;   3;   14.6;  14.8;   7.7;  968.25;   89.21;   1.3;   16.4;   13.9;   13.2;   3.9;   1.0;   6;    0.000;   0;eor
     2712;20150820;   3;   17.1;  14.7;   7.0;  971.49;   76.83;   1.6;   22.7;   13.3;   12.8;   5.5;   0.4;   6;    5.783;   0;eor
     2712;20150821;   3;   18.4;  14.0;   0.8;  971.41;   69.17;   1.7;   24.9;   12.4;   11.2;   5.2;   0.0;   0;   11.617;   0;eor
     2712;20150822;   3;   19.5;  13.6;   1.1;  966.03;   62.50;   1.6;   26.4;   13.5;   12.0;   5.0;   0.0;   0;   12.450;   0;eor
     2712;20150823;   3;   18.4;  15.4;   3.7;  958.68;   73.04;   1.6;   23.6;   13.4;   11.8;   6.3;   2.9;   6;    6.350;   0;eor
     2712;20150824;   3;   17.3;  16.6;   6.3;  957.97;   84.42;   2.5;   23.3;   13.4;   12.8;  16.6;   5.2;   6;    2.633;   0;eor
     2712;20150825;   3;   16.9;  12.4;   3.0;  967.09;   65.79;   2.8;   22.4;   13.0;   11.6;  10.1;   0.0;   0;   11.467;   0;eor
     2712;20150826;   3;   19.0;  13.7;   1.1;  966.31;   66.42;   1.5;   27.4;   11.7;   10.2;   4.4;   0.0;   0;   12.933;   0;eor
     2712;20150827;   3;   21.6;  16.1;   2.8;  963.12;   66.00;   1.5;   29.4;   14.4;   12.9;   4.7;   0.0;   0;   11.150;   0;eor
     2712;20150828;   3;   24.2;  17.4;   2.8;  966.83;   60.08;   1.8;   31.0;   18.7;   16.7;   5.8;   0.0;   0;   10.233;   0;eor
     2712;20150829;   3;   25.0;  18.6;   0.9;  969.30;   61.83;   1.6;   34.3;   17.5;   15.7;   5.4;   0.0;   0;   12.717;   0;eor
     2712;20150830;   3;   25.2;  19.0;   0.4;  967.72;   62.38;   1.5;   32.9;   19.3;   17.8;   3.9;   0.0;   0;   12.633;   0;eor
     2712;20150831;   3;   24.7;  16.2;   0.6;  963.95;   56.04;   1.8;   32.8;   17.6;   15.9;   8.4;   0.0;   0;   12.350;   0;eor
     2712;20150901;   3;   19.3;  17.5;   5.0;  962.28;   79.38;   2.7;   25.3;   14.8;   14.3;  14.7;   8.5;   6;    3.900;   0;eor
     2712;20150902;   3;   17.5;  14.5;   7.1;  964.66;   73.58;   1.8;   21.9;   14.2;   14.2;   4.8;   0.0;   0;    2.417;   0;eor
     2712;20150903;   3;   16.2;  14.1;   7.3;  963.16;   77.25;   1.6;   18.6;   13.8;   12.6;   5.9;   1.8;   6;    0.000;   0;eor
     2712;20150904;   3;   16.5;  11.7;   5.1;  964.06;   64.38;   2.1;   21.2;   11.7;   10.3;   8.7;   0.1;   6;    6.933;   0;eor
     2712;20150905;   3;   14.2;   9.9;   7.3;  966.09;   61.92;   2.2;   18.4;   12.2;   11.5;   7.7;   0.2;   6;    2.433;   0;eor
     2712;20150906;   3;   12.4;   9.7;   7.2;  971.32;   68.04;   2.5;   17.2;    9.7;    7.9;   7.8;   2.8;   6;    2.000;   0;eor
     2712;20150907;   3;   13.0;   9.0;   3.4;  973.40;   61.79;   1.7;   19.0;    7.1;    4.9;   5.7;   0.0;   0;    9.733;   0;eor
     2712;20150908;   3;   15.1;  10.5;   0.6;  970.60;   62.96;   2.4;   21.4;   10.0;    7.6;   9.0;   0.0;   0;   11.617;   0;eor
     2712;20150909;   3;   15.2;   9.6;   0.5;  967.54;   57.71;   2.5;   21.4;    8.9;    6.7;   8.4;   0.0;   0;   12.083;   0;eor
     2712;20150910;   3;   12.7;   9.9;   1.4;  966.19;   67.83;   2.8;   17.5;    8.8;    6.8;   9.2;   0.0;   0;    7.950;   0;eor
     2712;20150911;   3;   13.3;  12.3;   4.5;  965.41;   81.04;   1.6;   20.8;    7.4;    5.7;   5.0;   1.2;   6;    6.133;   0;eor
     2712;20150912;   3;   18.5;  13.8;   3.0;  964.64;   68.58;   1.8;   27.5;   12.1;   10.7;   9.8;   0.0;   6;   10.350;   0;eor
     2712;20150913;   3;   17.2;  15.7;   3.2;  958.94;   80.46;   1.6;   21.8;   13.9;   12.3;   7.7;   5.4;   6;    3.933;   0;eor
     2712;20150914;   3;   15.4;  14.6;   6.9;  957.35;   84.00;   2.4;   19.7;   12.8;   11.8;  13.5;   5.1;   6;    1.950;   0;eor
     2712;20150915;   3;   14.6;  12.5;   7.3;  958.61;   76.08;   2.0;   17.5;   12.9;   11.8;  10.0;   0.6;   6;    0.017;   0;eor
     2712;20150916;   3;   16.4;  14.3;   5.0;  950.09;   76.50;   1.9;   23.0;   13.0;   11.8;   8.6;   0.1;   6;    3.033;   0;eor
     2712;20150917;   3;   13.6;  13.7;   4.4;  956.50;   88.42;   2.6;   20.0;   10.5;    8.8;  14.0;   3.4;   6;    3.767;   0;eor
     2712;20150918;   3;   12.7;  12.8;   5.6;  966.95;   87.58;   1.7;   18.0;    9.5;    7.7;   9.0;   1.1;   6;    0.783;   0;eor
     2712;20150919;   3;   13.7;  12.1;   5.9;  970.36;   79.13;   1.8;   20.2;    9.5;    7.9;   8.2;   0.3;   6;    7.133;   0;eor
     2712;20150920;   3;   13.6;  11.8;   5.5;  971.38;   76.79;   1.5;   18.7;    9.9;    7.8;   4.6;   0.0;   6;    3.467;   0;eor
     2712;20150921;   3;   13.6;  10.8;   0.6;  964.53;   72.33;   1.4;   20.6;    7.9;    6.1;   3.8;   0.0;   0;   11.017;   0;eor
     2712;20150922;   3;   13.6;  12.4;   6.0;  956.50;   80.00;   1.9;   17.3;   10.0;    8.1;  13.5;   3.2;   6;    0.250;   0;eor
     2712;20150923;   3;   10.5;  10.7;   7.3;  961.32;   84.04;   3.4;   12.3;    9.4;    8.8;   9.9;   1.3;   6;    0.067;   0;eor
     2712;20150924;   3;   11.8;  11.1;   4.7;  968.73;   81.33;   1.3;   17.2;    8.8;    6.8;   4.4;   0.0;   0;    4.617;   0;eor
     2712;20150925;   3;   12.5;  11.2;   5.0;  969.77;   79.63;   1.3;   19.1;    8.1;    6.6;   4.5;   0.0;   0;    6.900;   0;eor
     2712;20150926;   3;   13.8;  11.5;   3.4;  969.94;   74.96;   2.1;   19.9;    8.5;    6.1;   8.9;   0.0;   0;    5.367;   0;eor
     2712;20150927;   3;   13.7;   9.5;   3.8;  973.66;   62.08;   3.9;   18.4;   10.6;    9.4;  13.3;   0.0;   0;   10.100;   0;eor
     2712;20150928;   3;   11.9;   7.9;   0.9;  977.03;   57.42;   4.9;   16.6;    8.5;    6.7;  15.5;   0.0;   0;    8.050;   0;eor
     2712;20150929;   3;   12.2;   7.8;   1.2;  974.86;   56.04;   5.4;   17.4;    8.1;    7.0;  14.1;   0.0;   0;   10.850;   0;eor
     2712;20150930;   3;   11.2;   8.0;   1.6;  974.30;   61.50;   4.0;   16.6;    7.5;    6.2;  13.0;   0.0;   0;    7.350;   0;eor
     2712;20151001;   3;   10.8;   7.8;   0.6;  971.75;   60.83;   2.6;   17.7;    4.8;    3.6;   9.6;   0.0;   0;   10.883;   0;eor
     2712;20151002;   3;   12.0;  10.0;   2.4;  967.83;   71.92;   1.5;   18.9;    6.2;    4.0;   4.9;   0.0;   0;    8.017;   0;eor
     2712;20151003;   3;   14.3;  11.6;   2.5;  964.53;   72.58;   1.9;   20.0;   10.2;    9.0;   6.4;   0.9;   6;    9.150;   0;eor
     2712;20151004;   3;   12.6;  11.6;   3.7;  966.04;   80.33;   2.5;   17.5;    8.9;    7.1;  10.1;   5.0;   6;    5.917;   0;eor
     2712;20151005;   3;   13.0;  12.4;   5.5;  962.86;   83.04;   1.4;   19.1;    8.8;    8.0;   5.5;   0.5;   6;    2.683;   0;eor
     2712;20151006;   3;   14.6;  14.9;   6.4;  957.49;   90.25;   1.8;   19.3;   12.0;   10.2;  14.2;   3.5;   6;    3.500;   0;eor
     2712;20151007;   3;   14.5;  12.3;   7.0;  962.95;   74.83;   3.5;   17.6;   12.2;   11.6;  11.3;   0.0;   6;    3.150;   0;eor
     2712;20151008;   3;   13.1;  11.2;   7.3;  967.63;   75.08;   1.5;   17.0;   10.8;   10.0;   4.7;   0.0;   0;    0.783;   0;eor
     2712;20151009;   3;   13.2;  11.2;   6.1;  966.66;   74.08;   1.4;   18.1;    9.9;    7.7;   4.6;   0.0;   0;    5.967;   0;eor
     2712;20151010;   3;   11.3;  11.3;   6.7;  962.43;   84.88;   2.5;   14.3;    8.6;    6.3;  10.6;   0.0;   6;    0.600;   0;eor
     2712;20151011;   3;   10.9;  10.3;   7.6;  960.23;   78.63;   3.3;   12.9;    8.9;    8.9;  10.0;   0.0;   0;    0.033;   0;eor
     2712;20151012;   3;    8.3;   8.8;   6.2;  962.60;   80.00;   2.1;   12.1;    6.0;    6.2;   6.2;   0.0;   0;    4.283;   0;eor
     2712;20151013;   3;    8.4;   9.8;   7.3;  961.60;   88.75;   1.9;   11.2;    5.8;    5.3;   9.5;  10.2;   6;    0.000;   0;eor
     2712;20151014;   3;    6.8;   7.7;   5.7;  962.29;   79.00;   2.0;   10.7;    3.3;    1.4;   7.7;   1.2;   6;    0.850;   0;eor
     2712;20151015;   3;    5.7;   7.8;   7.9;  961.19;   85.38;   1.6;    6.8;    4.5;    4.1;   7.9;   3.0;   6;    0.000;   0;eor
     2712;20151016;   3;    5.5;   7.7;   8.0;  965.30;   85.54;   1.3;    7.4;    4.3;    4.1;   3.7;   1.0;   6;    0.000;   0;eor
     2712;20151017;   3;    6.0;   8.2;   7.9;  965.46;   87.63;   1.1;    8.2;    4.3;    4.0;   3.0;   3.9;   6;    0.000;   0;eor
     2712;20151018;   3;    6.7;   8.8;   7.8;  965.28;   89.79;   1.1;    8.6;    5.4;    5.0;   3.4;   3.0;   6;    0.017;   0;eor
     2712;20151019;   3;    7.0;   8.2;   5.4;  967.35;   81.96;   1.4;   11.1;    3.4;    1.3;   4.4;   0.0;   6;    2.267;   0;eor
     2712;20151020;   3;    6.4;   7.8;   4.5;  968.92;   82.04;   1.5;   11.1;    2.1;    0.0;   4.5;   0.0;   0;    5.650;   0;eor
     2712;20151021;   3;    7.5;   8.3;   6.2;  968.05;   80.92;   1.5;   11.0;    4.7;    2.9;   4.2;   0.0;   0;    1.433;   0;eor
     2712;20151022;   3;    8.0;   8.5;   7.5;  967.68;   79.96;   2.4;   11.8;    4.5;    3.1;   8.4;   0.3;   6;    1.717;   0;eor
     2712;20151023;   3;   10.4;  10.9;   6.7;  970.96;   86.83;   1.2;   13.5;    7.8;    5.7;   4.7;   0.0;   0;    0.400;   0;eor
     2712;20151024;   3;   10.6;  11.1;   6.4;  968.20;   87.00;   1.4;   15.2;    8.6;    7.2;   3.9;   0.0;   0;    4.283;   0;eor
     2712;20151025;   3;   11.5;  11.4;   3.3;  971.44;   85.00;   1.6;   17.9;    8.0;    6.4;   5.8;   0.0;   6;    5.133;   0;eor
     2712;20151026;   3;    9.9;  10.8;   6.2;  967.53;   88.42;   1.2;   13.4;    8.5;    6.2;   3.6;   0.0;   6;    2.800;   0;eor
     2712;20151027;   3;    8.6;   9.9;   7.4;  965.08;   89.00;   1.3;   10.8;    6.7;    4.7;   3.5;   0.0;   0;    0.017;   0;eor
     2712;20151028;   3;    9.5;  10.4;   6.8;  960.60;   88.00;   1.4;   14.0;    7.0;    7.2;   7.5;  11.4;   6;    3.867;   0;eor
     2712;20151029;   3;   10.2;  11.5;   7.4;  967.06;   93.00;   2.3;   11.5;    8.5;    6.7;   7.6;   0.4;   6;    0.000;   0;eor
     2712;20151030;   3;   10.6;  10.8;   7.8;  972.36;   84.75;   1.9;   12.3;    9.0;    8.4;   7.6;   0.0;   6;    0.000;   0;eor
     2712;20151031;   3;    9.5;  10.3;   7.9;  974.66;   86.92;   1.7;   10.8;    8.4;    8.3;   5.8;   0.0;   6;    0.000;   0;eor
     2712;20151101;   3;    8.9;  10.1;   6.1;  977.47;   88.96;   1.4;   12.2;    7.3;    5.6;   4.4;   0.0;   6;    2.717;   0;eor
     2712;20151102;   3;    6.6;   8.9;   6.8;  975.23;   91.54;   1.2;    8.5;    5.4;    3.4;   4.2;   0.0;   6;    1.500;   0;eor
     2712;20151103;   3;    5.8;   9.0;   5.9;  969.90;   97.21;   1.4;    7.1;    4.4;    4.3;   5.1;   0.0;   6;    0.000;   0;eor
     2712;20151104;   3;    7.3;   9.7;   5.8;  970.56;   94.54;   1.2;   12.6;    4.4;    2.9;   3.3;   0.0;   0;    4.500;   0;eor
     2712;20151105;   3;    8.7;  10.3;   4.0;  970.53;   91.92;   1.0;   15.2;    5.6;    4.6;   3.5;   0.0;   0;    5.000;   0;eor
     2712;20151106;   3;   11.1;  11.3;   4.1;  973.38;   86.13;   1.2;   16.5;    7.3;    7.0;   3.3;   0.0;   6;    3.200;   0;eor
     2712;20151107;   3;   13.5;  12.1;   3.4;  975.78;   79.33;   1.3;   19.2;   10.4;    8.4;   3.7;   0.0;   6;    6.433;   0;eor
     2712;20151108;   3;   12.4;  11.5;   2.7;  976.67;   81.71;   1.2;   19.8;    8.3;    6.3;   4.4;   0.0;   0;    8.100;   0;eor
     2712;20151109;   3;   13.5;  11.8;   3.2;  976.33;   78.25;   2.8;   20.8;    8.0;    5.8;  11.4;   0.0;   0;    3.350;   0;eor
     2712;20151110;   3;   12.1;  11.5;   2.8;  976.13;   82.79;   2.0;   18.2;    7.4;    4.5;   6.6;   0.0;   0;    7.800;   0;eor
     2712;20151111;   3;    7.0;   9.5;   4.3;  974.95;   95.71;   1.1;   13.2;    3.5;    1.9;   2.8;   0.0;   0;    3.933;   0;eor
     2712;20151112;   3;    5.8;   9.2;   8.0;  975.44;   99.50;   1.2;    6.9;    4.6;    5.0;   3.9;   0.0;   6;    0.000;   0;eor
     2712;20151113;   3;    8.7;   9.6;   6.8;  975.32;   85.75;   2.2;   11.9;    5.0;    3.2;  10.9;   0.2;   6;    5.267;   0;eor
     2712;20151114;   3;    9.7;   8.8;   6.4;  976.99;   73.13;   3.8;   11.8;    7.7;    6.2;  11.3;   0.1;   6;    2.283;   0;eor
     2712;20151115;   3;   12.7;   8.5;   3.9;  969.98;   57.58;   4.6;   17.5;    8.6;    7.3;  12.6;   0.0;   0;    2.200;   0;eor
     2712;20151116;   3;   12.0;   9.6;   3.8;  967.60;   70.00;   2.4;   17.5;    7.5;    4.9;   7.6;   0.0;   0;    7.117;   0;eor
     2712;20151117;   3;   11.8;  10.0;   5.7;  967.02;   72.21;   4.0;   16.2;    7.7;    5.3;  15.0;   0.0;   6;    0.700;   0;eor
     2712;20151118;   3;   14.1;  10.5;   2.8;  969.37;   65.54;   5.4;   16.6;   10.8;    9.1;  17.3;   0.0;   0;    8.200;   0;eor
     2712;20151119;   3;   13.7;   9.5;   6.3;  968.89;   60.42;   4.9;   16.6;    9.8;    6.6;  19.3;   2.1;   6;    5.683;   0;eor
     2712;20151120;   3;   11.5;  11.9;   7.5;  956.31;   86.83;   7.2;   14.6;    5.4;    5.2;  21.1;  46.6;   6;    0.000;   0;eor
     2712;20151121;   3;    3.7;   6.8;   7.2;  947.95;   85.00;   3.3;    6.9;    0.8;    0.2;  12.0;   1.5;   8;    0.700;   0;eor
     2712;20151122;   3;    1.8;   5.5;   6.9;  955.58;   79.50;   2.9;    4.7;    0.3;   -0.4;  10.5;   1.2;   8;    0.983;   0;eor
     2712;20151123;   3;    1.3;   5.3;   3.9;  968.85;   78.96;   2.0;    5.3;   -0.8;   -2.9;   6.0;   0.0;   7;    3.683;   0;eor
     2712;20151124;   3;    0.8;   4.8;   6.8;  969.15;   75.08;   1.8;    3.7;   -1.2;   -2.7;   5.7;   1.0;   8;    4.817;   0;eor
     2712;20151125;   3;    2.7;   6.6;   7.3;  957.62;   88.38;   3.2;    4.1;    0.9;    0.1;  11.4;   1.7;   8;    0.000;   0;eor
     2712;20151126;   3;    3.1;   6.8;   7.5;  962.25;   88.38;   1.5;    4.7;    2.1;    1.4;   4.8;   0.8;   6;    0.383;   0;eor
     2712;20151127;   3;    2.2;   5.4;   6.9;  965.01;   75.50;   2.4;    3.4;    1.1;   -0.6;   8.6;   0.0;   0;    0.733;   0;eor
     2712;20151128;   3;    1.6;   5.6;   5.8;  965.84;   81.67;   3.2;    3.4;    0.3;   -1.3;  11.3;   1.5;   8;    0.000;   0;eor
     2712;20151129;   3;    5.1;   6.7;   6.8;  970.72;   75.96;   5.8;    9.1;    2.0;    1.0;  18.3;   1.0;   6;    0.033;   0;eor
     2712;20151130;   3;    9.5;   8.2;   7.4;  973.55;   69.17;   7.9;   10.8;    8.4;    6.9;  21.1;   0.2;   6;    0.750;   0;eor
     2712;20151201;   3;    9.2;   8.4;   6.0;  976.73;   72.38;   5.4;   11.4;    5.8;    2.1;  17.9;   0.0;   6;    0.200;   0;eor
     2712;20151202;   3;    3.8;   7.6;   4.0;  977.52;   94.79;   1.2;    8.8;    1.6;    0.1;   2.9;   0.0;   0;    3.733;   0;eor
     2712;20151203;   3;    2.9;   7.2;   8.0;  977.64;   95.83;   1.0;    3.8;    1.2;    1.4;   4.7;   0.0;   8;    0.000;   0;eor
     2712;20151204;   3;    2.9;   7.0;   7.6;  980.18;   92.50;   1.3;    5.2;    0.3;   -0.6;   4.8;   1.0;   6;    0.817;   0;eor
     2712;20151205;   3;    4.1;   8.1;   7.8;  979.93;   99.38;   1.2;    4.9;    3.2;    1.3;   3.5;   0.0;   0;    0.000;   0;eor
     2712;20151206;   3;    4.4;   8.0;   7.2;  978.72;   96.54;   1.8;    7.1;    2.0;    2.1;   4.7;   0.0;   0;    2.700;   0;eor
     2712;20151207;   3;    2.6;   7.3;   7.8;  980.73;   99.42;   1.1;    4.5;    1.6;    1.4;   3.7;   0.0;   0;    0.000;   0;eor
     2712;20151208;   3;    2.3;   7.1;   8.0;  980.11;   98.83;   0.9;    3.2;    1.4;    1.8;   3.7;   1.9;   6;    0.000;   0;eor
     2712;20151209;   3;    4.5;   8.2;   6.8;  983.60;   97.38;   1.2;    8.1;    2.5;    1.3;   4.6;   3.5;   6;    0.617;   0;eor
     2712;20151210;   3;    2.1;   6.8;   8.0;  982.83;   94.46;   1.5;    3.7;    0.4;    0.5;   4.7;   0.0;   0;    0.000;   0;eor
     2712;20151211;   3;    3.1;   6.3;   7.0;  977.94;   83.04;   2.0;    7.6;   -0.9;   -1.4;   7.3;   0.0;   0;    4.600;   0;eor
     2712;20151212;   3;    6.2;   6.7;   4.8;  973.85;   71.67;   2.2;   10.5;    1.1;   -1.9;   7.6;   0.0;   0;    7.283;   0;eor
     2712;20151213;   3;    1.6;   6.4;   4.5;  970.46;   93.38;   1.2;    7.0;   -1.4;   -2.4;   4.2;   0.0;   0;    3.700;   0;eor
     2712;20151214;   3;    0.3;   6.2;   8.0;  971.04;   99.75;   1.2;    1.3;   -0.4;   -0.1;   3.0;   0.0;   0;    0.000;   0;eor
     2712;20151215;   3;    0.9;   6.3;   7.1;  974.19;   96.38;   1.0;    2.9;   -0.9;   -0.3;   4.4;   1.9;   6;    0.050;   0;eor
     2712;20151216;   3;    5.0;   8.7;   7.6;  976.52;   98.71;   1.3;    8.0;    1.4;    1.4;   4.3;   4.8;   6;    0.000;   0;eor
     2712;20151217;   3;    8.5;  10.2;   4.2;  975.58;   92.25;   1.3;   13.4;    4.7;    3.2;   3.7;   0.1;   6;    6.117;   0;eor
     2712;20151218;   3;    6.1;   9.0;   7.3;  973.99;   95.17;   1.1;    8.7;    4.4;    3.8;   4.5;   0.1;   6;    0.383;   0;eor
     2712;20151219;   3;    4.5;   8.4;   7.3;  972.74;   99.50;   1.1;    6.5;    2.3;    2.5;   3.0;   0.0;   6;    0.000;   0;eor
     2712;20151220;   3;    2.6;   7.4;   8.0;  971.88;   99.92;   0.9;    4.0;    1.7;    2.1;   3.2;   0.0;   0;    0.000;   0;eor
     2712;20151221;   3;    5.4;   8.7;   5.9;  976.28;   96.63;   1.8;    8.5;    1.8;    2.0;   7.3;   1.5;   6;    0.000;   0;eor
     2712;20151222;   3;    7.5;   9.0;   5.1;  977.99;   87.58;   1.5;   11.7;    3.5;    1.5;   4.4;   0.0;   0;    5.267;   0;eor
     2712;20151223;   3;    7.9;   8.6;   3.5;  977.33;   81.38;   1.7;   12.2;    3.2;    0.8;   7.8;   0.0;   6;    4.867;   0;eor
     2712;20151224;   3;    5.0;   8.0;   3.7;  975.44;   92.63;   1.3;    9.1;    1.3;   -0.2;   4.6;   0.0;   0;    3.250;   0;eor
     2712;20151225;   3;    5.3;   7.7;   3.5;  979.51;   87.00;   1.5;   11.6;    1.9;   -0.2;   3.6;   0.0;   0;    7.533;   0;eor
     2712;20151226;   3;    2.2;   7.0;   2.3;  979.40;   96.88;   1.1;    8.3;   -0.6;   -1.7;   2.9;   0.0;   0;    2.700;   0;eor
     2712;20151227;   3;    0.3;   6.3;   7.0;  979.50;   99.58;   1.1;    4.5;   -1.4;   -2.1;   3.7;   0.0;   0;    0.283;   0;eor
     2712;20151228;   3;   -0.2;   6.0;   8.0;  976.89;   99.92;   1.0;    1.2;   -1.9;   -1.5;   3.0;   0.0;   6;    0.000;   0;eor
     2712;20151229;   3;   -0.2;   6.0;   8.0;  976.25;   99.79;   1.0;    1.7;   -2.1;   -1.5;   3.6;   0.0;   0;    0.000;   0;eor
     2712;20151230;   3;    2.2;   6.9;   7.7;  974.01;   96.33;   1.2;    3.7;    0.3;    0.6;   3.4;   0.0;   0;    0.450;   0;eor
     2712;20151231;   3;    2.9;   7.3;   7.8;  972.30;   96.29;   1.3;    4.3;    0.7;    0.8;   5.1;   3.8;   6;    0.000;   0;eor
     2712;20160101;   3;    4.0;   7.9;   6.8;  971.50;   97.33;   1.4;    4.7;    2.3;    0.4;   5.5;   0.0;   0;    0.000;   0;eor
     2712;20160102;   3;    4.4;   7.9;   7.8;  962.18;   93.92;   1.8;    5.2;    3.9;    3.5;   8.5;  12.4;   6;    0.000;   0;eor
     2712;20160103;   3;    4.7;   7.4;   5.1;  955.20;   86.63;   2.1;    7.8;    2.8;    1.2;   7.4;   7.0;   8;    1.917;   0;eor
     2712;20160104;   3;    3.6;   7.1;   6.3;  943.95;   90.00;   2.8;    6.2;    1.5;    0.2;  12.3;   1.5;   6;    1.133;   0;eor
     2712;20160105;   3;    4.6;   7.3;   6.4;  945.80;   86.21;   2.1;    7.8;    2.8;    1.0;   8.6;   0.8;   6;    2.017;   0;eor
     2712;20160106;   3;    4.0;   7.4;   6.6;  949.23;   91.46;   1.6;    6.3;    2.2;    0.2;   8.1;   3.7;   6;    0.000;   0;eor
     2712;20160107;   3;    3.8;   7.1;   7.0;  948.90;   88.96;   2.8;    6.7;    1.6;    0.1;  14.2;   7.0;   8;    0.867;   0;eor
     2712;20160108;   3;    4.6;   7.6;   6.7;  954.41;   90.00;   1.7;    6.3;    3.2;    0.9;   5.7;  18.7;   6;    0.000;   0;eor
     2712;20160109;   3;    5.2;   8.8;   6.6;  951.99;   99.63;   1.2;    6.8;    3.5;    2.6;   5.2;   4.2;   6;    0.000;   0;eor
     2712;20160110;   3;    4.7;   8.2;   7.3;  948.56;   95.63;   2.3;    6.3;    3.0;    2.5;  11.7;  16.2;   6;    0.000;   0;eor
     2712;20160111;   3;    5.3;   7.9;   5.8;  943.48;   88.83;   3.7;    7.9;    3.8;    3.2;  22.5;  11.5;   8;    0.650;   0;eor
     2712;20160112;   3;    4.7;   7.1;   6.7;  950.74;   83.79;   6.4;    6.8;    2.7;    1.6;  19.3;   4.3;   8;    1.900;   0;eor
     2712;20160113;   3;    2.6;   5.8;   6.2;  963.92;   78.33;   6.3;    3.7;    0.7;   -1.7;  17.6;   0.3;   8;    0.000;   0;eor
     2712;20160114;   3;    0.5;   5.2;   5.4;  960.07;   82.08;   2.5;    2.5;   -1.3;   -3.2;  10.4;   0.2;   8;    1.017;   0;eor
     2712;20160115;   3;    1.3;   4.6;   6.5;  960.12;   69.21;   7.1;    2.7;   -0.4;   -0.7;  18.3;   1.2;   8;    0.433;   0;eor
     2712;20160116;   3;   -0.1;   5.3;   6.8;  968.03;   87.83;   3.2;    1.5;   -1.7;   -5.4;  11.1;   3.5;   7;    0.667;   2;eor
     2712;20160117;   3;   -2.2;   4.4;   5.8;  969.90;   84.42;   3.1;    0.6;   -5.7;  -11.0;  10.1;   2.2;   7;    1.067;   4;eor
     2712;20160118;   3;   -5.2;   3.2;   3.5;  965.58;   77.96;   1.8;   -1.2;   -7.4;  -10.7;   5.8;   0.0;   0;    7.017;   5;eor
     2712;20160119;   3;   -2.8;   4.3;   7.9;  962.19;   84.58;   1.0;   -0.8;   -5.4;   -5.5;   2.8;   3.1;   8;    0.000;   5;eor
     2712;20160120;   3;   -0.7;   5.4;   6.1;  965.15;   92.42;   0.9;    1.4;   -3.2;   -9.5;   3.8;   0.0;   0;    0.117;   8;eor
     2712;20160121;   3;   -1.9;   4.4;   2.8;  971.53;   83.17;   1.6;    4.0;   -5.0;   -9.7;   6.3;   0.0;   0;    7.917;   7;eor
     2712;20160122;   3;   -1.4;   4.5;   4.3;  975.53;   82.08;   1.3;    2.7;   -3.0;   -6.7;   4.2;   0.8;   8;    4.300;   5;eor
     2712;20160123;   3;    2.9;   6.9;   6.1;  980.87;   91.63;   1.9;    6.7;   -1.3;   -1.6;   8.2;   0.0;   6;    1.333;   4;eor
     2712;20160124;   3;    1.7;   6.5;   7.5;  981.70;   93.92;   1.0;    3.4;   -0.2;   -0.1;   3.5;   0.0;   0;    0.033;   0;eor
     2712;20160125;   3;    3.4;   6.7;   3.5;  977.99;   86.96;   1.3;   10.0;   -0.2;   -1.3;   3.0;   0.0;   0;    6.250;   0;eor
     2712;20160126;   3;    3.6;   6.8;   2.6;  976.47;   86.29;   1.6;    9.7;    0.4;   -1.9;   5.2;   0.0;   0;    6.150;   0;eor
     2712;20160127;   3;    5.6;   7.4;   3.7;  972.58;   82.79;   1.7;   10.8;    1.0;   -1.1;   4.5;   0.0;   0;    1.500;   0;eor
     2712;20160128;   3;    8.0;   8.7;   5.8;  972.75;   81.50;   1.7;   11.2;    4.6;    2.3;   8.2;   1.8;   6;    0.000;   0;eor
     2712;20160129;   3;    7.6;   9.0;   6.1;  977.20;   85.96;   2.2;   11.0;    6.1;    4.7;   8.8;   0.0;   0;    3.150;   0;eor
     2712;20160130;   3;    6.9;   7.9;   5.5;  968.78;   79.75;   4.9;   11.2;    3.3;    1.4;  19.1;  24.0;   6;    2.217;   0;eor
     2712;20160131;   3;    5.7;   8.7;   7.9;  963.98;   93.96;   4.0;   11.6;    2.0;    1.6;  15.6;   9.4;   8;    0.000;   0;eor
     2712;20160201;   3;   11.0;  10.3;   6.3;  972.17;   78.13;   6.3;   14.0;    7.8;    6.7;  17.3;   0.0;   6;    2.850;   0;eor
     2712;20160202;   3;    9.4;   8.4;   6.8;  970.48;   70.96;   4.1;   12.2;    7.7;    6.2;  12.9;   4.0;   6;    1.933;   0;eor
     2712;20160203;   3;    4.0;   7.0;   7.3;  968.68;   86.58;   3.2;    9.5;    0.4;   -0.3;  16.5;  12.2;   8;    0.450;   0;eor
     2712;20160204;   3;    2.6;   6.2;   7.7;  974.55;   84.79;   5.3;    4.4;    1.5;    0.6;  17.8;   3.3;   8;    0.033;   0;eor
     2712;20160205;   3;    4.9;   8.0;   5.7;  974.58;   92.42;   2.2;    8.3;    1.2;   -0.2;   9.5;   0.0;   6;    1.783;   0;eor
     2712;20160206;   3;    2.2;   7.0;   6.8;  965.59;   97.79;   1.4;    4.6;    0.4;    0.4;   5.4;   0.0;   0;    0.933;   0;eor
     2712;20160207;   3;    3.3;   6.9;   6.9;  955.99;   89.79;   3.4;   10.0;   -0.1;   -1.0;  12.9;   0.0;   6;    1.667;   0;eor
     2712;20160208;   3;    7.2;   7.1;   4.7;  956.68;   70.38;   4.7;   12.2;    1.6;   -1.0;  25.9;   2.2;   6;    2.350;   0;eor
     2712;20160209;   3;    6.9;   8.1;   6.2;  948.83;   81.58;   4.7;   10.9;    2.6;    1.9;  27.5;   4.4;   8;    0.000;   0;eor
     2712;20160210;   3;    2.6;   5.5;   5.9;  949.39;   74.96;   6.2;    4.5;    1.1;    0.6;  15.3;   0.0;   8;    0.950;   0;eor
     2712;20160211;   3;    3.1;   4.9;   3.8;  955.61;   65.29;   3.0;    7.3;    1.2;   -1.1;  11.3;   0.2;   8;    4.317;   0;eor
     2712;20160212;   3;    3.4;   5.8;   5.8;  948.15;   76.25;   1.7;    7.0;    0.9;   -0.5;   6.4;   4.8;   8;    4.500;   0;eor
     2712;20160213;   3;    4.8;   7.4;   6.6;  940.84;   85.83;   3.0;    7.9;    1.5;    1.0;  12.9;  10.7;   6;    1.400;   0;eor
     2712;20160214;   3;    5.2;   7.5;   6.6;  940.48;   85.13;   3.2;    8.3;    2.5;    0.4;  12.2;   4.7;   8;    0.133;   0;eor
     2712;20160215;   3;    3.4;   6.9;   7.3;  958.08;   87.58;   2.0;    5.7;    1.8;   -0.2;   7.6;   6.1;   8;    0.133;   0;eor
     2712;20160216;   3;    2.7;   5.8;   8.0;  974.40;   78.33;   3.6;    3.4;    1.8;    1.7;  10.2;   0.0;   8;    0.000;   0;eor
     2712;20160217;   3;    2.1;   6.0;   8.0;  965.60;   84.54;   2.0;    2.9;    0.9;   -0.5;   9.3;   0.2;   8;    0.000;   0;eor
     2712;20160218;   3;    4.1;   6.0;   5.8;  963.37;   74.33;   1.7;    7.7;    1.0;   -1.1;   4.9;   0.2;   6;    4.683;   0;eor
     2712;20160219;   3;    2.7;   5.8;   7.4;  968.72;   78.79;   3.1;    4.6;    1.1;    0.0;  11.2;   0.2;   8;    0.017;   0;eor
     2712;20160220;   3;    3.1;   6.1;   6.9;  970.64;   77.71;   4.2;    8.7;    0.0;   -2.5;  18.6;   2.8;   8;    0.000;   0;eor
     2712;20160221;   3;   11.0;   9.7;   5.3;  968.13;   73.54;   4.5;   15.5;    8.4;    5.4;  15.9;   0.0;   0;    3.200;   0;eor
     2712;20160222;   3;   12.2;   8.8;   4.1;  962.08;   63.04;   4.4;   16.7;    8.8;    6.7;  13.2;   0.2;   6;    6.383;   0;eor
     2712;20160223;   3;    6.5;   7.9;   6.7;  961.53;   81.38;   4.5;    9.9;    0.8;   -1.0;  16.1;   3.4;   6;    0.233;   0;eor
     2712;20160224;   3;    2.4;   5.9;   6.8;  964.36;   82.13;   1.4;    6.2;    0.4;   -0.9;   5.8;  10.9;   8;    2.100;   0;eor
     2712;20160225;   3;    1.0;   6.3;   7.8;  959.37;   94.96;   0.9;    2.7;    0.2;    0.0;   3.3;   5.7;   8;    0.000;   3;eor
     2712;20160226;   3;    2.1;   5.2;   5.8;  958.09;   73.79;   2.4;    6.0;   -0.9;   -2.8;   9.0;   0.0;   0;    9.183;   2;eor
     2712;20160227;   3;    2.0;   5.3;   4.0;  952.15;   76.13;   1.6;    8.3;   -2.3;   -3.5;   8.4;   0.0;   0;    6.050;   0;eor
     2712;20160228;   3;    3.8;   6.0;   6.2;  954.27;   74.88;   2.1;    6.2;    2.1;    0.7;   9.7;   0.0;   6;    0.167;   0;eor
     2712;20160229;   3;    2.1;   6.6;   7.7;  959.85;   93.08;   2.6;    3.5;    0.1;    0.0;   8.1;  12.8;   8;    0.000;   0;eor
     2712;20160301;   3;    1.6;   6.1;   7.3;  967.55;   89.21;   2.3;    4.0;   -0.2;   -0.1;   8.5;   2.5;   8;    0.683;   7;eor
     2712;20160302;   3;    4.0;   7.2;   6.5;  955.68;   87.71;   3.2;    8.4;    1.3;    0.3;  15.0;   4.9;   8;    0.067;   0;eor
     2712;20160303;   3;    2.1;   5.8;   7.1;  952.45;   81.42;   3.6;    5.4;   -0.4;   -2.2;  12.3;   0.6;   8;    0.900;   0;eor
     2712;20160304;   3;    3.1;   5.7;   6.4;  950.37;   75.33;   2.1;    6.7;   -0.7;   -2.8;   7.6;   0.0;   6;    1.933;   0;eor
     2712;20160305;   3;    1.9;   6.6;   6.6;  945.15;   93.75;   1.4;    3.2;    1.1;    0.0;   9.9;  11.5;   8;    0.000;   0;eor
     2712;20160306;   3;    2.3;   5.8;   6.1;  951.09;   80.83;   3.9;    5.0;    0.9;   -0.5;  12.6;   0.2;   8;    1.800;   0;eor
     2712;20160307;   3;    2.5;   5.2;   4.2;  952.20;   71.79;   2.0;    6.7;   -0.1;   -2.2;   6.0;   0.0;   7;    5.950;   0;eor
     2712;20160308;   3;    1.3;   5.7;   6.8;  961.24;   85.75;   1.6;    5.5;   -0.3;   -1.7;   5.7;   0.0;   8;    1.867;   0;eor
     2712;20160309;   3;    2.6;   5.3;   3.5;  957.10;   74.00;   1.7;    8.1;   -0.3;   -2.4;   4.7;   0.0;   0;    7.000;   0;eor
     2712;20160310;   3;    3.6;   5.6;   2.9;  962.18;   72.92;   1.5;   11.1;   -1.7;   -3.7;   5.5;   0.0;   0;    6.583;   0;eor
     2712;20160311;   3;    5.3;   5.8;   6.1;  968.57;   66.08;   2.9;    9.1;    1.4;    0.1;  10.7;   0.0;   0;    4.800;   0;eor
     2712;20160312;   3;    5.5;   6.1;   7.5;  971.13;   67.21;   3.3;    7.2;    3.1;    1.4;  10.0;   0.0;   6;    0.000;   0;eor
     2712;20160313;   3;    5.5;   6.0;   5.2;  971.50;   67.00;   6.0;    8.3;    3.6;    3.0;  19.4;   0.0;   0;    2.950;   0;eor
     2712;20160314;   3;    4.8;   5.5;   5.5;  972.05;   64.25;   4.2;    7.3;    2.4;   -0.6;  12.0;   0.0;   0;    0.317;   0;eor
     2712;20160315;   3;    1.6;   5.5;   5.9;  969.18;   80.67;   1.8;    5.6;   -1.1;   -3.4;  10.5;   4.0;   8;    0.567;   0;eor
     2712;20160316;   3;    3.9;   5.3;   4.4;  966.56;   65.88;   5.4;    9.3;    0.9;   -0.9;  16.5;   0.0;   6;    6.467;   0;eor
     2712;20160317;   3;    4.1;   5.8;   1.0;  970.49;   71.92;   1.5;   11.7;   -1.2;   -3.3;   4.3;   0.0;   0;    8.017;   0;eor
     2712;20160318;   3;    6.5;   6.0;   0.0;  967.10;   66.08;   1.5;   14.9;   -0.2;   -2.4;   3.8;   0.0;   0;   10.517;   0;eor
     2712;20160319;   3;    7.4;   5.9;   0.2;  965.59;   62.17;   1.8;   16.1;    0.6;   -1.8;   7.1;   0.0;   0;   10.500;   0;eor
     2712;20160320;   3;    4.9;   6.5;   4.8;  965.04;   75.92;   1.6;   11.2;    1.8;   -0.2;   6.1;   0.0;   0;    4.250;   0;eor
     2712;20160321;   3;    5.7;   6.1;   6.5;  964.58;   67.21;   1.8;    9.9;    3.3;    2.4;   6.1;   0.0;   0;    2.500;   0;eor
     2712;20160322;   3;    6.3;   5.6;   5.5;  960.03;   60.21;   1.8;   11.4;    2.4;   -0.5;   6.4;   0.0;   0;    4.433;   0;eor
     2712;20160323;   3;    5.6;   6.0;   7.6;  956.63;   66.33;   1.5;    8.5;    2.3;   -0.3;   4.9;   0.1;   6;    0.233;   0;eor
     2712;20160324;   3;    6.5;   5.9;   6.5;  962.31;   62.46;   1.5;   11.5;    2.7;   -0.1;   4.3;   0.0;   0;    2.717;   0;eor
     2712;20160325;   3;    6.1;   7.2;   7.9;  964.37;   75.88;   3.3;    7.9;    4.6;    4.1;  10.3;   3.1;   6;    0.033;   0;eor
     2712;20160326;   3;    9.2;   7.8;   3.5;  965.89;   69.17;   2.1;   15.7;    4.6;    1.7;   7.8;   0.0;   0;    8.300;   0;eor
     2712;20160327;   3;    7.1;   7.4;   4.6;  961.78;   74.83;   2.9;   12.3;    2.4;    0.6;  12.3;   0.4;   6;    1.283;   0;eor
     2712;20160328;   3;    8.8;   7.3;   3.7;  957.09;   67.75;   4.2;   15.9;    2.1;    0.2;  24.3;   0.5;   6;    4.533;   0;eor
     2712;20160329;   3;   11.1;   7.6;   5.5;  960.83;   58.96;   4.1;   15.7;    8.1;    6.5;  12.5;   0.6;   6;    6.283;   0;eor
     2712;20160330;   3;   12.7;   9.6;   6.6;  960.75;   67.67;   2.4;   20.0;    7.5;    6.2;  10.7;   0.0;   6;    3.400;   0;eor
     2712;20160331;   3;   14.5;   9.1;   2.3;  955.81;   60.21;   1.6;   23.3;    6.7;    5.4;   4.6;   0.0;   0;    8.267;   0;eor
     2712;20160401;   3;   11.1;   9.7;   5.8;  962.68;   73.42;   2.5;   14.6;    7.3;    5.1;   7.9;   0.0;   0;    1.217;   0;eor
     2712;20160402;   3;   11.3;   9.9;   5.2;  963.51;   74.50;   1.8;   17.9;    7.7;    7.8;   4.4;   0.0;   0;    4.167;   0;eor
     2712;20160403;   3;   15.4;   9.9;   3.6;  959.33;   60.83;   1.5;   25.1;    9.0;    8.2;   4.3;   0.0;   0;    5.983;   0;eor
     2712;20160404;   3;   15.6;  10.8;   2.8;  955.80;   63.00;   2.4;   23.3;   10.4;    7.8;   8.4;   0.0;   0;    9.967;   0;eor
     2712;20160405;   3;   13.2;  10.1;   6.0;  956.56;   68.33;   2.8;   20.2;    9.0;    7.6;  11.3;   7.7;   6;    5.533;   0;eor
     2712;20160406;   3;   10.6;   9.7;   5.4;  962.42;   76.42;   2.3;   14.4;    8.7;    6.3;   6.1;   0.0;   6;    3.467;   0;eor
     2712;20160407;   3;    8.5;   8.2;   6.3;  960.71;   74.25;   2.4;   12.2;    5.3;    4.5;  10.3;   1.2;   6;    0.083;   0;eor
     2712;20160408;   3;    6.1;   7.7;   7.8;  959.27;   81.63;   1.7;    8.5;    4.5;    3.9;   5.7;   1.7;   6;    0.050;   0;eor
     2712;20160409;   3;    7.3;   8.0;   7.6;  956.08;   78.92;   1.7;    9.1;    5.7;    5.1;   8.4;   0.0;   6;    0.000;   0;eor
     2712;20160410;   3;   10.9;   8.0;   4.4;  958.38;   64.88;   1.8;   17.3;    6.3;    3.8;   6.7;   0.0;   0;   11.450;   0;eor
     2712;20160411;   3;   11.9;   8.2;   1.4;  958.55;   61.92;   1.7;   20.0;    4.4;    1.7;   4.7;   0.1;   6;   11.717;   0;eor
     2712;20160412;   3;   13.0;   9.1;   3.8;  959.10;   64.54;   2.4;   19.9;    8.5;    6.8;  12.4;   4.6;   6;    8.167;   0;eor
     2712;20160413;   3;   10.6;   9.9;   6.5;  957.65;   77.83;   2.5;   14.8;    8.2;    6.9;  10.8;   2.1;   6;    2.667;   0;eor
     2712;20160414;   3;   10.3;   8.8;   5.5;  961.02;   71.13;   3.0;   15.9;    7.6;    5.9;   9.2;   0.0;   6;    3.917;   0;eor
     2712;20160415;   3;    9.8;  10.1;   7.0;  957.75;   83.75;   1.8;   13.4;    7.7;    6.9;   7.8;   5.1;   6;    0.150;   0;eor
     2712;20160416;   3;   11.2;  11.0;   5.2;  954.64;   83.92;   2.0;   17.3;    7.9;    6.9;   9.4;   9.6;   6;    1.683;   0;eor
     2712;20160417;   3;    9.5;  10.4;   7.0;  958.43;   87.46;   2.2;   13.5;    5.5;    5.5;   9.9;  12.8;   6;    0.267;   0;eor
     2712;20160418;   3;    5.7;   8.5;   7.8;  967.40;   91.92;   2.3;    8.0;    3.9;    3.9;   8.3;   9.1;   6;    0.000;   0;eor
     2712;20160419;   3;    8.1;   7.6;   4.3;  973.03;   72.58;   1.8;   14.9;    4.4;    3.5;   5.7;   0.0;   0;    7.817;   0;eor
     2712;20160420;   3;   11.4;   7.4;   0.3;  973.23;   57.96;   2.2;   19.3;    3.5;    1.1;   8.6;   0.0;   0;   12.967;   0;eor
     2712;20160421;   3;   12.3;   8.7;   4.1;  968.79;   61.42;   1.5;   19.9;    4.9;    2.1;   3.9;   0.0;   0;   10.633;   0;eor
     2712;20160422;   3;   15.0;   9.2;   5.0;  962.98;   56.96;   1.9;   22.1;    8.4;    7.3;   7.3;   0.0;   6;   10.117;   0;eor
     2712;20160423;   3;    9.5;   9.6;   7.5;  957.40;   80.33;   2.2;   14.6;    3.6;    3.5;  11.1;  17.0;   8;    0.033;   0;eor
     2712;20160424;   3;    4.6;   6.2;   7.0;  960.96;   74.63;   2.6;    9.3;    1.9;    1.4;  11.9;   0.5;   8;    3.600;   0;eor
     2712;20160425;   3;    4.3;   5.6;   6.1;  960.45;   69.04;   4.3;    7.7;    0.4;    0.4;  12.8;   0.4;   8;    2.867;   0;eor
     2712;20160426;   3;    5.2;   6.7;   7.7;  953.60;   76.88;   4.6;    7.9;    2.2;    2.0;  16.1;   7.8;   8;    0.100;   0;eor
     2712;20160427;   3;    4.3;   5.3;   3.1;  959.74;   66.33;   5.0;    8.5;    1.3;   -0.8;  14.7;   0.4;   7;   10.900;   0;eor
     2712;20160428;   3;    5.7;   5.9;   3.8;  963.23;   66.54;   1.7;   11.3;   -0.6;   -2.5;   7.5;   0.0;   8;    6.767;   0;eor
     2712;20160429;   3;    9.3;   6.5;   1.6;  964.95;   59.25;   1.7;   16.4;    2.1;   -0.1;   5.7;   0.0;   0;   12.800;   0;eor
     2712;20160430;   3;   11.1;   7.7;   5.4;  962.23;   63.46;   2.4;   20.0;    4.7;    3.2;  14.4;   5.6;   6;    8.417;   0;eor
     2712;20160501;   3;    7.0;   9.3;   7.5;  965.13;   92.13;   2.7;    8.5;    5.9;    5.6;   7.8;   4.8;   6;    0.000;   0;eor
     2712;20160502;   3;   10.6;   9.9;   4.8;  968.81;   79.21;   1.9;   17.7;    6.5;    5.9;   5.2;   0.0;   0;    5.767;   0;eor
     2712;20160503;   1;    9.6;   9.2;   5.8;  969.35;   78.17;   2.1;   16.9;    5.7;    4.3;  12.1;   3.0;   8;    3.583;   0;eor
     2712;20160504;   1;   10.2;   7.1;   3.3;  973.42;   60.29;   1.8;   16.2;    4.2;    2.5;   6.5;   0.0;   0;   10.233;   0;eor
     2712;20160505;   1;   12.6;   7.3;   0.0;  968.20;   52.00;   3.0;   20.7;    4.3;    1.9;  11.6;   0.0;   0;   13.967;   0;eor
     2712;20160506;   1;   15.5;   8.4;   1.3;  963.20;   54.04;   1.6;   24.7;    6.8;    5.0;   4.7;   0.0;   0;   13.883;   0;eor
     2712;20160507;   1;   17.0;   8.6;   1.0;  959.41;   50.21;   2.0;   25.2;    8.6;    6.3;  12.9;   0.0;   6;   13.467;   0;eor
     2712;20160508;   1;   17.1;   9.3;   0.5;  958.79;   51.79;   2.3;   25.4;    9.7;    7.5;   9.2;   0.0;   0;   13.567;   0;eor
     2712;20160509;   1;   17.5;  10.1;   3.3;  960.06;   53.29;   1.9;   25.2;   10.7;    8.8;   6.9;   0.0;   6;    6.583;   0;eor
     2712;20160510;   1;   17.6;  11.9;   3.4;  957.74;   60.17;   2.1;   24.2;   13.7;   11.4;   8.0;   0.0;   6;    3.517;   0;eor
     2712;20160511;   1;   16.7;  13.0;   3.2;  951.18;   69.13;   1.5;   22.1;   11.6;   10.1;   7.1;   0.6;   6;    1.733;   0;eor
     2712;20160512;   1;   11.5;  12.0;   7.4;  947.96;   88.33;   3.9;   14.7;    9.4;    8.8;  12.5;  50.6;   6;    0.000;   0;eor
     2712;20160513;   1;   11.0;  12.4;   8.0;  949.24;   93.46;   3.2;   13.3;    8.8;    8.6;  10.9;  24.5;   6;    0.000;   0;eor
     2712;20160514;   1;   11.2;  11.9;   7.3;  957.69;   89.25;   2.1;   16.3;    7.4;    7.0;   9.3;  19.2;   8;    0.617;   0;eor
     2712;20160515;   1;    9.1;   6.9;   7.0;  967.15;   61.50;   2.6;   13.6;    6.4;    6.3;   8.7;   0.0;   6;    5.717;   0;eor
     2712;20160516;   1;    8.0;   8.1;   7.0;  968.61;   75.92;   2.4;   12.6;    4.9;    3.1;   9.3;   3.5;   6;    0.533;   0;eor
     2712;20160517;   1;   10.6;   9.6;   6.8;  966.97;   76.29;   1.5;   15.3;    6.7;    5.6;   4.7;   0.0;   6;    2.917;   0;eor
     2712;20160518;   1;   13.8;   9.9;   4.7;  960.83;   65.92;   1.8;   20.7;    6.4;    4.8;  12.0;   4.8;   6;   10.683;   0;eor
     2712;20160519;   1;   10.7;  10.2;   7.3;  961.92;   79.92;   2.9;   14.7;    8.9;    8.3;   8.9;   2.9;   6;    1.283;   0;eor
     2712;20160520;   1;   13.3;  10.1;   2.7;  968.98;   68.50;   1.6;   20.5;    6.5;    4.9;   5.6;   0.0;   0;   13.117;   0;eor
     2712;20160521;   1;   16.2;  11.1;   2.6;  966.05;   64.13;   1.6;   24.3;    8.5;    7.1;   4.4;   0.0;   0;   13.283;   0;eor
     2712;20160522;   1;   19.2;  12.2;   3.3;  959.37;   58.21;   2.3;   28.3;   11.4;    9.8;  10.9;   2.6;   6;   10.950;   0;eor
     2712;20160523;   1;    9.0;   9.9;   7.9;  962.53;   86.04;   4.7;   13.8;    6.6;    6.4;  11.9;  17.0;   6;    0.000;   0;eor
     2712;20160524;   1;   10.4;  10.4;   6.8;  963.25;   82.42;   2.6;   13.8;    7.8;    6.8;   8.2;   0.0;   6;    0.000;   0;eor
     2712;20160525;   1;   14.6;  10.9;   3.6;  962.43;   68.50;   1.5;   21.3;    7.2;    5.6;   3.8;   0.0;   6;    9.517;   0;eor
     2712;20160526;   1;   18.6;  12.6;   1.5;  963.22;   62.04;   1.6;   25.7;   11.1;    9.6;   5.4;   0.0;   0;   13.450;   0;eor
     2712;20160527;   1;   20.0;  14.4;   3.9;  962.33;   63.54;   1.7;   27.5;   14.5;   13.1;   8.6;   6.2;   6;    8.133;   0;eor
     2712;20160528;   1;   18.3;  16.3;   4.7;  960.76;   78.63;   1.8;   23.6;   15.2;   14.7;   7.9;   0.4;   6;    5.850;   0;eor
     2712;20160529;   1;   16.0;  15.5;   7.1;  955.48;   85.38;   2.9;   20.5;   13.5;   13.2;   9.2;  14.1;   6;    0.683;   0;eor
     2712;20160530;   1;   15.8;  12.8;   6.0;  956.42;   72.58;   4.8;   20.4;   12.8;   12.0;  14.1;   0.0;   6;    3.733;   0;eor
     2712;20160531;   1;   16.3;  12.2;   6.5;  960.07;   66.88;   2.3;   22.1;   12.6;   10.8;   8.3;   0.9;   6;    5.000;   0;eor
     2712;20160601;   1;   16.4;  13.5;   6.7;  962.08;   74.13;   1.7;   22.0;   13.0;   12.7;   6.6;   6.7;   6;    4.617;   0;eor
