STATIONS_ID; MESS_DATUM; QUALITAETS_NIVEAU; LUFTTEMPERATUR;DAMPFDRUCK;BEDECKUNGSGRAD;LUFTDRUCK_STATIONSHOEHE;REL_FEUCHTE; WINDGESCHWINDIGKEIT; LUFTTEMPERATUR_MAXIMUM;LUFTTEMPERATUR_MINIMUM;LUFTTEMP_AM_ERDB_MINIMUM; WINDSPITZE_MAXIMUM; NIEDERSCHLAGSHOEHE;NIEDERSCHLAGSHOEHE_IND;SONNENSCHEINDAUER; SCHNEEHOEHE;eor
Offenbach;20141209;   3;    1.7;   6.3;   6.8; 1012.55;   91.63;   1.5;    3.2;   -0.5;   -2.3;   5.3;   0.0;   0;    2.183;   0;eor
Offenbach;20141210;   3;    2.5;   6.6;   6.4; 1007.09;   90.88;   3.9;    4.2;   -0.1;   -1.9;  11.6;   1.8;   4;    0.000;   0;eor
Offenbach;20141211;   3;    5.3;   8.2;   6.1;  998.93;   91.92;   4.8;    6.7;    4.0;    2.8;  14.2;   6.6;   4;    0.000;   0;eor
Offenbach;20141212;   3;    8.8;   8.6;   6.9;  991.74;   76.54;   7.0;   10.9;    6.4;    5.3;  19.5;   5.1;   4;    0.000;   0;eor
Offenbach;20141213;   3;    5.1;   8.4;   7.0;  996.13;   95.00;   2.0;    9.1;    2.9;    2.8;   7.2;  11.3;   4;    0.000;   0;eor
Offenbach;20141214;   3;    3.6;   7.5;   7.2; 1002.03;   95.00;   1.4;    4.7;    2.6;    2.5;   5.1;   1.2;   4;    0.000;   0;eor
Offenbach;20141215;   3;    5.3;   8.1;   6.8; 1001.49;   91.29;   2.5;    6.8;    3.2;    1.2;  10.1;   2.0;   4;    0.367;   0;eor
Offenbach;20141216;   3;    5.3;   8.6;   6.3;  999.22;   95.58;   2.0;    7.5;    0.6;   -2.1;   7.8;   1.0;   4;    0.000;   0;eor
Offenbach;20141217;   3;    3.8;   7.7;   6.2;  996.48;   94.67;   3.6;    7.2;    0.0;   -2.6;  11.6;   3.5;   4;    0.000;   0;eor
Offenbach;20141218;   3;   10.1;  11.5;   7.1;  999.57;   92.63;   4.6;   13.5;    7.2;    6.6;  14.9;   0.7;   4;    0.000;   0;eor
Offenbach;20141219;   3;   10.2;  10.3;   6.5; 1001.65;   81.75;   5.8;   12.2;    5.2;    1.6;  17.0;   7.4;   4;    0.000;   0;eor
Offenbach;20141220;   3;    5.3;   7.3;   5.0; 1008.46;   82.04;   4.5;    7.1;    3.2;    0.8;  14.4;   0.7;   4;    0.300;   0;eor
Offenbach;20141221;   3;    5.7;   7.6;   6.0; 1014.87;   83.42;   4.3;    7.3;    2.9;    0.1;  13.1;   0.0;   4;    0.217;   0;eor
Offenbach;20141222;   3;    7.7;   8.5;   7.6; 1009.05;   80.96;   6.1;    8.5;    6.9;    6.2;  17.4;   0.0;   4;    0.000;   0;eor
Offenbach;20141223;   3;    8.3;   9.3;   7.1; 1007.45;   85.04;   5.6;    9.1;    6.7;    6.0;  14.0;   0.0;   0;    0.000;   0;eor
Offenbach;20141224;   3;    7.3;   8.4;   7.1; 1004.95;   82.04;   5.5;    8.7;    5.1;    4.8;  14.2;   2.4;   4;    0.650;   0;eor
Offenbach;20141225;   3;    4.9;   6.9;   5.2; 1009.80;   79.50;   3.6;    6.9;    2.5;   -0.4;   9.5;   0.0;   4;    1.367;   0;eor
Offenbach;20141226;   3;    2.1;   6.4;   5.8; 1013.02;   90.54;   2.1;    5.5;   -0.5;   -2.3;   5.6;   0.0;   4;    1.000;   0;eor
Offenbach;20141227;   3;   -0.2;   5.9;   6.7;  989.76;   97.63;   3.4;    1.4;   -2.2;   -1.2;  10.2;   6.7;   4;    0.000;   0;eor
Offenbach;20141228;   3;   -4.1;   3.7;   4.4; 1006.05;   81.58;   3.4;   -2.1;   -6.9;   -9.6;  11.3;   0.0;   4;    6.450;   6;eor
Offenbach;20141229;   3;   -2.3;   4.7;   5.7; 1017.17;   90.21;   2.4;    1.2;   -5.9;   -7.0;   7.9;   1.4;   4;    0.233;   4;eor
Offenbach;20141230;   3;    0.5;   5.9;   6.7; 1019.89;   93.46;   2.0;    3.6;   -2.5;   -4.4;   6.9;   0.6;   4;    0.000;   4;eor
Offenbach;20141231;   3;    1.6;   6.5;   6.1; 1020.30;   94.21;   1.9;    2.6;    0.9;    0.0;   4.9;   0.0;   4;    0.000;   0;eor
Offenbach;20150101;   3;    2.4;   7.0;   4.8; 1021.26;   96.58;   1.9;    3.3;    1.5;    1.2;   9.1;   0.6;   4;    0.000;   0;eor
Offenbach;20150102;   3;    2.2;   6.8;   6.5; 1015.71;   94.33;   4.6;    4.2;    0.6;   -0.3;  12.3;   4.5;   4;    0.000;   0;eor
Offenbach;20150103;   3;    1.4;   6.5;   5.8; 1010.70;   96.42;   2.4;    3.6;    0.0;   -0.3;  10.7;   9.8;   4;    0.000;   0;eor
Offenbach;20150104;   3;    2.9;   6.5;  -999; 1016.91;   87.21;   3.4;    4.6;    0.1;   -4.8;   9.4;   0.0;   0;    1.033;   1;eor
Offenbach;20150105;   3;    0.7;   5.8;  -999; 1018.45;   91.04;   1.8;    4.7;   -3.0;   -5.9;   5.2;   0.0;   0;    7.317;   0;eor
Offenbach;20150106;   3;   -2.5;   5.1;  -999; 1011.34;   99.58;   1.3;   -0.8;   -4.8;   -6.8;   5.0;   0.1;   4;    0.000;   0;eor
Offenbach;20150107;   3;    1.9;   6.5;  -999; 1014.55;   92.79;   2.8;    4.3;   -0.8;   -0.8;   7.8;   0.6;   4;    1.783;   0;eor
Offenbach;20150108;   3;    5.8;   8.5;  -999; 1010.99;   91.54;   4.5;    9.3;    1.5;    1.0;  17.1;   6.8;   4;    0.000;   0;eor
Offenbach;20150109;   3;    8.6;   9.4;  -999; 1007.89;   83.79;   5.6;   12.8;    5.6;    3.6;  20.4;   5.6;   4;    0.000;   0;eor
Offenbach;20150110;   3;   12.7;  11.5;  -999;  999.49;   77.21;   7.5;   15.5;    6.5;    4.8;  19.9;   4.2;   4;    1.433;   0;eor
Offenbach;20150111;   3;    5.2;   5.6;  -999; 1004.96;   63.54;   5.6;    6.8;    3.5;    1.1;  18.3;   0.8;   4;    3.217;   0;eor
Offenbach;20150112;   3;    6.3;   7.4;  -999; 1006.65;   77.54;   5.9;    8.1;    4.5;    3.6;  13.8;   0.2;   4;    0.167;   0;eor
Offenbach;20150113;   3;    9.1;   6.9;  -999;  998.05;   60.88;   5.1;   13.4;    3.8;    0.3;  16.5;   3.2;   4;    4.950;   0;eor
Offenbach;20150114;   3;    5.6;   7.5;  -999;  998.62;   81.54;   4.6;    8.6;    1.2;   -1.6;  16.9;   3.0;   4;    1.000;   0;eor
Offenbach;20150115;   3;    8.1;   7.4;  -999;  993.27;   69.63;   4.4;   11.7;    1.2;   -1.0;  13.7;   0.8;   4;    0.683;   0;eor
Offenbach;20150116;   3;    6.1;   8.5;  -999;  993.00;   90.38;   2.3;    9.9;    4.6;    4.1;  12.5;   5.8;   4;    0.000;   0;eor
Offenbach;20150117;   3;    3.7;   7.2;  -999; 1000.20;   90.54;   1.6;    6.7;   -1.1;   -4.0;   4.6;   0.0;   4;    1.200;   0;eor
Offenbach;20150118;   3;    0.1;   5.6;  -999; 1002.22;   90.79;   1.8;    5.3;   -3.6;   -5.5;   7.6;   0.0;   0;    5.217;   0;eor
Offenbach;20150119;   3;   -0.7;   5.6;  -999;  997.76;   96.50;   1.3;    0.4;   -3.4;   -5.2;   5.0;   0.3;   4;    0.000;   0;eor
Offenbach;20150120;   3;   -0.4;   5.7;  -999;  997.60;   96.54;   0.9;    1.3;   -3.8;   -6.4;   3.0;   0.3;   4;    0.250;   0;eor
Offenbach;20150121;   3;   -0.5;   5.5;  -999;  998.10;   92.75;   1.6;    2.1;   -3.5;   -3.6;   5.2;   0.0;   0;    1.267;   0;eor
Offenbach;20150122;   3;    0.9;   5.5;  -999; 1000.64;   84.54;   2.9;    1.8;   -0.1;   -0.3;   7.9;   0.0;   0;    0.000;   0;eor
Offenbach;20150123;   3;    0.8;   5.5;  -999; 1008.77;   85.25;   2.6;    2.4;   -3.5;   -6.7;   7.4;   0.0;   4;    0.000;   0;eor
Offenbach;20150124;   3;   -1.3;   5.3;  -999; 1007.75;   95.92;   1.7;    1.3;   -5.0;   -9.6;   7.1;   2.2;   4;    0.000;   0;eor
Offenbach;20150125;   3;    0.3;   6.1;  -999; 1013.98;   96.88;   1.7;    3.1;   -4.1;  -10.7;   5.4;   1.7;   4;    0.033;   2;eor
Offenbach;20150126;   3;    1.5;   6.7;  -999; 1008.19;   98.21;   3.2;    4.3;    0.7;    0.2;   9.6;   3.9;   4;    0.000;   0;eor
Offenbach;20150127;   3;    3.4;   6.9;  -999; 1006.67;   88.50;   3.4;    4.6;    2.1;   -0.6;   9.6;   0.0;   4;    0.267;   0;eor
Offenbach;20150128;   3;    3.4;   7.0;  -999;  996.90;   89.46;   4.5;    4.9;    1.3;   -1.0;  14.1;   5.5;   4;    0.000;   0;eor
Offenbach;20150129;   3;    2.3;   6.6;  -999;  975.60;   91.13;   4.3;    3.8;    0.4;   -1.8;  13.2;   6.5;   4;    0.400;   0;eor
Offenbach;20150130;   3;    1.7;   6.1;  -999;  963.21;   88.96;   3.3;    3.5;   -0.9;   -3.4;  11.3;   0.2;   4;    0.233;   0;eor
Offenbach;20150131;   3;    1.6;   6.0;  -999;  969.47;   88.21;   3.1;    4.8;    0.3;   -0.6;  10.2;   6.2;   4;    1.583;   0;eor
Offenbach;20150201;   3;    1.0;   6.3;  -999;  976.89;   95.54;   1.8;    2.9;    0.1;   -1.6;   6.7;   1.6;   4;    1.950;   2;eor
Offenbach;20150202;   3;    1.4;   5.8;  -999;  985.88;   86.21;   3.2;    4.1;   -0.6;   -2.6;   9.6;   0.1;   4;    1.333;   0;eor
Offenbach;20150203;   3;   -0.1;   5.0;  -999;  989.90;   82.46;   1.7;    4.0;   -3.9;   -7.1;   5.4;   0.0;   0;    0.900;   0;eor
Offenbach;20150204;   3;   -1.6;   4.4;  -999;  998.49;   81.42;   1.6;    0.8;   -4.5;   -7.8;   8.3;   0.0;   0;    1.283;   0;eor
Offenbach;20150205;   3;   -1.5;   4.1;  -999; 1005.06;   75.00;   3.7;    1.2;   -4.5;   -7.3;  11.5;   0.0;   0;    2.233;   0;eor
Offenbach;20150206;   3;   -1.0;   3.9;  -999; 1009.73;   68.46;   4.6;    2.7;   -4.5;   -7.1;  13.6;   0.0;   0;    7.667;   0;eor
Offenbach;20150207;   3;   -1.9;   4.0;  -999; 1014.21;   75.79;   1.8;    3.7;   -5.6;   -8.6;   5.7;   0.0;   4;    8.750;   0;eor
Offenbach;20150208;   3;    2.8;   4.4;  -999; 1012.45;   59.17;   3.4;    4.9;   -1.4;   -5.1;  14.0;   0.1;   4;    6.150;   0;eor
Offenbach;20150209;   3;    3.2;   6.6;  -999; 1013.97;   85.04;   3.4;    5.5;    0.6;   -0.3;   8.3;   0.1;   4;    0.000;   0;eor
Offenbach;20150210;   3;    4.4;   7.1;  -999; 1015.54;   85.13;   1.8;    6.7;    2.5;    1.1;   5.3;   0.0;   0;    0.000;   0;eor
Offenbach;20150211;   3;    2.9;   6.2;  -999; 1012.64;   82.38;   2.2;    4.4;    1.4;    1.2;   5.8;   0.0;   0;    0.267;   0;eor
Offenbach;20150212;   3;    1.2;   5.9;  -999; 1009.41;   89.29;   2.2;    2.2;    0.2;    0.1;   5.6;   0.0;   0;    0.000;   0;eor
Offenbach;20150213;   3;    1.1;   5.7;   7.0; 1004.70;   86.29;   2.6;    5.5;   -0.6;   -1.8;   6.5;   0.0;   0;    3.550;   0;eor
Offenbach;20150214;   3;    1.0;   5.5;   3.4;  997.83;   83.33;   2.3;    5.5;   -2.7;   -6.5;   7.1;   0.0;   0;    5.650;   0;eor
Offenbach;20150215;   3;    0.5;   5.2;   0.8;  999.44;   83.96;   1.5;    7.7;   -4.1;   -7.8;   5.7;   0.0;   0;    8.667;   0;eor
Offenbach;20150216;   3;    1.8;   5.9;   8.0; 1005.71;   84.58;   1.2;    3.6;    0.0;   -1.3;   4.2;   0.0;   0;    0.000;   0;eor
Offenbach;20150217;   3;    2.4;   6.0;   7.9; 1017.31;   83.29;   1.4;    4.7;    0.8;    0.6;   4.7;   0.0;   4;    0.333;   0;eor
Offenbach;20150218;   3;    3.0;   6.1;   8.0; 1024.94;   80.04;   1.6;    5.2;    1.1;    0.9;   5.5;   0.0;   0;    0.000;   0;eor
Offenbach;20150219;   3;    1.1;   5.4;   8.0; 1016.70;   82.08;   2.6;    2.2;    0.2;    0.0;   7.8;   0.0;   0;    0.000;   0;eor
Offenbach;20150220;   3;    6.5;   6.3;   7.2;  999.90;   66.75;   3.2;   12.4;    0.4;   -1.6;  11.9;   1.0;   4;    5.883;   0;eor
Offenbach;20150221;   3;    5.6;   6.9;   7.5;  986.28;   76.92;   3.2;    9.6;    1.2;   -1.2;  12.9;   2.5;   4;    0.283;   0;eor
Offenbach;20150222;   3;    2.7;   6.1;   6.3;  994.83;   83.71;   1.4;    7.0;    0.1;   -2.0;   5.8;   0.1;   4;    0.683;   0;eor
Offenbach;20150223;   3;    1.9;   6.7;   7.4;  986.73;   95.67;   2.5;    4.7;    0.1;   -2.1;  12.1;   7.2;   4;    0.000;   0;eor
Offenbach;20150224;   3;    4.7;   6.9;   6.1;  993.83;   81.83;   3.6;    7.2;    1.4;   -2.0;  11.6;   0.0;   4;    2.350;   0;eor
Offenbach;20150225;   3;    4.2;   6.7;   5.6; 1004.29;   82.50;   2.0;    8.8;    0.4;   -2.2;   7.0;   0.0;   4;    5.717;   0;eor
Offenbach;20150226;   3;    5.5;   6.4;   7.5; 1003.91;   72.42;   1.9;   10.6;    2.9;    0.9;   8.2;   0.4;   4;    2.917;   0;eor
Offenbach;20150227;   3;    4.4;   6.8;   7.6;  999.30;   82.08;   1.8;    6.2;    2.9;    2.5;  10.0;   5.5;   4;    0.000;   0;eor
Offenbach;20150228;   3;    3.3;   5.7;   5.1; 1005.05;   75.96;   2.3;    8.5;   -1.7;   -5.0;   7.6;   1.8;   4;    8.600;   0;eor
Offenbach;20150301;   3;    6.3;   8.2;   7.4;  992.73;   84.42;   4.0;   10.1;    1.4;    0.0;  10.3;   1.3;   4;    0.400;   0;eor
Offenbach;20150302;   3;    6.7;   6.7;   6.2;  992.83;   68.63;   5.4;    9.9;    2.0;   -0.2;  18.0;   0.8;   4;    3.567;   0;eor
Offenbach;20150303;   3;    5.5;   6.1;   5.5; 1004.83;   68.83;   4.8;   10.8;    0.8;   -2.6;  15.0;   0.6;   4;    6.283;   0;eor
Offenbach;20150304;   3;    4.2;   6.3;   6.8; 1010.98;   77.25;   3.5;    8.1;    1.2;   -1.5;  11.3;   1.0;   4;    4.717;   0;eor
Offenbach;20150305;   3;    4.4;   5.8;   6.7; 1020.95;   70.21;   2.2;    8.1;    0.7;   -2.4;   8.8;   0.0;   0;    3.433;   0;eor
Offenbach;20150306;   3;    4.2;   6.2;   7.2; 1022.10;   77.42;   1.5;    9.3;   -0.7;   -3.4;   7.8;   0.0;   0;    3.200;   0;eor
Offenbach;20150307;   3;    3.8;   5.9;   5.8; 1018.21;   76.71;   1.1;   11.5;   -2.3;   -5.7;   5.4;   0.0;   0;    4.667;   0;eor
Offenbach;20150308;   3;    5.9;   6.4;   5.0; 1011.89;   73.17;   1.2;   14.6;   -1.7;   -4.9;   4.9;   0.0;   0;    7.067;   0;eor
Offenbach;20150309;   3;    7.3;   7.6;   6.3; 1011.14;   76.54;   1.4;   16.1;   -0.8;   -3.7;   6.5;   0.0;   0;   10.267;   0;eor
Offenbach;20150310;   3;    5.2;   8.4;   7.0; 1012.33;   93.25;   0.8;   10.1;   -1.0;   -3.8;   3.2;   0.8;   4;    1.633;   0;eor
Offenbach;20150311;   3;    4.4;   6.2;   5.7; 1015.32;   76.25;   1.8;    9.7;   -1.3;   -4.8;   7.8;   0.0;   0;   10.617;   0;eor
Offenbach;20150312;   3;    4.4;   5.6;   6.2; 1015.12;   71.08;   1.8;   12.0;   -2.9;   -6.5;   6.8;   0.0;   0;   10.483;   0;eor
Offenbach;20150313;   3;    3.7;   5.3;   6.9; 1010.14;   68.04;   2.8;    7.7;   -2.3;   -6.1;   9.5;   0.0;   0;    4.050;   0;eor
Offenbach;20150314;   3;    4.5;   6.2;   7.8; 1010.63;   73.92;   2.8;    7.0;    1.6;    0.3;   8.1;   1.6;   4;    0.000;   0;eor
Offenbach;20150315;   3;    4.5;   7.1;   7.1; 1010.39;   83.71;   2.6;    6.8;    2.3;   -0.8;   7.7;   1.0;   4;    0.133;   0;eor
Offenbach;20150316;   3;    6.5;   6.9;   5.7; 1008.57;   73.67;   2.0;   15.0;   -0.8;   -4.2;   6.9;   0.0;   0;    6.683;   0;eor
Offenbach;20150317;   3;    8.9;   7.4;   5.3; 1009.33;   68.92;   1.7;   17.6;    0.9;   -2.4;   6.3;   0.0;   0;   10.150;   0;eor
Offenbach;20150318;   3;   10.2;   8.0;   7.3; 1009.62;   68.25;   1.3;   17.8;    2.2;   -1.3;   5.3;   0.0;   0;    8.783;   0;eor
Offenbach;20150319;   3;    9.8;   7.9;   4.3; 1010.52;   67.21;   2.0;   15.7;    3.2;   -1.0;   6.2;   0.0;   0;    9.950;   0;eor
Offenbach;20150320;   3;    7.6;   6.7;   3.8; 1008.48;   66.92;   1.6;   14.8;    1.6;   -2.2;   5.1;   0.0;   0;   10.167;   0;eor
Offenbach;20150321;   3;    4.1;   6.8;   6.8; 1002.88;   83.46;   1.2;    7.8;   -0.8;   -3.3;   4.5;   0.0;   4;    0.017;   0;eor
Offenbach;20150322;   3;    4.4;   6.4;   7.3; 1007.93;   77.38;   3.3;    8.1;   -1.3;   -4.7;  10.0;   0.0;   4;    3.267;   0;eor
Offenbach;20150323;   3;    3.6;   6.3;   6.9; 1002.73;   80.38;   1.5;    8.9;   -2.3;   -5.3;   5.0;   0.0;   0;    0.083;   0;eor
Offenbach;20150324;   3;    5.7;   6.9;   6.0;  994.47;   78.04;   1.2;   14.2;   -1.7;   -4.4;   4.3;   0.0;   0;    2.217;   0;eor
Offenbach;20150325;   3;    9.2;   7.8;   5.3;  990.10;   70.25;   1.6;   18.2;    1.6;   -1.5;  10.1;   0.0;   4;    9.917;   0;eor
Offenbach;20150326;   3;    7.5;   7.5;   7.8;  994.33;   73.17;   2.9;   11.4;    4.5;    4.2;  12.4;   1.1;   4;    0.183;   0;eor
Offenbach;20150327;   3;    7.6;   7.0;   6.9; 1003.04;   68.88;   3.8;   10.7;    3.3;    0.3;  13.7;   0.0;   4;    1.867;   0;eor
Offenbach;20150328;   3;    8.8;   7.3;   7.1; 1005.05;   65.75;   3.1;   13.4;    3.5;    0.2;  11.3;   0.1;   4;    4.900;   0;eor
Offenbach;20150329;   3;   10.6;  11.1;   7.8;  989.47;   86.17;   6.1;   12.3;    7.6;    7.1;  18.1;   9.9;   4;    0.000;   0;eor
Offenbach;20150330;   3;    8.4;   6.4;   6.6;  990.82;   58.50;   5.4;   11.7;    5.4;    1.7;  18.1;   1.0;   4;    5.567;   0;eor
Offenbach;20150331;   3;    9.5;   8.1;   7.3;  988.57;   68.75;   7.8;   14.8;    3.8;    2.8;  24.9;   5.9;   4;    3.600;   0;eor
Offenbach;20150401;   3;    5.5;   6.3;   6.6; 1002.35;   70.63;   5.6;    8.9;    2.1;   -0.2;  19.8;   3.8;   4;    4.250;   0;eor
Offenbach;20150402;   3;    6.0;   6.1;   7.0; 1001.17;   66.71;   5.3;   10.1;    2.5;   -1.5;  16.8;   1.8;   4;    5.150;   0;eor
Offenbach;20150403;   3;    6.5;   5.6;   6.9; 1005.53;   59.83;   2.0;   12.3;   -0.1;   -3.2;   7.5;   0.2;   4;   10.383;   0;eor
Offenbach;20150404;   3;    5.6;   6.6;   7.3; 1001.65;   72.42;   2.1;    8.3;    2.2;   -1.0;  11.9;   3.9;   4;    1.300;   0;eor
Offenbach;20150405;   3;    5.3;   4.8;   6.4; 1008.76;   57.46;   2.5;   10.7;   -0.1;   -3.3;  10.3;   0.0;   0;   10.633;   0;eor
Offenbach;20150406;   3;    4.5;   5.3;   6.5; 1014.18;   66.04;   1.9;   10.5;   -2.0;   -4.5;   9.5;   0.0;   4;    5.183;   0;eor
Offenbach;20150407;   3;    5.9;   5.2;   5.3; 1020.68;   61.00;   1.3;   13.6;   -2.6;   -5.5;   6.0;   0.0;   0;   10.033;   0;eor
Offenbach;20150408;   3;    7.7;   7.2;   4.8; 1017.81;   70.33;   1.4;   15.4;   -0.3;   -2.5;   7.0;   0.0;   0;   10.483;   0;eor
Offenbach;20150409;   3;   11.1;   8.9;   5.2; 1012.79;   70.17;   1.5;   19.3;    2.3;   -0.6;   6.0;   0.0;   0;   12.217;   0;eor
Offenbach;20150410;   3;   13.4;   8.3;   4.4; 1006.89;   60.58;   1.6;   22.6;    3.9;    0.8;   7.8;   0.0;   0;   11.617;   0;eor
Offenbach;20150411;   3;   12.6;   9.5;   7.3; 1007.25;   65.71;   3.9;   17.9;    6.2;    2.4;  15.4;   0.2;   4;    2.683;   0;eor
Offenbach;20150412;   3;   12.6;   7.9;   5.6; 1014.08;   55.75;   2.5;   18.8;    5.7;    2.6;  10.0;   0.0;   0;    9.683;   0;eor
Offenbach;20150413;   3;   12.2;   7.7;   5.3; 1014.70;   54.83;   3.5;   16.0;    4.9;    1.4;  10.8;   0.0;   0;    6.083;   0;eor
Offenbach;20150414;   3;   13.2;   8.6;   5.4; 1012.62;   58.54;   2.8;   22.6;    2.0;   -0.7;  10.6;   0.0;   0;   11.817;   0;eor
Offenbach;20150415;   3;   16.9;   9.5;   6.0; 1003.63;   53.13;   2.2;   25.1;    7.6;    3.4;   9.6;   0.0;   0;   11.017;-999;eor
Offenbach;20150416;   3;   15.5;   9.8;   5.5;  998.86;   57.79;   1.9;   24.1;    7.3;    3.8;   8.1;   0.0;   4;    8.500;   0;eor
Offenbach;20150417;   3;   10.0;   6.9;   7.5; 1001.45;   57.00;   3.4;   14.6;    4.5;   -0.2;  10.3;   0.0;   4;    4.400;   0;eor
Offenbach;20150418;   3;    7.9;   5.8;   6.8; 1009.79;   57.46;   2.3;   14.0;    1.7;   -2.2;   8.1;   0.0;   0;   10.133;   0;eor
Offenbach;20150419;   3;    9.3;   5.6;   6.3; 1007.25;   53.79;   2.0;   17.8;   -0.7;   -4.0;   8.6;   0.0;   0;   13.233;   0;eor
Offenbach;20150420;   3;   11.9;   6.7;   6.8; 1011.08;   52.92;   2.2;   19.8;    2.4;   -1.2;   9.3;   0.0;   0;   13.050;   0;eor
Offenbach;20150421;   3;   14.4;   7.2;   6.6; 1013.70;   50.00;   1.6;   24.2;    4.1;    0.1;   9.9;   0.0;   0;   13.283;   0;eor
Offenbach;20150422;   3;    9.9;   7.1;   6.3; 1011.05;   58.96;   2.6;   16.5;    3.7;    0.5;  10.5;   0.0;   0;   13.133;   0;eor
Offenbach;20150423;   3;   10.6;   7.2;   5.9; 1004.42;   61.08;   1.4;   18.5;    1.2;   -1.7;   5.3;   0.0;   0;   13.267;   0;eor
Offenbach;20150424;   3;   12.8;   7.4;   5.8;  999.76;   55.21;   1.8;   21.6;    2.5;   -1.0;   8.2;   0.0;   0;   12.717;   0;eor
Offenbach;20150425;   3;   12.4;  11.0;   7.3;  995.73;   76.54;   2.4;   19.3;    5.9;    2.6;   9.6;   0.0;   4;    1.367;   0;eor
Offenbach;20150426;   3;   15.4;  13.2;   6.8;  992.80;   77.17;   2.3;   20.6;   10.6;    6.9;   9.3;   3.2;   4;    4.867;   0;eor
Offenbach;20150427;   3;   11.2;  12.5;   7.8;  989.36;   92.46;   2.8;   14.8;    7.5;    6.8;  11.3;   3.5;   4;    0.017;   0;eor
Offenbach;20150428;   3;    9.6;   6.9;   6.8; 1000.79;   60.58;   3.1;   14.7;    2.6;   -0.3;  10.3;   0.0;   4;    7.333;   0;eor
Offenbach;20150429;   3;    9.1;   7.0;   6.7; 1004.06;   65.04;   1.5;   16.6;   -0.2;   -2.6;   9.5;   0.0;   0;    9.267;   0;eor
Offenbach;20150430;   3;   10.2;   9.2;   7.2;  999.60;   75.54;   2.8;   17.0;    4.9;    2.2;  12.3;   3.8;   4;    4.667;   0;eor
Offenbach;20150501;   3;    8.7;   9.4;   7.1;  994.23;   84.08;   1.3;   12.1;    4.8;    2.4;   4.8;   0.0;   0;    0.000;-999;eor
Offenbach;20150502;   3;   10.8;   8.3;   6.9;  996.75;   67.96;   1.4;   17.3;    2.1;   -0.5;   5.6;   0.2;   4;    8.500;-999;eor
Offenbach;20150503;   3;   13.6;  14.5;   7.9;  992.25;   92.04;   2.0;   17.4;    9.6;    9.0;   6.8;   2.9;   4;    0.000;-999;eor
Offenbach;20150504;   3;   17.8;  14.5;   6.2;  994.23;   73.42;   2.4;   23.3;   12.9;   10.0;   8.8;   0.3;   4;    6.383;-999;eor
Offenbach;20150505;   3;   19.7;  13.8;   7.0;  990.78;   61.25;   4.1;   26.0;   11.6;    7.1;  15.0;   0.0;   4;    4.633;-999;eor
Offenbach;20150506;   3;   14.3;   9.1;   6.8; 1000.02;   58.38;   3.7;   19.7;    9.2;    5.7;  13.9;   0.0;   4;    9.567;-999;eor
Offenbach;20150507;   3;   12.7;   8.6;   6.5; 1004.40;   61.17;   2.8;   19.3;    6.9;    3.0;   9.9;   0.0;   0;    9.117;-999;eor
Offenbach;20150508;   3;   15.2;   9.3;   6.3; 1001.21;   58.29;   1.6;   22.8;    7.0;    4.5;   7.6;   0.2;   4;    8.683;-999;eor
Offenbach;20150509;   3;   16.0;  12.4;   6.7; 1004.52;   69.83;   3.4;   21.5;    9.8;    7.5;  16.5;   1.3;   4;    6.267;-999;eor
Offenbach;20150510;   3;   14.3;  10.3;   6.1; 1011.80;   67.54;   1.9;   21.2;    8.2;    5.0;   7.4;   0.0;   0;   11.933;-999;eor
Offenbach;20150511;   3;   17.0;  11.4;   6.8; 1008.81;   63.29;   1.9;   26.5;    6.9;    4.6;   7.5;   0.0;   0;   10.233;-999;eor
Offenbach;20150512;   3;   19.5;  13.1;   5.1; 1003.44;   60.71;   2.8;   29.3;   11.6;    8.1;  17.1;   0.7;   4;    8.350;-999;eor
Offenbach;20150513;   3;   14.4;  10.3;   6.5; 1003.39;   66.13;   1.5;   21.7;    6.8;    3.1;   7.3;   0.8;   4;    9.650;-999;eor
Offenbach;20150514;   3;   14.5;  10.2;   6.0;  997.68;   62.67;   1.9;   20.2;    9.9;    6.9;   7.3;   0.3;   4;    9.667;-999;eor
Offenbach;20150515;   3;   16.2;   9.1;   5.8;  999.85;   51.67;   2.5;   22.0;   10.4;    6.1;   9.5;   0.0;   0;    8.683;-999;eor
Offenbach;20150516;   3;   13.9;   9.6;   7.0; 1008.35;   61.88;   2.5;   18.7;    6.2;    3.1;   9.6;   0.0;   4;    4.567;-999;eor
Offenbach;20150517;   3;   14.4;   8.6;   6.7; 1009.57;   54.54;   1.7;   19.9;    8.6;    5.5;   7.5;   0.0;   0;    7.033;-999;eor
Offenbach;20150518;   3;   15.7;   9.2;   5.3;  997.01;   56.83;   2.6;   23.6;    6.2;    3.2;  12.3;   0.0;   4;   13.717;-999;eor
Offenbach;20150519;   3;   14.6;   7.8;   6.7;  994.46;   47.71;   3.7;   18.4;    8.5;    4.6;  13.0;   0.2;   4;    7.617;-999;eor
Offenbach;20150520;   3;   10.8;   9.2;   7.5; 1000.50;   71.29;   1.7;   15.5;    5.8;    3.2;   6.2;   2.3;   4;    4.550;-999;eor
Offenbach;20150521;   3;   10.8;   7.7;   6.7; 1009.85;   63.71;   1.6;   17.9;    3.2;    0.9;   8.3;   0.0;   0;    8.633;-999;eor
Offenbach;20150522;   3;   13.8;   7.9;   5.7; 1010.39;   56.13;   1.4;   21.0;    4.2;    1.3;   7.7;   0.0;   0;   12.733;-999;eor
Offenbach;20150523;   3;   16.7;  10.7;   7.9; 1005.24;   57.21;   2.0;   21.5;   12.2;   11.8;   7.3;   0.0;   0;    1.333;-999;eor
Offenbach;20150524;   3;   16.5;  12.9;   7.9; 1003.82;   69.38;   1.6;   21.5;   12.9;   12.7;   6.3;   0.0;   0;    0.900;-999;eor
Offenbach;20150525;   3;   15.6;  12.8;   7.5; 1000.08;   73.25;   1.7;   20.1;    9.3;    7.2;   7.7;   1.4;   4;    1.400;-999;eor
Offenbach;20150526;   3;   11.8;   9.1;   7.7; 1004.65;   67.21;   2.2;   16.3;    5.9;    2.3;   9.7;   0.0;   0;    0.567;-999;eor
Offenbach;20150527;   3;   10.0;   8.2;   7.7; 1009.03;   69.25;   1.2;   14.7;    3.8;    0.8;   4.9;   0.0;   0;    0.650;-999;eor
Offenbach;20150528;   3;   14.5;   9.6;   7.0; 1001.93;   60.63;   2.8;   21.5;    4.5;    1.5;  11.9;   0.0;   4;    3.600;-999;eor
Offenbach;20150529;   3;   14.5;  11.6;   7.3;  997.47;   70.92;   2.2;   19.7;   10.8;    7.8;   9.2;   2.9;   4;    4.500;-999;eor
Offenbach;20150530;   3;   13.0;   9.0;   7.0; 1000.30;   62.96;   3.1;   17.9;    6.1;    3.5;  11.8;   0.0;   0;    5.233;-999;eor
Offenbach;20150531;   3;   15.2;  11.1;   7.2; 1000.65;   66.46;   2.7;   23.1;    5.0;    3.0;  11.1;   1.7;   4;    5.400;-999;eor
Offenbach;20150601;   3;   13.6;  13.5;   7.3; 1001.75;   87.13;   2.0;   17.7;    9.5;    6.9;   9.6;   6.6;   4;    1.083;-999;eor
Offenbach;20150602;   3;   17.6;  11.9;   7.0; 1001.72;   63.88;   3.2;   25.3;    8.0;    5.8;  13.6;   0.0;   4;    7.183;-999;eor
Offenbach;20150603;   3;   19.9;  12.8;   6.6; 1006.99;   55.42;   3.5;   24.9;   13.0;   10.7;  11.7;   0.0;   0;   10.400;-999;eor
Offenbach;20150604;   3;   19.0;  11.5;   6.0; 1010.99;   55.29;   2.0;   26.4;   10.7;    7.4;   9.8;   0.0;   0;   12.167;-999;eor
Offenbach;20150605;   3;   23.7;  14.3;   6.3; 1005.16;   53.04;   1.8;   33.3;   11.7;    8.9;  11.5;   1.3;   4;   13.850;-999;eor
Offenbach;20150606;   3;   22.6;  17.9;   5.6; 1007.20;   65.29;   2.4;   28.8;   17.8;   15.7;   9.6;   0.2;   4;    8.983;-999;eor
Offenbach;20150607;   3;   20.0;  10.1;   4.7; 1011.77;   44.33;   3.2;   25.7;   15.0;   14.3;   8.9;   0.0;   0;   12.000;-999;eor
Offenbach;20150608;   3;   16.0;  10.5;   6.8; 1010.78;   57.75;   3.9;   19.5;   13.1;   11.8;  11.9;   0.0;   0;    2.567;-999;eor
Offenbach;20150609;   3;   15.0;   9.3;   7.5; 1010.82;   55.54;   3.7;   20.2;   10.8;    7.9;  10.2;   0.0;   0;    4.033;-999;eor
Offenbach;20150610;   3;   16.6;  11.5;   7.6; 1009.45;   61.25;   2.4;   21.8;    9.7;    6.9;   7.6;   0.0;   0;    1.850;-999;eor
Offenbach;20150611;   3;   19.7;  12.7;   7.0; 1004.48;   55.71;   2.5;   24.6;   15.3;   12.8;   8.3;   0.0;   0;    4.817;-999;eor
Offenbach;20150612;   3;   21.8;  14.9;   5.2;  997.47;   59.38;   1.6;   31.3;   12.2;    9.8;  11.5;   7.0;   4;   10.667;-999;eor
Offenbach;20150613;   3;   20.7;  17.1;   7.1;  996.13;   71.50;   2.5;   25.3;   14.4;   11.7;  11.0;   0.0;   0;    5.333;-999;eor
Offenbach;20150614;   3;   20.7;  11.9;   6.7;  996.08;   53.96;   1.8;   27.4;   12.0;    9.7;   8.7;   0.0;   0;   13.150;-999;eor
Offenbach;20150615;   3;   17.7;  13.0;   6.8; 1001.94;   64.50;   3.2;   21.4;   13.0;   10.0;  10.6;   0.0;   0;   11.550;-999;eor
Offenbach;20150616;   3;   15.5;   9.0;   6.3; 1007.31;   53.04;   3.0;   21.2;   10.6;    8.6;  11.2;   0.0;   0;    8.350;-999;eor
Offenbach;20150617;   3;   16.0;   8.5;   4.8; 1008.37;   50.42;   1.8;   22.8;    7.3;    4.7;   6.9;   6.8;   4;   12.933;-999;eor
Offenbach;20150618;   3;   17.0;  12.9;   7.0; 1001.47;   67.96;   3.0;   22.2;   12.6;   10.9;   9.7;   3.4;   4;    2.200;-999;eor
Offenbach;20150619;   3;   13.1;  10.8;   7.8; 1003.65;   71.46;   2.6;   16.5;   11.4;   10.1;   7.8;   1.8;   4;    0.217;-999;eor
Offenbach;20150620;   3;   13.5;  10.5;   7.5; 1005.23;   68.46;   1.9;   17.5;   11.3;   10.0;   8.6;   0.5;   4;    1.500;-999;eor
Offenbach;20150621;   3;   14.6;  13.9;   7.8; 1002.53;   83.67;   1.6;   19.4;   11.0;    9.5;   7.3;   0.8;   4;    0.483;-999;eor
Offenbach;20150622;   3;   13.3;  13.9;   7.7;  996.20;   91.08;   2.4;   14.9;   10.7;    9.3;   9.3;  17.1;   4;    0.000;-999;eor
Offenbach;20150623;   3;   12.7;  11.4;   7.5;  998.78;   78.50;   3.5;   17.5;    8.7;    7.3;  13.2;   0.4;   4;    3.767;-999;eor
Offenbach;20150624;   3;   14.6;  11.8;   7.5; 1007.72;   71.96;   1.7;   20.6;   11.3;    9.6;   5.5;   0.0;   0;    6.133;-999;eor
Offenbach;20150625;   3;   17.6;  12.7;   6.0; 1008.27;   67.08;   1.3;   25.0;    9.7;    7.8;   8.1;   0.0;   0;    8.350;-999;eor
Offenbach;20150626;   3;   20.6;  14.5;   7.6; 1005.63;   63.08;   1.6;   28.4;   12.7;   10.9;   9.5;   6.4;   4;    6.233;-999;eor
Offenbach;20150627;   3;   19.3;  16.8;   7.0; 1003.13;   75.96;   2.3;   24.3;   14.2;   11.1;  11.2;   6.9;   4;    5.450;-999;eor
Offenbach;20150628;   3;   18.4;  12.6;   6.0; 1007.31;   62.38;   1.2;   24.6;   10.1;    8.5;   5.5;   0.0;   0;   10.967;-999;eor
Offenbach;20150629;   3;   22.0;  14.4;   6.5; 1006.18;   56.79;   1.8;   29.2;   14.6;   13.5;   8.2;   0.0;   0;    8.517;-999;eor
Offenbach;20150630;   3;   22.5;  12.9;   6.9; 1006.34;   51.58;   1.8;   29.6;   13.6;   11.7;   6.9;   0.0;   0;   15.250;-999;eor
Offenbach;20150701;   3;   25.0;  14.9;   6.7; 1004.75;   51.71;   1.8;   33.2;   15.0;   12.7;   7.9;   0.0;   0;   14.767;-999;eor
Offenbach;20150702;   3;   27.5;  17.5;   6.2; 1005.44;   51.63;   2.2;   35.5;   18.3;   15.9;   8.5;   0.0;   0;   14.433;-999;eor
Offenbach;20150703;   3;   28.1;  20.1;   5.3; 1007.40;   56.21;   1.2;   36.5;   20.5;   19.2;   6.1;   0.0;   0;   12.733;-999;eor
Offenbach;20150704;   3;   29.5;  19.4;   4.8; 1004.78;   51.75;   1.8;   38.5;   21.3;   19.3;   7.5;   0.0;   0;   11.767;-999;eor
Offenbach;20150705;   3;   29.7;  18.9;   5.4; 1000.74;   49.54;   2.3;   38.7;   21.1;   19.8;  10.4;   0.1;   4;   10.150;-999;eor
Offenbach;20150706;   3;   22.9;  12.4;   5.8; 1005.90;   48.08;   2.6;   29.2;   16.4;   13.7;  10.5;   0.0;   0;   14.500;-999;eor
Offenbach;20150707;   3;   24.6;  15.0;   5.7;  997.24;   52.92;   2.0;   35.8;   13.6;   11.6;  14.8;   1.5;   4;   11.000;-999;eor
Offenbach;20150708;   3;   19.5;  11.8;   7.3;  998.20;   52.46;   5.3;   22.5;   16.1;   15.2;  15.2;   0.7;   4;    4.150;-999;eor
Offenbach;20150709;   3;   16.7;  10.9;   6.6; 1005.07;   58.50;   3.8;   20.9;   10.4;    7.4;  12.9;   0.0;   4;    7.350;-999;eor
Offenbach;20150710;   3;   16.8;   8.6;   5.2; 1008.19;   50.04;   1.4;   25.0;    7.1;    5.0;   5.7;   0.0;   0;   14.900;-999;eor
Offenbach;20150711;   3;   21.6;  10.3;   4.6; 1001.99;   45.21;   1.7;   31.8;   10.3;    7.6;   8.5;   0.0;   0;   11.617;-999;eor
Offenbach;20150712;   3;   20.0;  13.3;   6.2; 1003.50;   61.04;   2.0;   27.4;   14.1;   12.5;   9.4;   1.3;   4;    7.783;-999;eor
Offenbach;20150713;   3;   18.5;  16.4;   7.7; 1003.62;   77.38;   2.4;   20.9;   15.4;   15.2;  11.3;   0.7;   4;    0.967;-999;eor
Offenbach;20150714;   3;   21.3;  17.1;   7.8; 1002.89;   68.38;   3.4;   26.4;   17.2;   15.2;  11.8;   0.0;   4;    1.483;-999;eor
Offenbach;20150715;   3;   22.9;  16.2;   6.4; 1004.63;   60.42;   1.5;   29.5;   16.6;   14.7;   6.6;   0.0;   0;    6.950;-999;eor
Offenbach;20150716;   3;   25.2;  16.8;   5.9; 1002.89;   55.96;   1.4;   32.8;   17.5;   15.8;   4.9;   0.0;   4;   13.650;-999;eor
Offenbach;20150717;   3;   26.9;  16.3;   5.8;  999.98;   50.79;   2.5;   35.5;   18.4;   16.7;  17.8;   2.0;   4;    7.183;-999;eor
Offenbach;20150718;   3;   24.4;  19.0;   6.5; 1001.28;   64.38;   2.6;   31.0;   18.7;   18.1;  11.5;   0.0;   4;    6.850;-999;eor
Offenbach;20150719;   3;   22.3;  18.5;   7.6;  996.90;   69.17;   2.7;   29.2;   17.5;   15.5;  12.1;   0.8;   4;    1.883;-999;eor
Offenbach;20150720;   3;   22.3;  20.4;   7.6;  999.97;   76.67;   1.9;   28.3;   16.7;   14.9;   8.5;   1.3;   4;    2.117;-999;eor
Offenbach;20150721;   3;   25.5;  19.9;   7.1; 1000.22;   62.50;   2.2;   31.8;   20.4;   18.1;   7.9;   0.0;   0;    4.617;-999;eor
Offenbach;20150722;   3;   26.1;  19.4;   6.6;  999.01;   59.79;   2.2;   33.8;   18.8;   16.9;   9.0;   0.0;   4;    8.417;-999;eor
Offenbach;20150723;   3;   22.5;  13.0;   6.8; 1001.73;   48.21;   2.3;   26.9;   18.6;   16.1;   8.0;   0.0;   0;    3.517;-999;eor
Offenbach;20150724;   3;   23.8;  14.5;   5.4;  995.46;   52.33;   1.9;   31.9;   14.0;   12.4;  23.3;   8.1;   4;   10.483;-999;eor
Offenbach;20150725;   3;   18.4;  14.7;   7.0;  994.85;   69.46;   5.7;   22.1;   12.5;   10.8;  19.8;   0.1;   4;    5.683;-999;eor
Offenbach;20150726;   3;   16.3;  10.6;   6.3;  999.03;   61.75;   2.0;   23.1;    9.5;    7.6;   7.7;   0.9;   4;    9.417;-999;eor
Offenbach;20150727;   3;   18.2;  14.4;   7.5;  990.82;   69.50;   4.3;   21.9;   14.0;   13.5;  14.9;   1.2;   4;    2.083;-999;eor
Offenbach;20150728;   3;   18.4;  10.5;   7.3;  994.18;   51.21;   4.5;   22.0;   15.2;   14.1;  15.0;   0.0;   4;    4.633;-999;eor
Offenbach;20150729;   3;   16.8;  10.9;   7.3;  996.23;   58.33;   3.7;   22.2;   10.9;    8.1;  12.0;   0.1;   4;    4.267;-999;eor
Offenbach;20150730;   3;   15.3;   9.8;   7.0; 1001.28;   60.21;   2.0;   23.0;    7.7;    5.7;   8.5;   0.1;   4;    7.200;-999;eor
Offenbach;20150731;   3;   16.2;   9.9;   5.8; 1003.77;   58.58;   1.9;   23.4;    7.9;    6.1;   8.3;   0.0;   0;   13.583;-999;eor
Offenbach;20150801;   3;   19.8;  10.5;   6.4; 1000.33;   47.88;   1.8;   29.1;   13.1;   11.8;   5.7;   0.0;   0;    7.933;-999;eor
Offenbach;20150802;   3;   21.8;  11.7;   5.9; 1003.83;   49.58;   1.3;   30.9;   12.2;    9.9;   5.7;   0.0;   0;   13.050;-999;eor
Offenbach;20150803;   3;   24.1;  12.6;   6.7; 1001.66;   47.25;   1.8;   34.3;   13.3;   11.1;  10.1;   0.0;   0;   13.850;-999;eor
Offenbach;20150804;   3;   20.1;  16.6;   6.5; 1000.61;   73.46;   2.0;   30.1;   13.0;   11.7;  12.6;   5.1;   4;    6.000;-999;eor
Offenbach;20150805;   3;   20.0;  14.1;   6.1; 1003.53;   65.46;   1.3;   29.0;   11.3;   10.0;   5.9;   0.0;   0;   12.767;-999;eor
Offenbach;20150806;   3;   25.3;  15.5;   6.0; 1000.62;   54.00;   1.4;   36.0;   14.2;   12.6;   7.3;   0.0;   0;   12.017;-999;eor
Offenbach;20150807;   3;   28.3;  16.1;   5.8;  999.79;   48.08;   1.5;   39.5;   18.3;   16.4;   7.2;   0.0;   4;   13.150;-999;eor
Offenbach;20150808;   3;   26.1;  19.0;   6.2; 1003.97;   57.54;   3.1;   32.3;   20.6;   20.2;  11.0;   0.0;   4;    9.617;-999;eor
Offenbach;20150809;   3;   23.9;  18.6;   6.4; 1003.41;   63.96;   3.0;   30.8;   18.6;   18.1;  10.3;   3.3;   4;    5.033;-999;eor
Offenbach;20150810;   3;   24.6;  20.1;   4.6; 1000.26;   67.04;   2.2;   32.4;   19.5;   18.8;   8.8;   0.0;   4;    8.517;-999;eor
Offenbach;20150811;   3;   23.7;  18.7;   5.5; 1002.37;   65.63;   2.4;   29.8;   17.0;   15.8;   8.4;   0.0;   0;    9.800;-999;eor
Offenbach;20150812;   3;   25.3;  19.2;   5.5; 1004.69;   61.58;   2.2;   31.6;   19.2;   18.1;   7.0;   0.0;   0;    8.317;-999;eor
Offenbach;20150813;   3;   26.7;  17.6;   5.5;  999.41;   53.92;   2.5;   35.8;   19.3;   18.3;  11.1;   0.0;   4;    8.783;-999;eor
Offenbach;20150814;   3;   23.7;  19.6;   6.9;  995.38;   68.08;   2.5;   28.6;   18.7;   18.3;   9.6;   2.8;   4;    4.083;-999;eor
Offenbach;20150815;   3;   20.9;  17.5;   7.0;  995.50;   72.88;   2.3;   26.0;   17.2;   16.6;   9.6;   1.6;   4;    4.300;-999;eor
Offenbach;20150816;   3;   17.1;  17.6;   8.0;  997.75;   90.13;   1.5;   18.2;   14.7;   14.6;   6.2;   9.8;   4;    0.000;-999;eor
Offenbach;20150817;   3;   15.3;  15.0;   7.9;  998.36;   86.58;   2.5;   16.4;   14.5;   13.9;   6.9;   0.8;   4;    0.000;-999;eor
Offenbach;20150818;   3;   16.7;  14.0;   7.8; 1001.08;   75.00;   1.5;   20.6;   13.7;   12.3;   5.0;   0.0;   0;    0.050;-999;eor
Offenbach;20150819;   3;   17.1;  13.1;   7.0; 1005.88;   69.88;   1.1;   22.2;    9.8;    8.8;   4.5;   0.0;   4;    5.333;-999;eor
Offenbach;20150820;   3;   17.0;  15.4;   7.3; 1009.32;   80.46;   1.3;   22.4;   13.8;   12.3;   4.9;   6.4;   4;    3.033;-999;eor
Offenbach;20150821;   3;   18.3;  13.2;   5.8; 1009.63;   67.71;   1.3;   26.1;   11.0;    9.9;   6.4;   0.0;   0;   12.467;-999;eor
Offenbach;20150822;   3;   19.2;  11.3;   5.9; 1004.48;   57.25;   1.5;   27.5;   10.8;    9.5;   8.1;   0.0;   0;   12.300;-999;eor
Offenbach;20150823;   3;   19.5;  12.8;   5.9;  995.16;   61.88;   2.3;   27.7;   11.2;    9.3;  11.9;   4.1;   4;    9.367;-999;eor
Offenbach;20150824;   3;   18.6;  18.0;   7.5;  992.34;   84.29;   2.8;   23.0;   15.9;   14.3;   9.7;   1.7;   4;    0.200;-999;eor
Offenbach;20150825;   3;   17.3;  11.7;   7.0; 1001.41;   59.83;   3.9;   21.9;   14.6;   13.5;  13.4;   0.0;   0;    6.133;-999;eor
Offenbach;20150826;   3;   20.5;  12.6;   5.7; 1001.52;   54.13;   2.5;   27.7;   11.7;    9.6;   9.5;   0.0;   0;   11.933;-999;eor
Offenbach;20150827;   3;   21.8;  16.0;   7.4;  996.98;   64.33;   1.9;   29.5;   14.2;   12.8;  10.1;   9.7;   4;    2.050;-999;eor
Offenbach;20150828;   3;   16.9;  17.7;   7.6; 1003.71;   91.75;   1.4;   19.9;   13.7;   12.5;   6.1;   4.7;   4;    0.517;-999;eor
Offenbach;20150829;   3;   21.3;  20.2;   6.6; 1007.13;   81.33;   1.2;   30.4;   14.3;   14.4;   4.4;   0.0;   0;    9.533;-999;eor
Offenbach;20150830;   3;   24.9;  21.7;   6.0; 1003.05;   72.83;   1.1;   33.3;   17.6;   16.6;   5.6;   0.0;   0;   11.700;-999;eor
Offenbach;20150831;   3;   25.9;  17.3;   6.3;  997.95;   56.88;   2.0;   33.7;   18.4;   17.3;  11.0;   0.0;   4;   12.000;-999;eor
Offenbach;20150901;   3;   19.3;  17.2;   7.5;  997.44;   77.04;   1.9;   27.1;   12.1;   11.0;  15.6;   1.9;   4;    1.517;-999;eor
Offenbach;20150902;   3;   15.6;  13.4;   6.9; 1002.37;   77.58;   1.1;   21.2;   11.5;   10.4;   5.8;   0.0;   4;    5.233;-999;eor
Offenbach;20150903;   3;   16.1;  12.1;   7.2;  999.98;   67.96;   1.5;   21.7;    9.9;    7.9;   9.5;   0.0;   4;    5.950;-999;eor
Offenbach;20150904;   3;   13.8;  10.0;   7.3; 1001.16;   65.83;   2.2;   20.0;    9.3;    7.0;   9.1;   0.0;   0;    4.550;-999;eor
Offenbach;20150905;   3;   13.0;  11.6;   7.3; 1002.04;   77.71;   3.0;   18.1;    8.8;    6.1;  12.2;   2.4;   4;    2.117;-999;eor
Offenbach;20150906;   3;   13.4;   9.8;   7.5; 1008.05;   64.83;   3.7;   16.8;    8.9;    6.8;  10.0;   1.3;   4;    3.267;-999;eor
Offenbach;20150907;   3;   13.7;  12.6;   7.8; 1010.54;   80.42;   2.6;   17.9;   10.5;   10.2;   8.0;   0.3;   4;    0.350;-999;eor
Offenbach;20150908;   3;   14.9;  12.3;   7.8; 1010.09;   74.08;   1.2;   19.1;   11.6;   10.4;   5.1;   0.0;   0;    0.983;-999;eor
Offenbach;20150909;   3;   14.9;  10.6;   6.5; 1008.00;   65.50;   2.4;   21.1;    9.6;    7.5;   9.1;   0.0;   0;   10.283;-999;eor
Offenbach;20150910;   3;   14.2;   9.5;   7.2; 1006.74;   61.50;   2.7;   21.0;    7.1;    4.4;   9.3;   0.0;   0;    8.850;-999;eor
Offenbach;20150911;   3;   13.9;   9.8;   6.7; 1003.17;   65.50;   1.6;   22.3;    7.7;    5.4;   5.8;   0.0;   0;   10.450;-999;eor
Offenbach;20150912;   3;   16.3;  13.9;   7.2; 1000.58;   76.63;   1.6;   26.1;    8.5;    6.8;   6.6;   1.7;   4;    2.883;-999;eor
Offenbach;20150913;   3;   17.1;  17.8;   7.1;  995.72;   91.33;   1.2;   19.6;   14.4;   12.6;   5.3;   2.5;   4;    2.200;-999;eor
Offenbach;20150914;   3;   15.9;  15.8;   6.9;  991.10;   87.79;   2.9;   21.8;   11.3;    9.4;  19.8;  13.3;   4;    2.967;-999;eor
Offenbach;20150915;   3;   13.4;  11.5;   7.0;  993.66;   75.83;   3.1;   18.1;    9.1;    7.1;  12.4;   5.3;   4;    2.417;-999;eor
Offenbach;20150916;   3;   14.7;  15.6;   7.5;  986.03;   92.08;   2.1;   17.4;   12.0;   11.3;   6.6;  14.9;   4;    0.000;-999;eor
Offenbach;20150917;   3;   14.4;  15.1;   7.5;  990.65;   91.88;   3.2;   16.6;   11.4;    8.9;  11.8;   4.9;   4;    0.017;-999;eor
Offenbach;20150918;   3;   14.7;  13.3;   6.9; 1002.43;   80.75;   2.3;   20.5;   10.2;    7.8;   7.7;   0.5;   4;    5.767;-999;eor
Offenbach;20150919;   3;   13.4;  13.8;   7.8; 1007.00;   89.92;   1.2;   18.0;   10.0;    8.6;   8.2;   6.6;   4;    1.933;-999;eor
Offenbach;20150920;   3;   13.4;  12.1;   7.6; 1009.32;   80.08;   0.9;   18.1;   10.3;    8.8;   5.5;   0.0;   0;    1.267;-999;eor
Offenbach;20150921;   3;   13.3;  12.1;   6.5; 1002.05;   80.17;   1.1;   19.2;    9.2;    8.3;   4.6;   0.3;   4;    5.583;-999;eor
Offenbach;20150922;   3;   12.7;  13.2;   7.5;  990.84;   89.21;   2.4;   15.3;    9.2;    7.5;  10.2;   3.6;   4;    0.817;-999;eor
Offenbach;20150923;   3;   12.6;  12.4;   7.8;  995.99;   85.29;   2.5;   16.2;    9.8;    9.1;   8.0;   0.9;   4;    1.650;-999;eor
Offenbach;20150924;   3;   13.6;  12.5;   6.0; 1005.07;   81.25;   1.9;   18.8;    9.0;    7.5;   8.2;   0.0;   0;    6.583;-999;eor
Offenbach;20150925;   3;   13.8;  11.6;   7.5; 1007.55;   75.21;   1.2;   19.6;    8.6;    7.1;   6.1;   0.0;   0;    3.550;-999;eor
Offenbach;20150926;   3;   14.1;  11.3;   7.8; 1010.97;   70.88;   2.2;   17.4;   11.6;   10.8;   7.3;   0.0;   0;    3.033;-999;eor
Offenbach;20150927;   3;   12.8;   9.6;  -999; 1016.45;   67.08;   2.8;   17.8;    7.5;    4.9;  10.3;   0.0;   0;    9.383;-999;eor
Offenbach;20150928;   3;   11.5;   9.0;  -999; 1020.27;   69.67;   2.4;   18.1;    4.9;    2.5;   9.5;   0.0;   0;    9.667;-999;eor
Offenbach;20150929;   3;   12.4;   8.8;  -999; 1018.96;   64.21;   3.4;   18.8;    5.7;    3.0;  11.3;   0.0;   0;    9.050;-999;eor
Offenbach;20150930;   3;   12.5;   7.9;  -999; 1017.50;   55.92;   3.6;   17.4;    7.0;    4.2;  10.7;   0.0;   0;   10.867;-999;eor
Offenbach;20151001;   3;   11.4;   7.4;  -999; 1014.36;   57.67;   3.0;   17.2;    5.8;    3.0;  10.0;   0.0;   0;   10.833;   0;eor
Offenbach;20151002;   3;   12.1;   8.7;  -999; 1008.41;   63.79;   2.2;   20.3;    5.3;    2.5;   7.1;   0.0;   0;   10.750;   0;eor
Offenbach;20151003;   3;   12.7;  11.0;  -999; 1001.44;   76.00;   1.4;   20.8;    7.1;    5.6;   5.9;   0.0;   4;    9.533;   0;eor
Offenbach;20151004;   3;   11.5;  12.8;  -999; 1002.83;   93.96;   1.0;   15.7;    7.9;    6.5;   4.6;   0.8;   4;    0.317;   0;eor
Offenbach;20151005;   3;   13.1;  12.9;  -999;  999.44;   86.54;   1.8;   18.5;    8.8;    8.4;   6.2;   3.0;   4;    5.917;   0;eor
Offenbach;20151006;   3;   16.4;  17.2;  -999;  991.86;   92.00;   2.5;   20.0;   13.2;   12.8;   7.4;   2.8;   4;    0.683;   0;eor
Offenbach;20151007;   3;   15.2;  14.7;  -999;  998.26;   85.33;   2.5;   17.6;   13.0;   12.5;  11.4;   0.2;   4;    0.483;   0;eor
Offenbach;20151008;   3;   13.2;  12.7;  -999; 1005.37;   84.17;   1.5;   17.1;   10.1;    7.9;   5.3;   0.0;   4;    0.400;   0;eor
Offenbach;20151009;   3;   11.9;  12.0;   7.3; 1006.14;   87.25;   0.9;   17.2;    8.0;    6.3;   5.1;   0.0;   0;    4.950;   0;eor
Offenbach;20151010;   3;   11.1;  11.0;   7.8; 1003.87;   83.17;   2.6;   14.3;    9.1;    6.7;   8.5;   0.0;   0;    0.467;   0;eor
Offenbach;20151011;   3;    7.9;   7.1;   7.6; 1002.26;   67.25;   3.1;   13.5;    3.9;    1.4;   8.5;   0.0;   0;    8.250;   0;eor
Offenbach;20151012;   3;    5.8;   6.1;   7.5; 1003.23;   68.54;   1.8;   11.0;   -0.7;   -2.9;   5.4;   0.0;   0;    6.567;   0;eor
Offenbach;20151013;   3;    5.1;   7.0;   7.7; 1001.23;   79.96;   2.4;   11.4;   -0.2;   -2.3;   9.7;   0.3;   4;    5.233;   0;eor
Offenbach;20151014;   3;    4.4;   7.3;   7.9; 1002.66;   87.88;   1.7;    5.2;    3.1;    2.0;   6.0;   1.2;   4;    0.000;   0;eor
Offenbach;20151015;   3;    4.1;   7.8;   7.8; 1001.18;   94.42;   1.8;    5.4;    2.6;    2.8;   6.5;   5.7;   4;    0.000;   0;eor
Offenbach;20151016;   3;    6.2;   8.8;   8.0; 1003.51;   92.63;   1.2;    7.9;    4.8;    4.6;   5.2;   0.0;   4;    0.000;   0;eor
Offenbach;20151017;   3;    6.8;   8.3;   8.0; 1004.18;   84.21;   1.3;    8.4;    5.4;    5.1;   4.4;   1.5;   4;    0.000;   0;eor
Offenbach;20151018;   3;    7.2;   8.9;   7.9; 1004.66;   88.29;   0.9;   10.8;    5.0;    3.0;   4.2;   0.0;   4;    0.833;   0;eor
Offenbach;20151019;   3;    6.2;   8.9;   7.8; 1006.77;   93.29;   0.5;   10.6;    1.6;    0.1;   2.8;   0.2;   4;    0.450;   0;eor
Offenbach;20151020;   3;    9.3;  10.4;   7.6; 1007.53;   88.54;   0.9;   12.3;    7.1;    5.3;   4.6;   0.7;   4;    0.967;   0;eor
Offenbach;20151021;   3;    8.4;   9.7;   8.0; 1006.31;   88.79;   0.9;   11.8;    4.0;    1.8;   3.6;   0.0;   0;    0.033;   0;eor
Offenbach;20151022;   3;    8.9;  10.6;   7.8; 1003.29;   92.33;   2.1;   11.4;    4.1;    2.5;   8.1;   0.1;   4;    0.000;   0;eor
Offenbach;20151023;   3;   10.3;  10.4;   7.4; 1009.33;   84.50;   0.9;   16.2;    4.0;    1.5;   4.9;   0.0;   0;    6.400;   0;eor
Offenbach;20151024;   3;    7.3;   9.4;   6.7; 1004.93;   91.67;   1.5;   12.6;    2.7;    0.4;   6.6;   0.1;   4;    0.950;   0;eor
Offenbach;20151025;   3;   10.2;  11.6;   8.0; 1009.33;   93.25;   0.8;   13.5;    5.9;    5.1;   2.9;   0.0;   0;    0.017;   0;eor
Offenbach;20151026;   3;   10.0;  10.5;   7.7; 1006.60;   87.04;   1.3;   16.7;    5.0;    2.0;   6.3;   0.0;   0;    8.400;   0;eor
Offenbach;20151027;   3;    7.6;   9.4;   7.0; 1003.41;   89.79;   1.1;   13.3;    2.2;    0.1;   5.8;   0.0;   0;    7.417;   0;eor
Offenbach;20151028;   3;    9.2;  10.1;   7.8;  998.88;   87.17;   1.2;   11.2;    6.6;    4.2;   4.1;   0.0;   4;    0.000;   0;eor
Offenbach;20151029;   3;   10.6;  11.3;   7.7; 1004.78;   88.33;   1.0;   15.6;    6.5;    4.4;   3.2;   0.0;   0;    0.933;   0;eor
Offenbach;20151030;   3;    9.4;  10.1;   6.7; 1012.27;   86.46;   1.3;   14.1;    4.6;    1.9;   6.1;   0.0;   0;    2.667;   0;eor
Offenbach;20151031;   3;    7.8;   9.1;   7.6; 1014.00;   86.50;   1.4;   13.0;    2.6;   -0.2;   5.6;   0.0;   0;    3.100;   0;eor
Offenbach;20151101;   3;    5.3;   8.0;   7.8; 1016.43;   90.46;   0.8;   14.8;    0.3;   -1.7;   3.7;   0.0;   0;    8.533;   0;eor
Offenbach;20151102;   3;    3.2;   7.6;   7.8; 1014.02;   98.58;   1.3;    8.6;    0.0;    0.2;   5.2;   0.0;   0;    4.650;   0;eor
Offenbach;20151103;   3;    3.4;   7.7;   7.8; 1008.77;   98.38;   1.3;    7.4;    1.9;    2.3;   5.3;   0.0;   4;    2.067;   0;eor
Offenbach;20151104;   3;    6.5;   9.1;   7.9; 1007.73;   93.75;   0.9;   11.5;    3.7;    4.0;   3.3;   0.0;   0;    1.117;   0;eor
Offenbach;20151105;   3;   10.0;  10.7;   7.8; 1007.53;   87.67;   0.7;   17.7;    4.5;    2.1;   4.4;   0.0;   4;    7.700;   0;eor
Offenbach;20151106;   3;   13.0;  13.1;   7.6; 1008.25;   87.58;   1.7;   16.5;    8.2;    7.4;   7.0;   1.9;   4;    0.083;   0;eor
Offenbach;20151107;   3;   16.3;  16.6;   7.8; 1010.38;   89.67;   2.7;   19.1;   14.1;   11.9;   8.9;   0.0;   0;    0.050;   0;eor
Offenbach;20151108;   3;   13.7;  13.8;   6.9; 1012.43;   88.79;   1.1;   18.9;    9.3;    6.5;   4.2;   0.0;   4;    5.433;   0;eor
Offenbach;20151109;   3;   15.0;  12.5;   7.5; 1009.46;   74.29;   4.0;   18.6;    9.1;    6.3;  12.5;   0.0;   4;    0.833;   0;eor
Offenbach;20151110;   3;   13.7;  11.7;   7.7; 1010.96;   74.67;   4.7;   14.9;   12.2;   10.7;  12.1;   0.0;   0;    0.000;   0;eor
Offenbach;20151111;   3;   11.9;  11.1;   7.7; 1011.25;   79.21;   2.8;   14.3;    7.6;    3.7;   7.9;   0.0;   4;    2.783;   0;eor
Offenbach;20151112;   3;   11.3;  10.9;   7.4; 1011.78;   81.67;   1.7;   15.8;    6.2;    3.0;   5.5;   0.0;   0;    5.100;   0;eor
Offenbach;20151113;   3;    8.8;  10.0;   7.8; 1009.87;   88.46;   3.0;   12.6;    4.1;    1.6;  13.3;   2.0;   4;    0.000;   0;eor
Offenbach;20151114;   3;    8.7;   8.4;   7.1; 1012.00;   75.08;   4.4;   10.4;    6.6;    4.0;  11.8;   0.5;   4;    2.050;   0;eor
Offenbach;20151115;   3;   11.7;  10.9;   7.3; 1001.46;   78.63;   5.9;   15.2;    8.0;    6.9;  15.0;   0.0;   0;    1.833;   0;eor
Offenbach;20151116;   3;   10.5;   9.9;   7.5; 1002.48;   77.83;   4.2;   11.5;    7.2;    3.2;  11.6;   1.3;   4;    0.383;   0;eor
Offenbach;20151117;   3;   12.2;  12.8;   7.9;  997.80;   89.25;   5.6;   15.2;   10.3;    9.7;  16.4;   4.1;   4;    0.000;   0;eor
Offenbach;20151118;   3;   13.9;  10.2;   6.3; 1001.23;   64.13;   6.5;   15.9;   11.8;    9.1;  22.4;   0.2;   4;    1.700;   0;eor
Offenbach;20151119;   3;   12.8;  11.9;   7.9;  999.53;   80.25;   5.7;   14.6;    9.9;    9.0;  15.7;   9.4;   4;    0.000;   0;eor
Offenbach;20151120;   3;    7.6;   9.7;   7.6;  992.06;   92.25;   3.0;   10.2;    3.5;    1.0;   8.0;   6.5;   4;    0.000;   0;eor
Offenbach;20151121;   3;    3.8;   7.3;   6.9;  983.84;   91.46;   2.1;    6.1;    0.7;   -1.6;   7.2;   3.5;   4;    0.200;   0;eor
Offenbach;20151122;   3;    2.1;   6.1;   6.0;  992.47;   86.42;   2.7;    5.6;   -0.4;   -3.8;  10.4;   3.6;   4;    3.983;   0;eor
Offenbach;20151123;   3;    2.4;   6.2;   7.4; 1006.88;   86.13;   1.8;    5.4;   -1.5;   -3.7;   8.0;   0.0;   4;    0.667;   0;eor
Offenbach;20151124;   3;    0.3;   5.8;   6.8; 1006.00;   92.88;   2.3;    2.8;   -3.1;   -5.4;   9.9;   4.2;   4;    0.000;   0;eor
Offenbach;20151125;   3;    2.9;   7.0;   7.7;  993.50;   93.00;   2.8;    5.6;    0.6;    0.0;   7.0;   0.2;   4;    0.500;   0;eor
Offenbach;20151126;   3;    4.4;   7.1;   7.5; 1001.60;   85.67;   1.1;    7.2;   -0.2;   -3.0;   6.2;   0.0;   4;    0.117;   0;eor
Offenbach;20151127;   3;   -0.1;   5.9;   7.8; 1004.81;   96.79;   1.5;    0.7;   -1.3;   -2.7;   7.9;   1.1;   4;    0.000;   0;eor
Offenbach;20151128;   3;    2.9;   6.1;   6.5; 1000.12;   82.08;   3.8;    7.0;   -0.3;   -1.4;  11.6;   3.8;   4;    3.017;   0;eor
Offenbach;20151129;   3;    7.4;   8.5;   7.7;  999.88;   82.17;   6.6;   11.4;    4.6;    3.0;  19.7;   5.8;   4;    0.000;   0;eor
Offenbach;20151130;   3;    9.9;  10.0;   7.6; 1003.30;   81.83;   5.7;   11.5;    7.8;    6.3;  21.0;   9.6;   4;    0.000;   0;eor
Offenbach;20151201;   3;   11.4;  11.0;   7.8; 1008.87;   81.96;   4.8;   12.6;   10.5;    9.1;  13.2;   0.0;   4;    0.000;   0;eor
Offenbach;20151202;   3;   10.1;   9.7;   8.0; 1014.56;   78.04;   2.0;   11.5;    8.0;    6.8;   7.2;   0.0;   0;    0.000;   0;eor
Offenbach;20151203;   3;    7.5;   7.8;   7.9; 1014.94;   75.42;   1.4;    9.8;    2.9;    0.8;   4.5;   0.0;   0;    0.000;   0;eor
Offenbach;20151204;   3;    5.3;   8.2;   6.3; 1015.12;   91.75;   2.3;    8.6;    1.5;   -1.2;   9.3;   1.5;   4;    0.000;   0;eor
Offenbach;20151205;   3;    4.3;   7.6;  -999; 1016.40;   91.13;   2.3;    8.5;    0.1;   -2.8;   9.1;   0.0;   0;    2.533;   0;eor
Offenbach;20151206;   3;    8.1;   8.6;  -999; 1012.91;   80.04;   3.6;   10.5;    2.1;   -1.2;  10.0;   0.0;   0;    1.933;   0;eor
Offenbach;20151207;   3;    7.9;   9.2;   6.7; 1017.78;   86.79;   1.0;   14.3;    2.3;   -0.8;   4.3;   0.0;   0;    6.850;   0;eor
Offenbach;20151208;   3;    3.0;   7.4;   5.3; 1017.16;   96.54;   0.9;    6.3;   -0.5;   -2.4;   4.9;   3.0;   4;    2.000;   0;eor
Offenbach;20151209;   3;    5.2;   7.9;   4.3; 1021.06;   89.17;   1.6;   10.2;   -0.8;   -3.4;   7.5;   0.0;   0;    3.267;   0;eor
Offenbach;20151210;   3;    1.5;   6.6;   7.5; 1020.63;   96.58;   1.6;    3.0;   -1.0;   -3.6;   7.2;   0.0;   0;    0.000;   0;eor
Offenbach;20151211;   3;    3.8;   6.9;   7.9; 1012.28;   85.25;   3.9;    8.0;    0.1;   -0.9;  10.1;   5.9;   4;    0.000;   0;eor
Offenbach;20151212;   3;    7.8;   9.6;   7.7; 1008.62;   90.92;   3.0;    9.5;    6.2;    5.6;  13.0;   1.6;   4;    0.000;   0;eor
Offenbach;20151213;   3;    8.5;   9.2;   8.0; 1005.98;   82.67;   3.9;    9.7;    6.3;    6.0;  13.2;   0.2;   4;    0.000;   0;eor
Offenbach;20151214;   3;    7.1;   8.7;   7.1; 1007.80;   86.50;   1.0;   10.4;    5.4;    2.7;   4.9;   0.0;   0;    4.850;   0;eor
Offenbach;20151215;   3;    4.9;   8.0;   7.6; 1010.03;   92.17;   0.8;    8.2;    2.9;    0.6;   4.0;   1.1;   4;    0.000;   0;eor
Offenbach;20151216;   3;    7.7;  10.3;   7.8; 1011.38;   96.42;   1.6;   11.7;    3.5;    2.1;   7.0;   5.3;   4;    0.000;   0;eor
Offenbach;20151217;   3;   11.4;  12.6;   7.9; 1010.78;   92.75;   2.8;   13.5;    7.6;    5.3;   8.7;   0.3;   4;    0.117;   0;eor
Offenbach;20151218;   3;   10.5;  11.6;   7.9; 1009.35;   91.42;   2.1;   12.4;    7.8;    6.4;   7.3;   0.8;   4;    0.250;   0;eor
Offenbach;20151219;   3;    9.7;  10.9;   7.9; 1009.12;   90.58;   1.1;   13.8;    4.3;    1.7;   4.9;   0.0;   0;    0.867;   0;eor
Offenbach;20151220;   3;    5.9;   8.9;   7.5; 1006.84;   95.17;   0.8;    9.2;    2.3;    0.1;   3.8;   1.4;   4;    0.317;   0;eor
Offenbach;20151221;   3;    9.2;  10.0;   7.5; 1009.35;   86.04;   3.8;   11.3;    6.5;    5.2;  14.9;   3.2;   4;    1.117;   0;eor
Offenbach;20151222;   3;   11.2;   9.5;   8.0; 1011.53;   72.00;   5.1;   13.6;    9.2;    7.9;  12.8;   1.0;   4;    2.150;   0;eor
Offenbach;20151223;   3;    9.4;   9.6;   4.1; 1012.31;   81.92;   4.0;   11.7;    4.8;    0.6;  13.6;   0.0;   4;    1.583;   0;eor
Offenbach;20151224;   3;    9.7;   9.7;   6.8; 1010.48;   81.83;   2.5;   13.5;    6.1;    4.4;   9.8;   0.0;   4;    3.483;   0;eor
Offenbach;20151225;   3;   11.7;  10.8;   7.9; 1013.69;   78.08;   3.5;   13.4;    9.9;    8.8;  11.3;   0.3;   4;    0.000;   0;eor
Offenbach;20151226;   3;   10.6;   9.9;   5.0; 1014.25;   77.83;   3.1;   13.7;    6.2;    1.7;   8.8;   0.0;   0;    6.450;   0;eor
Offenbach;20151227;   3;    6.1;   8.4;  -999; 1015.05;   89.83;   1.7;   11.9;    1.7;   -1.4;   7.1;   0.0;   0;    5.117;   0;eor
Offenbach;20151228;   3;    2.4;   6.8;   7.7; 1014.60;   94.00;   0.9;    7.5;   -0.7;   -3.8;   3.5;   0.0;   0;    6.317;   0;eor
Offenbach;20151229;   3;    3.1;   6.6;   7.2; 1013.82;   86.54;   1.4;    8.8;   -2.1;   -5.1;   5.0;   0.0;   0;    5.933;   0;eor
Offenbach;20151230;   3;    5.0;   7.0;   8.0; 1013.50;   79.96;   2.7;    6.1;    3.2;    1.1;   8.8;   0.0;   4;    0.000;   0;eor
Offenbach;20151231;   3;    3.9;   7.5;   7.7; 1009.03;   91.71;   1.7;    5.5;    2.3;   -1.4;   7.8;   1.4;   4;    0.000;   0;eor
Offenbach;20160101;   3;    5.2;   8.1;   7.9; 1010.72;   91.63;   1.7;    6.3;    3.7;    2.6;   7.1;   0.0;   4;    0.000;   0;eor
Offenbach;20160102;   3;    2.4;   6.4;   7.8; 1000.55;   88.17;   2.3;    3.7;    1.4;    1.2;   8.3;  10.4;   4;    0.000;   0;eor
Offenbach;20160103;   3;    2.8;   6.8;   7.8;  992.38;   90.88;   3.4;    4.5;    1.9;    1.2;   9.1;   3.5;   4;    0.000;   0;eor
Offenbach;20160104;   3;    3.4;   7.4;   7.7;  978.25;   94.21;   2.3;    6.4;    0.5;    0.0;   8.0;   5.0;   4;    0.000;   0;eor
Offenbach;20160105;   3;    5.3;   8.2;   7.8;  981.01;   92.04;   2.1;    6.7;    4.2;    2.9;   5.8;   3.2;   4;    0.000;   0;eor
Offenbach;20160106;   3;    5.3;   8.1;   7.9;  985.51;   91.38;   1.4;    6.5;    3.9;    2.9;   5.4;   0.0;   4;    0.000;   0;eor
Offenbach;20160107;   3;    5.2;   7.8;   7.8;  983.66;   88.50;   2.9;    7.0;    4.1;    2.4;  15.0;   5.9;   4;    0.983;   0;eor
Offenbach;20160108;   3;    3.5;   6.4;   3.9;  990.75;   82.04;   2.7;    7.7;   -1.8;   -4.5;   9.5;   0.0;   0;    6.433;   0;eor
Offenbach;20160109;   3;    0.8;   6.1;   7.3;  989.42;   92.92;   0.9;    4.6;   -2.8;   -4.8;   4.9;   3.0;   4;    0.000;   0;eor
Offenbach;20160110;   3;    5.7;   8.2;   7.0;  982.34;   89.08;   2.8;    8.1;    2.0;   -0.3;  11.9;   5.0;   4;    1.933;   0;eor
Offenbach;20160111;   3;    5.1;   8.0;   7.8;  977.17;   91.33;   3.0;    6.4;    3.2;    0.5;  11.7;   7.2;   4;    0.000;   0;eor
Offenbach;20160112;   3;    5.3;   7.7;   7.5;  983.32;   86.17;   4.0;    6.8;    3.9;    1.7;  11.7;   2.8;   4;    0.067;   0;eor
Offenbach;20160113;   3;    4.6;   7.1;   7.3;  996.47;   83.58;   4.6;    6.2;    0.6;   -1.9;  14.3;   1.4;   4;    0.050;   0;eor
Offenbach;20160114;   3;    2.5;   6.1;   7.3;  995.59;   84.83;   2.9;    6.9;   -0.9;   -3.5;  11.9;   2.8;   4;    1.117;   0;eor
Offenbach;20160115;   3;    2.1;   6.1;   7.5;  993.98;   86.21;   3.9;    3.2;    0.7;    0.0;  14.3;   3.3;   4;    0.000;   0;eor
Offenbach;20160116;   3;    1.6;   5.5;   6.9; 1005.40;   80.54;   2.9;    3.7;   -0.5;   -2.5;  12.0;   3.0;   4;    0.867;   0;eor
Offenbach;20160117;   3;   -0.4;   4.6;   7.1; 1008.84;   78.33;   2.2;    1.7;   -4.9;  -11.9;   8.6;   0.2;   4;    1.217;   3;eor
Offenbach;20160118;   3;   -5.0;   3.5;   2.8; 1006.90;   83.92;   1.7;   -0.8;   -7.7;  -14.0;   6.4;   0.0;   0;    7.183;   1;eor
Offenbach;20160119;   3;   -6.0;   3.2;   7.6; 1002.90;   82.75;   1.5;   -5.3;   -7.7;  -13.6;   4.9;   0.0;   0;    0.000;   2;eor
Offenbach;20160120;   3;   -3.2;   4.0;   7.9; 1004.92;   81.75;   2.0;   -0.8;   -6.4;   -6.5;   5.9;   0.0;   4;    0.567;   2;eor
Offenbach;20160121;   3;   -1.4;   4.7;   5.1; 1012.19;   85.58;   1.3;    2.4;   -6.2;  -11.3;   4.6;   0.0;   0;    2.767;   1;eor
Offenbach;20160122;   3;   -4.5;   3.7;   3.3; 1014.83;   83.96;   2.5;   -1.8;   -7.7;  -12.1;   7.6;   2.9;   4;    6.783;   1;eor
Offenbach;20160123;   3;    3.0;   7.1;   8.0; 1017.55;   92.00;   2.5;    6.1;   -1.8;   -1.3;   7.4;   0.0;   0;    0.017;   1;eor
Offenbach;20160124;   3;    3.7;   7.6;   7.9; 1018.62;   94.79;   1.7;    5.7;    1.7;   -0.9;   6.3;   1.5;   4;    0.000;   0;eor
Offenbach;20160125;   3;    6.6;   9.0;   7.3; 1014.33;   91.88;   1.1;   12.3;    1.3;   -1.0;   5.2;   0.0;   4;    3.850;   0;eor
Offenbach;20160126;   3;    7.2;   8.6;   7.0; 1011.02;   84.71;   2.6;   11.5;    1.9;   -0.4;  12.0;   0.0;   4;    3.533;   0;eor
Offenbach;20160127;   3;   11.3;   8.4;   7.9; 1005.39;   63.54;   5.3;   13.0;    9.2;    7.5;  16.7;   0.1;   4;    1.517;   0;eor
Offenbach;20160128;   3;    8.2;   7.9;   7.9; 1008.88;   72.21;   3.1;   12.2;    1.5;   -2.1;  13.0;   0.7;   4;    2.950;   0;eor
Offenbach;20160129;   3;    5.5;   6.7;   3.8; 1013.06;   75.33;   4.3;    9.3;   -0.1;   -3.1;  13.5;   0.0;   0;    7.617;   0;eor
Offenbach;20160130;   3;    7.0;   7.8;   7.6; 1001.15;   77.58;   5.7;    8.7;    3.3;    1.0;  15.5;   9.5;   4;    0.000;   0;eor
Offenbach;20160131;   3;    5.7;   7.9;   8.0;  997.97;   84.54;   3.8;   11.2;    3.0;    1.1;   9.2;   2.9;   4;    0.000;   0;eor
Offenbach;20160201;   3;   12.0;  10.6;   7.8; 1004.31;   74.92;   5.8;   13.3;   10.9;    9.7;  17.0;   0.0;   4;    0.000;   0;eor
Offenbach;20160202;   3;   10.0;   9.8;   7.8; 1002.86;   79.38;   6.6;   11.4;    6.2;    4.9;  16.5;   8.9;   4;    0.000;   0;eor
Offenbach;20160203;   3;    5.2;   6.5;   7.1; 1004.51;   73.79;   3.5;    8.2;    3.0;    0.6;  13.9;   0.2;   4;    2.300;   0;eor
Offenbach;20160204;   3;    4.0;   6.9;   7.8; 1008.74;   84.17;   3.6;    6.2;    2.5;    0.7;  12.1;   4.5;   4;    0.000;   0;eor
Offenbach;20160205;   3;    6.3;   8.3;   8.0; 1011.02;   87.50;   2.0;    9.8;    1.8;   -1.2;   9.6;   0.0;   4;    0.017;   0;eor
Offenbach;20160206;   3;    8.0;   7.9;   7.0; 1000.22;   75.63;   2.7;   13.9;    2.7;    0.4;  10.4;   0.0;   0;    5.500;   0;eor
Offenbach;20160207;   3;    6.5;   7.8;   7.9;  990.77;   80.71;   3.4;   11.3;    1.5;   -0.8;  12.3;   0.4;   4;    0.000;   0;eor
Offenbach;20160208;   3;    7.4;   7.6;   7.0;  986.61;   73.83;   6.3;    9.8;    5.3;    3.6;  19.3;  11.9;   4;    0.000;   0;eor
Offenbach;20160209;   3;    7.3;   8.1;   7.8;  979.70;   79.13;   5.9;   10.6;    4.4;    2.8;  19.0;  17.2;   4;    0.000;   0;eor
Offenbach;20160210;   3;    3.8;   6.6;   7.3;  982.22;   82.00;   4.4;    4.8;    2.2;   -0.6;  13.0;   3.4;   4;    0.017;   0;eor
Offenbach;20160211;   3;    4.3;   6.8;   7.7;  991.25;   82.25;   3.0;    7.6;    1.2;   -1.1;   9.2;   0.0;   0;    1.633;   0;eor
Offenbach;20160212;   3;    3.0;   6.0;   7.7;  986.55;   79.46;   1.8;    7.2;   -1.1;   -4.3;   7.5;   0.0;   0;    1.417;   0;eor
Offenbach;20160213;   3;    1.4;   6.3;   6.4;  976.40;   91.50;   1.8;    5.8;   -3.0;   -6.2;   8.1;  11.0;   4;    0.000;   0;eor
Offenbach;20160214;   3;    6.5;   8.0;   7.8;  974.83;   82.42;   3.1;    8.2;    4.3;    2.8;  11.4;   0.3;   4;    0.350;   0;eor
Offenbach;20160215;   3;    3.3;   6.4;   7.9;  998.13;   82.08;   2.5;    4.6;    1.2;    0.8;   9.7;   0.1;   4;    0.000;   0;eor
Offenbach;20160216;   3;    0.4;   4.4;   7.2; 1018.90;   69.71;   2.8;    2.3;   -0.7;   -3.2;   8.0;   0.0;   0;    0.933;   0;eor
Offenbach;20160217;   3;    1.8;   5.1;   6.1; 1006.87;   73.08;   2.1;    4.7;   -1.6;   -3.8;   6.4;   0.0;   4;    3.867;   0;eor
Offenbach;20160218;   3;    2.6;   5.2;   7.8; 1001.66;   73.00;   1.8;    6.7;   -2.0;   -4.0;   9.8;   0.0;   4;    6.217;   0;eor
Offenbach;20160219;   3;    0.6;   5.6;   6.5; 1005.99;   88.00;   0.9;    3.9;   -2.2;   -5.0;   6.3;   0.6;   4;    0.000;   0;eor
Offenbach;20160220;   3;    4.5;   7.6;   7.4; 1001.63;   88.96;   5.0;    9.4;    0.7;   -3.2;  13.4;  20.4;   4;    0.000;   1;eor
Offenbach;20160221;   3;   11.4;  11.3;   7.5;  999.20;   83.63;   6.5;   13.0;    9.3;    8.4;  19.9;   1.9;   4;    0.000;   0;eor
Offenbach;20160222;   3;   10.4;   8.7;   7.9;  995.23;   69.17;   6.3;   12.3;    3.8;    3.6;  16.9;   9.5;   4;    0.000;   0;eor
Offenbach;20160223;   3;    2.6;   6.6;   7.2;  998.92;   90.04;   1.7;    5.0;    0.3;   -1.4;   9.2;   4.7;   4;    0.200;   0;eor
Offenbach;20160224;   3;    2.6;   5.8;   7.1; 1002.87;   79.83;   1.7;    7.1;   -1.3;   -3.0;   6.3;   0.0;   4;    2.733;   0;eor
Offenbach;20160225;   3;    1.2;   4.9;   5.4;  999.24;   76.38;   1.1;    6.0;   -3.1;   -5.5;   7.4;   0.0;   0;    6.067;   0;eor
Offenbach;20160226;   3;    1.8;   4.8;   7.8;  998.67;   69.88;   1.2;    5.4;   -1.9;   -3.5;   5.8;   0.0;   0;    4.283;   0;eor
Offenbach;20160227;   3;    2.5;   4.7;   3.8;  993.86;   64.92;   2.8;    8.3;   -1.7;   -5.2;   8.0;   0.0;   0;    9.850;   0;eor
Offenbach;20160228;   3;    2.1;   4.9;   7.9;  998.93;   69.50;   3.5;    5.7;   -1.7;   -5.3;  10.7;   0.0;   0;    0.300;   0;eor
Offenbach;20160229;   3;    3.0;   4.8;   8.0; 1003.32;   63.13;   4.4;    5.3;    1.6;   -0.4;  13.7;   0.0;   0;    0.000;   0;eor
Offenbach;20160301;   3;    2.9;   4.8;   6.9; 1004.28;   64.96;   3.3;    7.2;   -1.5;   -4.6;  10.8;   2.0;   4;    7.150;   0;eor
Offenbach;20160302;   3;    5.1;   7.6;   7.0;  988.79;   86.08;   3.7;    7.6;    2.5;    1.0;  12.5;   2.7;   4;    0.133;   0;eor
Offenbach;20160303;   3;    3.2;   6.3;   6.4;  988.45;   82.38;   2.5;    5.0;   -0.5;   -3.7;  10.2;   0.0;   4;    1.383;   0;eor
Offenbach;20160304;   3;    2.6;   6.3;   7.5;  986.17;   85.88;   2.8;    7.6;   -2.9;   -6.1;  12.1;   5.6;   4;    1.283;   0;eor
Offenbach;20160305;   3;    5.3;   7.8;   7.8;  981.20;   87.33;   2.0;    7.5;    0.6;   -2.1;   8.2;   0.5;   4;    0.117;   0;eor
Offenbach;20160306;   3;    2.5;   6.6;   7.9;  985.92;   89.29;   3.0;    5.6;   -0.5;   -2.7;  10.5;   2.8;   4;    0.533;   0;eor
Offenbach;20160307;   3;    2.7;   6.3;   7.8;  990.48;   85.29;   1.9;    5.8;   -1.0;   -3.4;   6.6;   1.1;   4;    2.050;   0;eor
Offenbach;20160308;   3;    0.4;   5.5;   4.4; 1000.61;   88.67;   1.3;    6.5;   -3.1;   -5.7;   4.9;   0.0;   0;    1.867;   0;eor
Offenbach;20160309;   3;    1.7;   5.2;   5.7;  996.62;   76.67;   2.5;    7.5;   -3.4;   -6.7;  10.6;   0.0;   0;    9.633;   0;eor
Offenbach;20160310;   3;    3.4;   5.8;   3.4; 1002.88;   75.38;   1.5;    9.7;   -2.8;   -6.2;   6.1;   0.0;   0;    8.483;   0;eor
Offenbach;20160311;   3;    4.8;   5.9;   5.9; 1011.20;   70.83;   2.3;    9.9;   -1.1;   -4.5;   9.2;   0.0;   0;    2.417;   0;eor
Offenbach;20160312;   3;    4.5;   5.5;   6.0; 1014.53;   65.54;   3.2;    7.0;    1.6;   -3.1;   8.5;   0.0;   0;    2.550;   0;eor
Offenbach;20160313;   3;    4.3;   5.9;   5.1; 1016.99;   71.50;   3.7;    8.7;   -0.3;   -3.9;  10.6;   0.0;   0;    2.600;   0;eor
Offenbach;20160314;   3;    4.0;   4.8;   4.8; 1016.23;   61.58;   2.9;   10.4;   -2.2;   -6.2;  10.0;   0.0;   0;   10.917;   0;eor
Offenbach;20160315;   3;    4.1;   5.7;   7.9; 1010.93;   69.46;   2.6;    8.1;   -1.1;   -4.5;   9.9;   0.3;   4;    0.250;   0;eor
Offenbach;20160316;   3;    5.5;   5.1;   5.3; 1011.84;   57.04;   4.3;    9.3;    2.1;   -2.7;  12.1;   0.0;   0;    3.433;   0;eor
Offenbach;20160317;   3;    5.4;   5.5;   0.0; 1011.61;   63.38;   1.9;   13.0;   -1.8;   -6.1;   7.1;   0.0;   0;   11.083;   0;eor
Offenbach;20160318;   3;    6.2;   5.7;   1.7; 1006.01;   64.79;   1.2;   15.9;   -2.6;   -5.7;   8.9;   0.0;   0;   10.933;   0;eor
Offenbach;20160319;   3;    5.6;   6.4;   8.0; 1006.50;   70.50;   1.7;    7.4;    4.1;    3.8;   7.0;   0.0;   4;    0.000;   0;eor
Offenbach;20160320;   3;    5.7;   6.4;   8.0; 1004.93;   69.79;   1.6;    7.2;    4.4;    3.9;   5.2;   0.0;   4;    0.000;   0;eor
Offenbach;20160321;   3;    7.6;   6.9;   7.9; 1003.43;   66.75;   2.4;   11.0;    5.0;    4.3;   9.5;   0.0;   0;    1.683;   0;eor
Offenbach;20160322;   3;    7.6;   7.0;   7.2;  999.20;   67.38;   1.9;   11.3;    3.6;   -0.7;   9.1;   0.1;   4;    3.600;   0;eor
Offenbach;20160323;   3;    7.8;   7.4;   7.7;  996.28;   71.08;   1.9;   10.9;    5.0;    2.6;   8.5;   0.0;   4;    0.333;   0;eor
Offenbach;20160324;   3;    8.2;   6.9;   7.4; 1000.12;   63.79;   2.0;   10.9;    6.0;    4.3;   7.3;   0.0;   4;    2.967;   0;eor
Offenbach;20160325;   3;    6.7;   8.4;   7.7;  999.87;   85.63;   2.8;    7.5;    4.9;    2.9;   8.6;   6.5;   4;    0.000;   0;eor
Offenbach;20160326;   3;    9.4;   8.5;   7.2; 1003.17;   73.75;   2.2;   14.7;    5.4;    2.3;   8.6;   0.0;   0;    7.467;   0;eor
Offenbach;20160327;   3;    8.8;   7.9;   6.6;  996.99;   70.29;   3.5;   12.8;    4.3;    0.2;  11.1;   1.0;   4;    1.350;   0;eor
Offenbach;20160328;   3;    7.7;   7.9;   7.0;  990.92;   75.67;   4.0;   13.4;    1.7;   -1.5;  14.9;  12.1;   4;    0.567;   0;eor
Offenbach;20160329;   3;    9.1;   7.6;   6.8;  995.31;   67.21;   5.1;   13.4;    5.2;    2.8;  16.1;   0.0;   4;    5.217;   0;eor
Offenbach;20160330;   3;    9.5;   9.8;   7.9;  997.04;   82.58;   2.2;   11.6;    7.7;    5.5;   8.5;   4.5;   4;    0.017;   0;eor
Offenbach;20160331;   3;    7.7;   9.4;   7.7;  995.71;   89.25;   2.8;    9.7;    3.7;    3.7;  10.1;  20.1;   4;    0.000;   0;eor
Offenbach;20160401;   3;    6.9;   7.3;   7.5; 1004.04;   75.33;   2.6;   12.8;    2.4;   -0.1;   9.5;   0.0;   4;    4.017;   0;eor
Offenbach;20160402;   3;    8.9;   8.4;   6.2; 1002.90;   74.50;   1.3;   16.3;    0.3;   -1.8;   6.5;   0.0;   4;    5.750;   0;eor
Offenbach;20160403;   3;   14.0;  11.3;   7.9;  997.60;   71.38;   1.4;   19.6;    8.6;    6.8;   8.2;   0.9;   4;    4.817;   0;eor
Offenbach;20160404;   3;   14.3;  12.1;   7.8;  994.06;   76.13;   2.6;   18.2;   10.5;    8.4;  10.7;   4.2;   4;    1.833;   0;eor
Offenbach;20160405;   3;   11.9;  12.6;   7.8;  993.95;   90.96;   2.2;   16.4;    8.8;    7.3;  11.6;   5.8;   4;    0.183;   0;eor
Offenbach;20160406;   3;   12.2;   9.2;   6.0;  997.31;   67.38;   4.0;   16.2;    7.8;    5.9;  12.2;   0.2;   4;    7.533;   0;eor
Offenbach;20160407;   3;    9.4;   7.1;   6.1;  996.67;   61.63;   3.5;   13.2;    2.5;   -1.1;  12.0;   0.1;   4;    5.517;   0;eor
Offenbach;20160408;   3;    7.3;   6.4;   3.7;  997.66;   66.04;   1.1;   13.5;    0.1;   -2.3;   5.6;   0.0;   0;    6.517;   0;eor
Offenbach;20160409;   3;    8.3;   7.1;   6.5;  994.90;   67.29;   1.6;   14.5;   -0.3;   -2.3;   6.6;   0.0;   4;    6.550;   0;eor
Offenbach;20160410;   3;   11.7;   8.4;   7.1;  997.12;   63.13;   1.6;   16.9;    6.1;    1.9;   6.8;   0.0;   0;    6.683;   0;eor
Offenbach;20160411;   3;   10.8;   8.0;   2.3;  998.14;   63.92;   1.9;   18.4;    3.7;   -0.3;   7.4;   0.0;   4;   12.450;   0;eor
Offenbach;20160412;   3;   10.0;  10.1;   7.0;  996.48;   83.25;   1.4;   17.6;    4.7;    1.9;  11.6;   9.0;   4;    3.700;   0;eor
Offenbach;20160413;   3;    8.9;  10.0;   7.3;  994.30;   87.92;   1.1;   12.4;    4.6;    2.1;   5.5;   2.1;   4;    0.100;   0;eor
Offenbach;20160414;   3;   11.3;   8.4;   6.5;  997.54;   66.21;   1.4;   17.7;    6.2;    3.8;   6.9;   0.2;   4;    8.900;   0;eor
Offenbach;20160415;   3;   12.3;   9.9;   7.7;  991.60;   70.71;   3.5;   17.5;    7.5;    6.4;  14.2;   4.9;   4;    4.783;   0;eor
Offenbach;20160416;   3;   11.9;  10.7;   7.6;  989.68;   77.46;   3.7;   15.3;    8.8;    8.6;  10.2;  12.2;   4;    2.300;   0;eor
Offenbach;20160417;   3;    8.7;   7.5;   7.6;  996.73;   67.58;   1.7;   12.7;    4.0;    0.1;   7.2;   0.1;   4;    2.617;   0;eor
Offenbach;20160418;   3;    8.2;   6.4;   4.1; 1006.36;   62.04;   1.7;   14.5;    2.7;   -0.7;   7.4;   0.0;   0;    7.100;   0;eor
Offenbach;20160419;   3;    8.2;   6.9;   3.7; 1011.28;   65.71;   1.9;   14.4;    2.4;   -1.5;   7.9;   0.0;   0;    3.267;   0;eor
Offenbach;20160420;   3;    8.6;   6.5;   1.4; 1014.43;   61.46;   1.9;   15.5;    0.9;   -2.2;   8.2;   0.0;   0;   13.067;   0;eor
Offenbach;20160421;   3;   11.5;   7.3;   2.1; 1008.35;   58.08;   1.3;   20.5;    1.6;   -1.7;   5.7;   0.0;   0;   13.083;   0;eor
Offenbach;20160422;   3;   12.1;   8.0;   7.9; 1002.28;   56.79;   2.3;   16.5;    8.4;    6.9;   7.3;   1.3;   4;    3.200;   0;eor
Offenbach;20160423;   3;    6.9;   7.1;   6.9;  997.70;   71.46;   2.7;   10.8;    3.2;   -0.4;   9.1;   3.1;   4;    1.150;   0;eor
Offenbach;20160424;   3;    4.2;   5.7;   5.8;  999.01;   71.00;   2.8;    9.9;   -1.4;   -3.3;  12.5;   0.2;   4;    6.967;   0;eor
Offenbach;20160425;   3;    4.6;   6.6;   7.7;  995.15;   78.33;   3.7;    8.5;    0.5;   -2.2;  13.1;  17.5;   4;    1.933;   0;eor
Offenbach;20160426;   3;    5.1;   5.9;   5.9;  988.13;   69.13;   4.1;   10.3;    1.8;   -0.4;  16.0;   0.0;   4;    6.300;   0;eor
Offenbach;20160427;   3;    4.5;   6.2;   7.1;  993.93;   74.08;   4.9;    8.0;    1.7;   -0.2;  15.9;   0.9;   4;    1.000;   0;eor
Offenbach;20160428;   3;    5.8;   5.8;   4.2; 1000.81;   66.29;   2.6;   12.5;    0.1;   -2.6;  10.8;   0.0;   4;    7.950;   0;eor
Offenbach;20160429;   3;    7.0;   6.1;   6.8; 1003.00;   65.08;   1.8;   13.9;   -1.1;   -3.4;   9.9;   0.0;   0;    5.333;   0;eor
Offenbach;20160430;   3;    9.7;   7.3;   7.9; 1002.10;   64.75;   2.0;   17.0;    0.9;   -2.0;  12.5;   0.0;   4;    7.417;   0;eor
Offenbach;20160501;   3;   12.1;   8.3;   5.0; 1006.04;   61.21;   4.5;   18.9;    7.0;    2.8;  13.8;   0.0;   0;   11.983;   0;eor
Offenbach;20160502;   3;   13.4;   8.7;   1.9; 1007.73;   60.42;   1.8;   20.7;    6.0;    3.0;   7.4;   0.0;   0;   13.500;   0;eor
Offenbach;20160503;   3;    9.7;   8.9;   6.5; 1006.85;   75.17;   1.6;   15.1;    3.7;   -0.3;  10.0;   1.3;   4;    3.050;-999;eor
Offenbach;20160504;   3;    8.9;   6.2;   1.4; 1013.54;   59.13;   1.6;   16.0;    0.7;   -2.2;   7.3;   0.0;   0;   13.983;-999;eor
Offenbach;20160505;   3;   11.8;   8.1;   0.8; 1009.23;   61.29;   2.1;   20.4;    0.7;   -2.0;  10.5;   0.0;   0;   13.933;-999;eor
Offenbach;20160506;   3;   15.5;  10.0;   3.1; 1001.27;   62.13;   1.8;   24.5;    5.6;    1.9;   7.5;   0.0;   0;   14.033;-999;eor
Offenbach;20160507;   3;   17.4;   9.6;   0.4;  997.46;   54.54;   1.9;   26.0;    7.0;    3.4;   8.7;   0.0;   0;   12.433;-999;eor
Offenbach;20160508;   3;   18.2;   9.2;   0.0;  998.15;   47.33;   2.6;   25.1;    8.2;    4.0;  12.7;   0.0;   0;   14.150;-999;eor
Offenbach;20160509;   3;   19.0;  10.6;   4.2;  998.67;   50.13;   2.7;   25.8;   10.1;    6.0;  10.6;   0.0;   0;   12.683;-999;eor
Offenbach;20160510;   3;   17.7;  12.7;   8.0;  995.95;   64.21;   1.7;   23.6;   12.2;    9.1;   9.5;   0.1;   4;    4.800;-999;eor
Offenbach;20160511;   3;   17.5;  12.9;   6.4;  990.67;   67.38;   2.3;   24.1;    9.7;    6.5;   9.7;   0.0;   4;    8.933;-999;eor
Offenbach;20160512;   1;   16.3;  13.4;   8.0;  984.96;   72.63;   1.6;   20.4;   11.3;    8.0;   8.4;   1.5;   4;    0.533;-999;eor
Offenbach;20160513;   1;   14.5;  13.5;   7.3;  986.88;   83.46;   1.5;   22.4;    9.3;    6.5;  11.3;  10.5;   4;    3.450;-999;eor
Offenbach;20160514;   1;   10.4;   8.1;   7.3;  996.20;   65.75;   3.0;   14.5;    6.9;    4.4;  11.0;   0.0;   4;    4.317;-999;eor
Offenbach;20160515;   1;    8.8;   7.0;   6.6; 1004.41;   62.25;   3.4;   13.4;    5.4;    2.5;  12.6;   0.5;   4;    3.000;-999;eor
Offenbach;20160516;   1;    9.5;   6.9;   7.8; 1005.10;   60.25;   2.0;   14.1;    6.0;    3.5;  10.4;   0.0;   4;    1.917;-999;eor
Offenbach;20160517;   1;   11.4;   8.1;   7.8; 1003.86;   61.88;   2.0;   16.5;    5.7;    3.7;   9.0;   0.0;   0;    2.067;-999;eor
Offenbach;20160518;   1;   14.6;  10.0;   8.0;  997.09;   62.58;   1.6;   20.0;    9.0;    8.3;   8.3;   0.8;   4;    1.617;-999;eor
Offenbach;20160519;   1;   14.0;  11.0;   6.5;  997.35;   70.79;   2.2;   19.6;   10.1;    6.5;   7.7;   0.0;   4;    2.717;-999;eor
Offenbach;20160520;   1;   14.7;  11.3;   7.7; 1004.93;   68.54;   2.5;   20.5;    7.4;    4.2;   8.3;   0.0;   4;    6.550;-999;eor
Offenbach;20160521;   1;   17.2;  12.8;   7.8; 1002.81;   67.71;   1.6;   23.8;   10.1;    7.7;   7.4;   0.0;   0;    9.350;-999;eor
Offenbach;20160522;   1;   18.8;  13.2;   7.9;  995.65;   64.83;   2.6;   27.5;   10.8;    8.0;  11.7;   5.2;   4;    9.567;-999;eor
Offenbach;20160523;   1;   13.8;  13.2;   7.8;  997.24;   83.71;   2.8;   16.8;   12.3;   11.8;   8.4;   0.7;   4;    0.117;-999;eor
Offenbach;20160524;   1;   11.8;  11.7;   7.9; 1000.17;   84.79;   1.9;   12.7;    9.6;    8.8;   6.9;   7.4;   4;    0.000;-999;eor
Offenbach;20160525;   1;   12.1;  12.1;   7.3; 1001.20;   85.83;  -999;   15.1;    7.1;    4.8;   3.8;   0.0;   0;    0.150;-999;eor
Offenbach;20160526;   1;   15.3;  12.0;   2.8; 1001.62;   73.46;   1.1;   23.9;    7.4;    4.8;   5.4;  10.1;   4;    9.583;-999;eor
Offenbach;20160527;   1;   17.1;  16.0;   7.6; 1000.58;   83.08;   1.5;   23.5;   13.4;   11.7;   7.8;  11.2;   4;    3.733;-999;eor
Offenbach;20160528;   1;   17.4;  17.0;   7.0;  997.94;   86.50;   1.4;   24.8;   12.2;   10.5;   6.8;   8.9;   4;    5.450;-999;eor
Offenbach;20160529;   1;   17.2;  16.9;   7.2;  991.69;   86.58;   1.2;   22.6;   11.9;   10.3;  13.0;  53.5;   4;    2.300;-999;eor
Offenbach;20160530;   1;   16.6;  16.5;   7.8;  989.21;   87.25;   2.5;   19.7;   13.4;   11.9;   9.5;   0.6;   4;    0.183;-999;eor
Offenbach;20160531;   1;   16.5;  14.3;   7.3;  996.28;   77.21;   1.7;   21.5;   12.2;    9.7;   6.5;   0.0;   4;    2.433;-999;eor
Offenbach;20160601;   1;   14.9;  15.9;   7.9;  998.19;   93.13;   1.9;   17.5;   11.2;    9.1;   7.1;   1.1;   4;    0.000;-999;eor
Offenbach;20160602;   1;   16.9;  17.1;   7.8;  996.12;   89.25;   1.1;   20.6;   14.2;   12.4;   3.9;   1.0;   4;    0.650;-999;eor
Offenbach;20160603;   1;   16.4;  16.9;   7.9;  996.75;   90.88;   1.6;   20.1;   12.8;   12.8;   7.1;   2.2;   4;    0.333;-999;eor
Offenbach;20160604;   1;   18.0;  17.8;   7.7;  997.96;   86.83;   1.2;   23.3;   14.5;   12.9;   7.4;   4.6;   4;    2.967;-999;eor
Offenbach;20160605;   1;   18.8;  17.3;   6.8; 1002.10;   81.83;   1.0;   26.8;   13.1;   11.8;  11.2;   7.1;   4;    5.217;-999;eor
Offenbach;20160606;   1;   19.5;  16.9;   4.1; 1005.08;   76.79;   1.0;   27.9;   11.8;   10.6;  10.1;   0.0;   4;   11.800;-999;eor
Offenbach;20160607;   1;   20.8;  16.0;   4.3; 1006.15;   69.08;   1.6;   29.0;   13.1;   11.2;  11.1;   4.9;   4;   12.717;-999;eor
Offenbach;20160608;   1;   18.4;  17.0;   7.7; 1004.06;   81.63;   1.3;   24.7;   13.5;   11.1;  10.7;   0.5;   4;    3.767;-999;eor
Offenbach;20160609;   1;   16.7;  12.9;   5.0; 1003.00;   69.75;   2.5;   20.8;   11.7;    9.9;   8.9;   0.0;   0;   10.950;-999;eor
Offenbach;20160610;   1;   17.0;  13.2;   5.3;  998.61;   70.21;   0.8;   23.6;    9.6;    8.0;   5.3;   0.0;   0;   10.367;-999;eor
