STATIONS_ID; MESS_DATUM; QUALITAETS_NIVEAU; LUFTTEMPERATUR;DAMPFDRUCK;BEDECKUNGSGRAD;LUFTDRUCK_STATIONSHOEHE;REL_FEUCHTE; WINDGESCHWINDIGKEIT; LUFTTEMPERATUR_MAXIMUM;LUFTTEMPERATUR_MINIMUM;LUFTTEMP_AM_ERDB_MINIMUM; WINDSPITZE_MAXIMUM; NIEDERSCHLAGSHOEHE;NIEDERSCHLAGSHOEHE_IND;SONNENSCHEINDAUER; SCHNEEHOEHE;eor
      Augsburg;20141209;   3;   -0.8;   5.6;   7.7;  969.18;   97.75;   1.6;    0.9;   -2.4;   -2.0;   5.3;   0.0;   0;    0.000;   0;eor
      Augsburg;20141210;   3;    0.6;   5.6;   7.8;  967.37;   87.33;   4.1;    2.7;   -2.4;   -2.0;  11.6;   0.2;   4;    0.000;   0;eor
      Augsburg;20141211;   3;    4.7;   6.8;   7.5;  960.47;   79.42;   7.1;    6.6;    2.2;    1.3;  19.8;   0.0;   4;    0.633;   0;eor
      Augsburg;20141212;   3;    6.5;   6.2;   7.5;  955.94;   65.17;   5.5;    9.4;    2.4;   -1.4;  13.1;   0.0;   0;    3.117;   0;eor
      Augsburg;20141213;   3;    5.5;   6.6;   7.5;  956.66;   73.29;   2.7;    9.9;    1.2;   -2.3;   8.2;   0.5;   4;    1.950;   0;eor
      Augsburg;20141214;   3;    7.1;   8.0;   7.5;  960.54;   79.71;   2.5;   11.2;    4.2;    2.8;   5.0;   0.9;   4;    0.283;   0;eor
      Augsburg;20141215;   3;    7.5;   9.4;   7.5;  960.68;   90.21;   2.4;    9.4;    5.5;    4.3;   7.2;   2.1;   4;    0.000;   0;eor
      Augsburg;20141216;   3;    5.9;   8.7;   7.5;  957.58;   93.79;   1.7;    7.5;    3.3;    3.0;   9.1;   2.1;   4;    0.000;   0;eor
      Augsburg;20141217;   3;    4.0;   7.3;   7.4;  956.91;   89.88;   4.7;    5.6;    2.4;    1.0;  14.1;   4.8;   4;    0.000;   0;eor
      Augsburg;20141218;   3;    8.1;   9.9;   7.4;  961.08;   91.29;   6.1;   11.2;    5.3;    4.8;  12.4;   0.6;   4;    0.317;   0;eor
      Augsburg;20141219;   3;   10.1;   9.7;   7.1;  962.77;   78.75;   7.5;   12.2;    7.6;    6.5;  16.2;   3.9;   4;    3.683;   0;eor
      Augsburg;20141220;   3;    4.7;   6.8;   5.5;  967.47;   78.96;   6.4;    7.9;    1.8;   -1.1;  16.2;   3.4;   4;    4.383;   0;eor
      Augsburg;20141221;   3;    3.8;   6.5;   7.0;  974.19;   81.17;   5.1;    5.9;    1.3;   -0.3;  14.0;   0.0;   0;    4.350;   0;eor
      Augsburg;20141222;   3;    5.3;   6.4;   7.9;  969.65;   71.92;   5.7;    8.2;    1.6;    0.0;  12.3;   0.0;   0;    4.383;   0;eor
      Augsburg;20141223;   3;    4.9;   5.3;   4.4;  967.13;   63.17;   3.0;   10.5;   -2.8;   -6.0;  11.0;   0.0;   0;    6.467;   0;eor
      Augsburg;20141224;   3;    3.8;   5.9;   2.6;  965.69;   72.92;   4.9;    8.3;   -3.5;   -6.5;  13.9;   0.1;   4;    6.300;   0;eor
      Augsburg;20141225;   3;    4.2;   6.5;   7.0;  967.69;   77.71;   5.4;    7.2;    0.4;   -2.7;  13.5;   4.1;   4;    0.000;   0;eor
      Augsburg;20141226;   3;    0.3;   5.8;   6.7;  969.97;   93.50;   2.9;    2.4;   -2.4;   -7.3;   9.0;   2.2;   4;    2.317;   1;eor
      Augsburg;20141227;   3;   -1.0;   5.3;   7.0;  949.36;   92.75;   3.5;    1.9;   -5.5;  -10.5;   9.6;   3.8;   4;    0.000;   2;eor
      Augsburg;20141228;   3;   -5.7;   3.8;   5.7;  957.29;   90.04;   4.1;    1.1;  -17.6;  -11.1;  12.0;   0.7;   4;    0.000;   4;eor
      Augsburg;20141229;   3;   -8.2;   3.1;   6.8;  972.83;   89.83;   2.9;   -3.7;  -18.4;  -11.3;  11.7;   1.8;   4;    0.000;  12;eor
      Augsburg;20141230;   3;   -2.6;   4.8;   7.7;  975.47;   95.17;   2.8;   -0.3;   -5.1;   -0.8;   6.9;   6.9;   4;    0.000;  15;eor
      Augsburg;20141231;   3;   -0.9;   5.4;   7.3;  976.74;   93.88;   1.9;    0.2;   -2.5;   -0.2;   4.4;   0.0;   4;    0.000;  26;eor
      Augsburg;20150101;   3;   -3.3;   4.7;   7.1;  978.42;   97.42;   1.7;   -0.5;   -9.8;   -0.5;   4.9;   0.0;   0;    0.000;  22;eor
      Augsburg;20150102;   3;   -1.0;   5.3;   7.4;  974.88;   90.21;   4.2;    3.3;  -10.2;   -0.9;  12.5;   4.6;   4;    1.183;  18;eor
      Augsburg;20150103;   3;    1.3;   6.5;   7.5;  968.41;   96.75;   3.4;    6.6;   -2.7;    0.0;  16.0;  23.9;   4;    0.000;   9;eor
      Augsburg;20150104;   3;    1.3;   5.7;   7.5;  973.00;   85.50;   5.4;    1.8;    0.8;    0.0;  11.2;   0.0;   4;    0.017;   0;eor
      Augsburg;20150105;   3;    0.5;   5.0;   5.2;  975.22;   79.08;   3.1;    3.9;   -2.5;   -7.5;   9.8;   0.0;   0;    5.333;   0;eor
      Augsburg;20150106;   3;   -1.1;   4.8;   5.1;  968.56;   85.58;   1.3;    4.6;   -4.9;   -8.3;   3.3;   0.1;   4;    6.183;   0;eor
      Augsburg;20150107;   3;   -0.3;   5.6;   6.6;  972.17;   93.71;   2.0;    2.8;   -4.1;   -7.1;   5.9;   0.2;   4;    0.000;   1;eor
      Augsburg;20150108;   3;    4.9;   6.9;   7.7;  971.64;   80.67;   5.2;    8.1;   -1.1;   -1.6;  19.0;   0.1;   4;    0.017;   1;eor
      Augsburg;20150109;   3;    6.8;   8.0;   7.3;  969.22;   80.92;   8.5;    9.8;    2.1;   -0.6;  21.7;   2.6;   4;    0.000;   0;eor
      Augsburg;20150110;   3;   12.5;  10.6;   6.3;  960.82;   73.71;  11.4;   15.3;    9.7;    8.5;  23.0;  10.8;   4;    4.833;   0;eor
      Augsburg;20150111;   3;    3.4;   6.6;   7.0;  963.69;   84.13;   7.2;   11.4;    0.5;   -0.3;  16.6;   2.9;   4;    1.750;   0;eor
      Augsburg;20150112;   3;    3.6;   5.1;   7.5;  967.79;   65.04;   6.5;    6.0;    0.5;   -4.5;  18.9;   0.0;   0;    0.000;   0;eor
      Augsburg;20150113;   3;    6.4;   4.4;   3.1;  960.81;   47.71;   3.8;   13.8;   -2.6;   -6.3;  12.8;   0.0;   4;    7.933;   0;eor
      Augsburg;20150114;   3;    5.8;   6.9;   6.5;  959.85;   76.33;   6.0;   10.2;    0.0;   -2.7;  18.4;   2.7;   4;    0.167;   0;eor
      Augsburg;20150115;   3;    2.9;   6.2;   7.6;  956.60;   83.21;   2.7;    7.5;   -1.0;   -3.9;   7.3;   0.0;   0;    0.317;   0;eor
      Augsburg;20150116;   3;    1.7;   6.0;   6.8;  951.58;   86.79;   1.8;    5.4;   -1.5;   -4.4;   4.6;   4.1;   4;    0.350;   0;eor
      Augsburg;20150117;   3;    1.3;   6.5;   7.5;  957.77;   97.67;  -999;    4.3;    0.2;    0.0;  -999;   7.1;   4;    0.000;   0;eor
      Augsburg;20150118;   3;    0.9;   6.2;   7.2;  960.08;   94.79;  -999;    2.4;    0.2;   -0.1;  -999;   0.0;   4;    0.033;   0;eor
      Augsburg;20150119;   3;   -0.2;   5.3;   7.3;  955.53;   88.88;   2.3;    2.3;   -3.5;   -5.5;  -999;   0.0;   4;    3.883;   0;eor
      Augsburg;20150120;   3;   -0.3;   5.8;   7.2;  954.16;   96.50;  -999;    1.2;   -3.1;   -4.1;  -999;   1.0;   4;    0.000;   1;eor
      Augsburg;20150121;   3;   -0.1;   5.5;   7.6;  954.13;   90.13;   3.6;    0.5;   -0.9;   -0.9;   9.6;   0.0;   0;    0.000;   0;eor
      Augsburg;20150122;   3;    0.0;   5.6;   8.0;  955.50;   92.67;   2.3;    0.5;   -0.4;   -0.4;   5.7;   0.9;   4;    0.000;   0;eor
      Augsburg;20150123;   3;   -0.2;   5.7;   7.8;  963.40;   94.54;   2.7;    0.1;   -0.6;   -0.7;   5.2;   0.0;   4;    0.000;   0;eor
      Augsburg;20150124;   3;   -0.1;   5.4;   7.3;  964.15;   88.88;   2.9;    1.1;   -1.1;   -4.3;   7.3;   1.4;   4;    0.000;   0;eor
      Augsburg;20150125;   3;   -0.2;   5.4;   7.5;  969.83;   89.88;   3.3;    1.1;   -1.2;   -3.0;   7.5;   1.0;   4;    0.017;   3;eor
      Augsburg;20150126;   3;    0.1;   5.3;   7.1;  966.87;   86.33;   3.8;    2.4;   -0.8;   -1.4;   9.4;   2.2;   4;    1.367;   2;eor
      Augsburg;20150127;   3;    0.6;   6.0;   7.2;  963.41;   94.88;   4.9;    1.4;    0.0;   -2.8;  10.2;   2.5;   4;    0.533;   2;eor
      Augsburg;20150128;   3;    0.9;   5.5;   7.5;  957.98;   84.17;   4.9;    2.6;   -1.8;   -6.0;  15.5;   2.8;   4;    0.600;   4;eor
      Augsburg;20150129;   3;    1.5;   6.0;   6.3;  937.90;   88.46;   4.9;    3.1;   -0.7;   -3.5;  11.4;   5.9;   4;    3.683;   2;eor
      Augsburg;20150130;   3;    0.4;   5.4;   7.2;  923.71;   85.08;   5.7;    2.6;   -1.7;   -3.3;  20.4;   1.1;   4;    0.200;   0;eor
      Augsburg;20150131;   3;   -0.2;   5.0;   6.5;  929.53;   83.71;   3.3;    2.4;   -3.1;   -7.3;   9.2;   0.0;   4;    6.400;   3;eor
      Augsburg;20150201;   3;   -0.9;   5.1;   6.0;  936.40;   89.63;   3.4;    1.3;   -4.5;   -7.6;   9.5;   2.3;   4;    0.500;   1;eor
      Augsburg;20150202;   3;   -1.2;   5.1;   6.2;  944.13;   90.83;   4.5;    1.2;   -8.2;  -16.1;  10.1;   0.2;   4;    0.867;   5;eor
      Augsburg;20150203;   3;   -6.8;   3.3;   5.5;  947.37;   90.54;   1.6;    0.8;  -12.8;  -17.3;  -999;   0.0;   4;    8.367;   4;eor
      Augsburg;20150204;   3;   -7.1;   3.4;   5.6;  953.48;   92.46;  -999;   -2.5;  -12.3;  -14.3;  -999;   0.0;   4;    4.167;   4;eor
      Augsburg;20150205;   3;   -3.0;   4.0;   7.8;  957.20;   82.50;   5.2;   -2.0;   -4.3;   -4.8;  11.5;   0.0;   4;    0.000;   4;eor
      Augsburg;20150206;   3;   -4.0;   3.5;   2.5;  961.65;   76.42;   5.8;   -1.1;   -7.3;  -14.9;  13.9;   0.0;   0;    5.200;   4;eor
      Augsburg;20150207;   3;   -6.1;   3.0;   2.1;  968.35;   78.67;   3.0;   -2.3;   -9.8;  -13.6;   8.9;   0.2;   4;    8.433;   4;eor
      Augsburg;20150208;   3;   -2.3;   3.7;   6.1;  967.33;   72.17;   4.4;    1.1;   -5.3;  -11.8;  13.3;   0.3;   4;    2.767;   4;eor
      Augsburg;20150209;   3;   -1.5;   4.1;   7.6;  971.09;   73.29;   5.9;    0.7;   -5.1;   -8.4;  16.2;   0.0;   4;    0.000;   4;eor
      Augsburg;20150210;   3;    0.4;   5.3;   4.3;  972.20;   84.83;   1.6;    3.5;   -4.3;   -8.0;   4.9;   0.0;   0;    3.600;   3;eor
      Augsburg;20150211;   3;   -0.8;   5.4;   7.7;  969.41;   94.75;   2.5;    0.5;   -4.3;   -7.2;  -999;   0.0;   0;    0.000;   1;eor
      Augsburg;20150212;   3;   -1.8;   5.3;   8.0;  966.84;   98.75;   2.2;   -1.0;   -2.7;   -2.4;   5.1;   0.0;   0;    0.000;   1;eor
      Augsburg;20150213;   3;   -2.0;   5.1;   6.2;  962.99;   96.42;   2.2;    1.4;   -3.6;   -4.7;   4.3;   0.0;   4;    4.700;   1;eor
      Augsburg;20150214;   3;   -2.9;   4.8;   7.9;  956.30;   97.63;   2.7;   -1.0;   -4.8;   -4.4;   5.8;   0.0;   0;    0.033;   0;eor
      Augsburg;20150215;   3;   -1.6;   5.2;   8.0;  956.13;   95.92;   2.3;    0.0;   -3.4;   -3.1;   5.8;   0.0;   0;    0.000;   0;eor
      Augsburg;20150216;   3;   -0.8;   5.6;   8.0;  962.45;   96.63;   1.3;    0.4;   -2.2;   -1.8;   4.1;   0.0;   4;    0.000;   0;eor
      Augsburg;20150217;   3;   -1.9;   5.2;   7.9;  973.06;   98.92;   2.4;   -1.0;   -2.7;   -2.2;   6.5;   0.0;   4;    0.000;   0;eor
      Augsburg;20150218;   3;   -1.5;   5.2;   8.0;  980.97;   96.04;   2.4;   -0.8;   -2.6;   -2.3;   6.2;   0.0;   4;    0.000;   0;eor
      Augsburg;20150219;   3;   -1.7;   4.8;   5.4;  973.75;   90.33;   2.2;    2.7;   -4.4;   -7.5;   4.8;   0.0;   4;    4.283;   0;eor
      Augsburg;20150220;   3;    1.6;   4.4;   0.0;  961.15;   68.50;   2.3;   11.8;   -5.8;   -8.3;   6.2;   0.0;   0;    9.817;   0;eor
      Augsburg;20150221;   3;    1.0;   5.3;   5.5;  946.54;   80.08;   2.1;    6.9;   -4.2;   -7.5;   5.3;   1.8;   4;    0.250;   0;eor
      Augsburg;20150222;   3;    0.7;   6.2;   5.7;  952.52;   95.88;   1.7;    3.0;   -3.2;   -5.7;   4.1;   0.3;   4;    0.000;   1;eor
      Augsburg;20150223;   3;    0.2;   5.9;   6.3;  947.71;   93.79;   3.4;    3.7;   -4.6;   -5.4;   8.7;   3.3;   4;    1.650;   0;eor
      Augsburg;20150224;   3;    2.8;   6.4;   7.7;  953.34;   85.04;   3.0;    5.6;   -0.1;   -3.0;  10.1;   0.0;   4;    0.067;   0;eor
      Augsburg;20150225;   3;    1.3;   5.6;   6.7;  962.51;   85.00;  -999;    6.0;   -3.3;   -6.3;  -999;   0.1;   4;    1.267;   0;eor
      Augsburg;20150226;   3;    0.5;   5.0;   0.2;  962.99;   80.71;   1.8;    7.0;   -4.1;   -7.2;   4.8;   0.0;   0;    9.750;   0;eor
      Augsburg;20150227;   3;   -0.3;   5.3;   4.8;  956.75;   88.88;   2.2;    4.5;   -6.1;   -9.0;   6.1;   4.1;   4;    2.717;   0;eor
      Augsburg;20150228;   3;    1.4;   6.2;   6.2;  963.08;   91.58;   2.3;    3.5;   -1.5;   -4.1;   5.5;   0.0;   4;    0.000;   0;eor
      Augsburg;20150301;   3;    3.9;   7.3;   7.3;  954.72;   88.83;   4.7;    8.2;   -2.1;   -4.3;  13.4;   2.7;   4;    0.350;   0;eor
      Augsburg;20150302;   3;    5.6;   7.5;   7.0;  953.20;   81.38;   6.8;    8.8;    1.3;   -0.5;  16.3;   2.3;   4;    0.550;   0;eor
      Augsburg;20150303;   3;    4.0;   5.4;   4.5;  965.00;   66.46;   5.1;    8.8;   -0.4;   -2.5;  11.7;   1.9;   4;    7.867;   0;eor
      Augsburg;20150304;   3;    3.2;   5.7;   6.6;  968.51;   73.88;   4.0;    6.1;   -1.3;   -4.9;  13.8;   0.2;   4;    3.617;   0;eor
      Augsburg;20150305;   3;    1.6;   5.3;   6.8;  976.12;   77.42;   3.7;    5.3;   -1.5;   -4.4;  10.5;   0.0;   4;    1.550;   0;eor
      Augsburg;20150306;   3;    1.5;   5.3;   6.1;  978.98;   79.54;   1.5;    6.9;   -4.1;   -6.3;   5.9;   0.0;   0;    2.300;   0;eor
      Augsburg;20150307;   3;    2.5;   5.4;   2.8;  975.88;   75.54;   2.2;    9.3;   -4.3;   -6.5;   7.9;   0.0;   0;    9.350;   0;eor
      Augsburg;20150308;   3;    3.6;   6.0;   5.4;  969.78;   77.67;   2.1;   12.9;   -4.4;   -7.0;   7.6;   0.0;   0;    9.600;   0;eor
      Augsburg;20150309;   3;    4.0;   5.9;   5.3;  968.45;   75.46;   1.6;   13.6;   -2.9;   -6.0;   7.4;   0.0;   0;    9.650;   0;eor
      Augsburg;20150310;   3;    5.8;   6.2;   4.9;  969.04;   70.42;   2.0;   14.9;   -4.2;   -7.1;   6.0;   1.0;   4;    8.333;   0;eor
      Augsburg;20150311;   3;    4.6;   6.4;   3.5;  970.23;   75.42;   3.5;    7.9;   -3.9;   -6.6;   9.7;   0.0;   4;    7.750;   0;eor
      Augsburg;20150312;   3;    1.8;   5.2;   5.1;  971.06;   76.58;   1.9;    8.6;   -3.9;   -6.1;   6.5;   0.0;   4;    2.733;   0;eor
      Augsburg;20150313;   3;    1.5;   5.1;   4.3;  965.37;   76.25;   4.4;    6.4;   -2.4;   -5.9;   9.3;   0.0;   0;    3.067;   0;eor
      Augsburg;20150314;   3;    2.7;   6.1;   6.5;  965.55;   82.75;   3.5;    5.9;   -2.2;   -5.3;   8.0;   0.0;   0;    0.433;   0;eor
      Augsburg;20150315;   3;    4.0;   6.3;   5.5;  965.48;   78.42;   4.1;    8.9;    0.6;   -2.4;  10.8;   0.0;   0;    4.917;   0;eor
      Augsburg;20150316;   3;    6.8;   6.1;   6.2;  965.43;   62.63;   2.9;   14.6;    0.3;   -3.1;   8.2;   0.0;   0;    8.100;   0;eor
      Augsburg;20150317;   3;    8.5;   7.0;   7.9;  966.48;   65.83;   2.8;   16.7;    0.0;   -2.5;   8.2;   0.0;   0;    4.333;   0;eor
      Augsburg;20150318;   3;    6.8;   6.9;   4.1;  966.80;   72.92;   1.6;   15.2;   -1.0;   -3.8;   5.0;   0.0;   0;   10.333;   0;eor
      Augsburg;20150319;   3;    5.2;   5.9;   1.5;  967.23;   71.13;   2.0;   14.2;   -3.5;   -6.2;   9.6;   0.0;   0;   11.250;   0;eor
      Augsburg;20150320;   3;    4.3;   5.5;   0.5;  965.46;   69.63;   1.6;   13.5;   -4.0;   -7.1;   6.7;   0.0;   0;   11.000;   0;eor
      Augsburg;20150321;   3;    5.3;   6.2;   5.5;  959.36;   72.00;   3.3;   14.3;   -2.9;   -6.8;  13.2;   2.6;   4;    6.550;   0;eor
      Augsburg;20150322;   3;    4.3;   7.1;   7.5;  962.63;   85.46;   4.0;    6.7;    2.5;    1.6;   9.9;   0.0;   0;    0.017;   0;eor
      Augsburg;20150323;   3;    3.7;   6.9;   6.5;  959.89;   87.21;   2.1;    5.7;   -2.0;   -4.7;   5.6;   0.0;   0;    0.000;   0;eor
      Augsburg;20150324;   3;    6.7;   7.3;   1.7;  952.89;   76.21;   2.3;   15.0;   -2.8;   -5.8;   7.8;   0.0;   0;   10.600;   0;eor
      Augsburg;20150325;   3;    8.9;   7.6;   7.2;  947.54;   70.33;   2.4;   15.4;    0.5;   -3.2;   8.4;   0.0;   0;    6.050;   0;eor
      Augsburg;20150326;   3;    5.8;   7.9;   7.6;  952.70;   85.96;   4.2;    7.4;    4.6;    3.6;   8.4;   0.5;   4;    0.000;   0;eor
      Augsburg;20150327;   3;    6.0;   6.8;   7.1;  961.41;   73.50;   4.6;    9.5;    3.4;    1.5;  12.6;   1.7;   4;    2.117;   0;eor
      Augsburg;20150328;   3;    6.6;   6.2;   3.3;  964.10;   65.13;   3.3;   12.3;   -1.0;   -4.8;  13.2;   0.0;   4;    8.400;   0;eor
      Augsburg;20150329;   3;    9.5;   9.5;   7.2;  953.06;   79.96;   9.1;   12.0;    7.2;    6.6;  20.4;  10.2;   4;    0.167;   0;eor
      Augsburg;20150330;   3;    6.3;   7.9;   7.1;  950.43;   82.46;   7.7;    9.5;    2.2;   -0.4;  20.6;   5.2;   4;    1.133;   0;eor
      Augsburg;20150331;   3;    8.9;   8.6;   6.9;  950.15;   74.42;  11.2;   13.7;    4.0;    2.1;  28.2;   5.3;   4;    1.250;   0;eor
      Augsburg;20150401;   3;    3.3;   5.7;   5.8;  961.26;   75.25;   8.9;    6.8;    0.1;    0.0;  20.8;   0.2;   4;    5.700;   0;eor
      Augsburg;20150402;   3;    3.8;   6.3;   5.7;  959.40;   78.17;   8.5;    6.4;    0.3;   -2.7;  19.2;   6.4;   4;    2.233;   0;eor
      Augsburg;20150403;   3;    4.4;   5.3;   4.5;  963.26;   65.17;   2.5;   10.3;   -2.7;   -5.4;   7.2;   0.9;   4;   10.450;   0;eor
      Augsburg;20150404;   3;    3.5;   6.7;   7.0;  957.41;   85.75;   2.6;    6.4;    0.7;   -0.5;   8.2;   3.3;   4;    0.000;   0;eor
      Augsburg;20150405;   3;    2.3;   4.6;   4.6;  963.62;   66.29;   4.1;    7.1;   -2.5;   -5.4;  10.8;   0.0;   0;    8.283;   0;eor
      Augsburg;20150406;   3;    1.2;   5.0;   5.6;  969.66;   76.00;   2.7;    6.5;   -4.1;   -6.8;  12.3;   0.0;   4;    3.717;   0;eor
      Augsburg;20150407;   3;    2.1;   4.9;   2.2;  977.26;   72.88;   1.4;    9.1;   -5.3;   -8.1;   4.9;   0.0;   0;   11.050;   0;eor
      Augsburg;20150408;   3;    5.6;   6.0;   2.4;  974.90;   68.83;   2.3;   13.6;   -2.9;   -6.0;   8.2;   0.0;   0;   12.033;   0;eor
      Augsburg;20150409;   3;    8.8;   7.6;   4.2;  970.68;   70.79;   2.0;   17.5;    0.0;   -3.6;   8.1;   0.0;   0;   12.300;   0;eor
      Augsburg;20150410;   3;   11.3;   7.9;   7.3;  966.24;   64.00;   2.0;   21.0;    0.8;   -2.4;   6.5;   0.0;   0;   10.900;   0;eor
      Augsburg;20150411;   3;   11.9;   8.6;   7.3;  967.25;   62.96;   4.5;   17.8;    4.9;    1.8;  13.5;   0.3;   4;    3.000;   0;eor
      Augsburg;20150412;   3;   11.4;   9.1;   5.7;  972.55;   70.54;   2.0;   18.8;    4.6;    0.4;   7.9;   0.0;   0;    6.033;   0;eor
      Augsburg;20150413;   3;   10.7;   8.7;   5.9;  972.26;   70.25;   3.8;   17.8;    2.6;   -0.5;  12.5;   0.0;   0;    6.833;   0;eor
      Augsburg;20150414;   3;   11.2;   8.6;   7.5;  971.77;   67.67;   2.8;   18.8;    3.2;    0.4;   9.9;   0.0;   0;    9.933;   0;eor
      Augsburg;20150415;   3;   13.9;   8.0;   6.1;  964.35;   54.50;   2.4;   23.4;    4.6;    0.7;   7.6;   0.0;   0;   12.500;   0;eor
      Augsburg;20150416;   3;   14.4;   9.0;   6.6;  958.77;   56.46;   2.7;   21.1;    6.0;    0.6;   8.5;   0.9;   4;    6.633;   0;eor
      Augsburg;20150417;   3;   11.1;  11.6;   7.3;  957.73;   87.21;   2.8;   16.1;    5.7;    5.0;   9.2;  17.5;   4;    0.533;   0;eor
      Augsburg;20150418;   3;    5.9;   6.1;   3.9;  965.83;   67.63;   2.8;   10.7;    0.8;   -1.6;   7.7;   0.0;   0;    8.683;   0;eor
      Augsburg;20150419;   3;    6.6;   6.0;   0.6;  964.24;   64.17;   4.3;   13.6;    0.5;   -2.6;  10.1;   0.0;   0;   13.167;   0;eor
      Augsburg;20150420;   3;    8.0;   6.8;   1.5;  967.58;   67.67;   1.8;   16.3;   -1.7;   -4.2;   8.2;   0.0;   0;   13.200;   0;eor
      Augsburg;20150421;   3;   10.0;   7.2;   2.3;  971.05;   64.00;   1.5;   19.4;    0.4;   -2.3;   6.0;   0.0;   0;   13.250;   0;eor
      Augsburg;20150422;   3;    9.8;   7.1;   3.1;  966.74;   62.75;   3.3;   18.9;    0.7;   -2.3;  11.7;   0.0;   0;   13.183;   0;eor
      Augsburg;20150423;   3;    4.7;   6.5;   3.2;  962.52;   77.58;   1.7;   11.2;   -1.1;   -4.1;   6.2;   0.3;   4;    5.617;   0;eor
      Augsburg;20150424;   3;    9.0;   6.8;   1.0;  959.56;   64.33;   1.8;   18.6;   -2.3;   -4.5;   6.5;   0.0;   0;   13.067;   0;eor
      Augsburg;20150425;   3;   11.9;  10.2;   7.5;  956.49;   73.50;   3.2;   19.0;    2.9;    0.1;  10.8;   2.6;   4;    4.133;   0;eor
      Augsburg;20150426;   3;   14.6;  11.8;   7.0;  953.43;   72.67;   2.7;   19.6;   10.2;    5.6;   8.7;   0.0;   0;    6.633;   0;eor
      Augsburg;20150427;   3;   14.4;  12.1;   6.5;  946.23;   75.88;   2.8;   21.8;    5.8;    2.1;  12.7;  17.9;   4;   10.617;   0;eor
      Augsburg;20150428;   3;    7.8;   9.3;   6.3;  957.47;   87.54;   5.1;   11.3;    2.1;   -0.1;  12.0;   6.2;   4;    0.583;   0;eor
      Augsburg;20150429;   3;    7.7;   7.6;   6.7;  962.53;   75.04;   2.9;   13.8;   -0.2;   -2.0;  10.6;   0.0;   0;   11.017;   0;eor
      Augsburg;20150430;   3;   10.2;   8.5;   7.0;  959.65;   70.92;   3.3;   15.7;    4.1;    2.9;  14.2;   6.4;   4;    3.850;   0;eor
      Augsburg;20150501;   3;    8.2;  10.4;   7.3;  952.23;   95.50;   2.7;    9.5;    7.2;    6.9;   8.0;  29.1;   4;    0.000;-999;eor
      Augsburg;20150502;   3;   10.4;  11.2;   7.5;  955.50;   89.00;   1.6;   14.5;    7.3;    7.4;   4.9;   7.7;   4;    0.850;-999;eor
      Augsburg;20150503;   3;   13.9;  15.0;   7.7;  953.58;   94.08;   3.5;   16.9;   10.3;   10.0;   8.5;   6.6;   4;    0.000;-999;eor
      Augsburg;20150504;   3;   17.0;  16.0;   7.6;  955.82;   83.04;   3.0;   20.1;   14.2;   12.4;   8.8;   0.0;   4;    2.650;-999;eor
      Augsburg;20150505;   3;   17.6;  15.5;   7.9;  953.33;   78.29;   2.8;   23.5;   13.1;   10.8;  10.4;   9.5;   4;    0.417;-999;eor
      Augsburg;20150506;   3;   12.6;  12.4;   5.8;  960.61;   86.08;   2.8;   16.1;    8.0;    6.3;   9.9;   3.2;   4;    4.733;-999;eor
      Augsburg;20150507;   3;   12.2;  10.3;   5.6;  963.72;   74.13;   2.7;   17.2;    6.8;    4.3;   9.0;   0.0;   0;   10.317;-999;eor
      Augsburg;20150508;   3;   14.7;  11.5;   7.8;  960.06;   69.58;   2.2;   21.5;    7.5;    5.2;   9.5;   0.1;   4;   11.317;-999;eor
      Augsburg;20150509;   3;   14.1;  13.6;   6.9;  964.84;   84.58;   3.6;   18.0;    8.4;    5.8;  12.8;   4.1;   4;    2.033;-999;eor
      Augsburg;20150510;   3;   12.9;  10.9;   5.6;  970.63;   76.08;   3.0;   19.4;    6.6;    3.4;   9.0;   0.0;   0;    9.050;-999;eor
      Augsburg;20150511;   3;   14.8;  11.7;   7.7;  968.99;   71.67;   2.2;   22.4;    4.6;    1.8;   8.2;   0.0;   0;   12.467;-999;eor
      Augsburg;20150512;   3;   19.3;  12.4;   6.6;  964.25;   59.88;   3.2;   27.6;    8.8;    5.2;   9.6;   0.0;   0;   11.800;-999;eor
      Augsburg;20150513;   3;   17.4;  13.8;   6.8;  961.47;   70.71;   2.7;   23.0;   12.4;   11.3;  20.7;   2.2;   4;    7.917;-999;eor
      Augsburg;20150514;   3;   15.0;  12.5;   7.6;  955.97;   75.46;   2.9;   19.0;   10.6;    8.5;   7.6;   3.2;   4;    5.067;-999;eor
      Augsburg;20150515;   3;   11.9;  12.2;   6.4;  957.10;   87.92;   2.1;   14.6;    5.7;    4.5;   8.9;   0.5;   4;    0.000;-999;eor
      Augsburg;20150516;   3;   13.3;  10.7;   5.0;  966.43;   72.96;   2.7;   19.8;    5.5;    4.3;   9.0;   3.3;   4;    8.233;-999;eor
      Augsburg;20150517;   3;   13.1;  12.1;   6.0;  967.85;   81.17;   2.4;   17.6;    8.8;    6.0;   6.2;   0.2;   4;    4.700;-999;eor
      Augsburg;20150518;   3;   15.8;  12.2;   3.9;  957.08;   70.33;   1.8;   23.7;    6.9;    4.4;   9.1;   0.0;   4;   13.350;-999;eor
      Augsburg;20150519;   3;   13.9;  12.5;   7.5;  954.55;   79.46;   2.7;   17.3;   10.4;    9.1;   7.0;  11.7;   4;    0.033;-999;eor
      Augsburg;20150520;   3;    8.7;  10.3;   7.5;  959.45;   91.33;   2.4;   10.4;    7.7;    7.1;   6.7;   5.7;   4;    0.000;-999;eor
      Augsburg;20150521;   3;    9.0;   9.8;   7.5;  966.60;   85.88;   2.1;   12.7;    5.9;    3.8;   7.3;   0.0;   4;    0.000;-999;eor
      Augsburg;20150522;   3;   11.3;   9.3;   5.9;  967.60;   72.54;   2.5;   16.1;    3.4;    1.4;   8.0;   0.0;   0;    9.483;-999;eor
      Augsburg;20150523;   3;   11.8;   9.8;   7.7;  962.57;   73.92;   2.7;   17.6;    4.4;    2.8;   8.0;   0.3;   4;    0.767;-999;eor
      Augsburg;20150524;   3;   12.5;  11.6;   7.7;  962.64;   81.46;   1.9;   16.3;    9.0;    8.5;   5.6;   0.0;   4;    0.183;-999;eor
      Augsburg;20150525;   3;   13.4;  12.6;   7.6;  959.06;   83.46;   1.7;   19.4;   10.1;    9.5;   7.5;  14.0;   4;    2.667;-999;eor
      Augsburg;20150526;   3;   11.4;  10.7;   7.5;  961.13;   79.71;   3.7;   14.8;    6.8;    3.1;  10.3;   0.5;   4;    1.650;-999;eor
      Augsburg;20150527;   3;    9.3;   8.8;   5.2;  966.34;   76.42;   2.5;   14.1;    3.5;    1.7;   7.3;   0.0;   0;    3.083;-999;eor
      Augsburg;20150528;   3;   12.4;   9.7;   5.3;  961.85;   70.63;   2.4;   20.3;    2.2;    0.4;  10.0;   0.0;   0;   12.667;-999;eor
      Augsburg;20150529;   3;   15.5;  11.8;   6.8;  957.33;   68.96;   2.4;   22.8;    6.7;    4.5;  10.1;   0.0;   4;    8.833;-999;eor
      Augsburg;20150530;   3;   13.6;  12.2;   7.5;  960.11;   79.04;   3.6;   17.5;    9.9;    8.7;  12.2;   0.6;   4;    5.650;-999;eor
      Augsburg;20150531;   3;   15.8;  12.0;   7.5;  961.24;   69.17;   2.3;   21.2;    9.8;    9.1;   6.5;   0.0;   0;    8.550;-999;eor
      Augsburg;20150601;   3;   17.5;  14.1;   4.7;  961.27;   73.08;   3.7;   25.0;   11.6;   10.3;  12.5;   0.0;   4;   11.467;-999;eor
      Augsburg;20150602;   3;   19.0;  14.8;   5.6;  963.24;   69.75;   3.6;   25.0;   13.5;   11.0;  11.4;   0.0;   0;   10.517;-999;eor
      Augsburg;20150603;   3;   20.6;  14.6;   2.2;  966.49;   63.33;   3.4;   27.2;   11.6;    8.6;  10.1;   0.0;   0;   12.550;-999;eor
      Augsburg;20150604;   3;   19.6;  15.3;   0.1;  968.90;   69.25;   2.1;   26.8;   10.7;    8.4;   7.9;   0.0;   0;   15.017;-999;eor
      Augsburg;20150605;   3;   21.5;  16.9;   0.0;  965.90;   67.79;   1.8;   29.6;   11.6;    9.0;   6.6;   0.0;   0;   15.083;-999;eor
      Augsburg;20150606;   3;   22.7;  17.8;   4.3;  966.70;   67.13;   2.2;   30.6;   14.1;   12.5;  14.8;  11.4;   4;   10.083;-999;eor
      Augsburg;20150607;   3;   21.4;  18.8;   4.5;  968.61;   75.67;   2.9;   26.8;   16.5;   16.3;   8.5;   5.0;   4;   11.517;-999;eor
      Augsburg;20150608;   3;   15.5;  16.6;   7.2;  965.79;   94.17;   3.6;   18.5;   11.7;   11.9;   9.2;   4.5;   4;    0.000;-999;eor
      Augsburg;20150609;   3;   12.1;  13.0;   7.4;  966.65;   91.92;   3.6;   13.6;   10.8;   10.8;   7.4;   0.0;   4;    0.000;-999;eor
      Augsburg;20150610;   3;   14.6;  14.4;   7.5;  966.42;   86.50;   3.5;   17.9;   10.9;   10.8;   8.0;   0.0;   0;    0.017;-999;eor
      Augsburg;20150611;   3;   17.6;  16.5;   6.4;  962.90;   81.92;   2.1;   22.0;   13.4;   11.5;   7.0;   0.0;   0;    5.017;-999;eor
      Augsburg;20150612;   3;   20.8;  16.8;   3.2;  957.38;   71.71;   1.7;   28.7;   10.3;    9.2;   9.9;   6.5;   4;   12.050;-999;eor
      Augsburg;20150613;   3;   19.8;  17.8;   6.2;  956.40;   78.75;   2.7;   24.5;   13.1;   12.4;   9.4;   3.0;   4;    6.700;-999;eor
      Augsburg;20150614;   3;   19.9;  18.5;   6.7;  954.81;   80.42;   2.8;   24.9;   14.8;   14.0;  12.7;  11.5;   4;    7.750;-999;eor
      Augsburg;20150615;   3;   16.2;  16.9;   7.3;  959.26;   91.83;   2.3;   18.9;   13.7;   13.2;   7.6;   2.9;   4;    0.000;-999;eor
      Augsburg;20150616;   3;   15.8;  13.0;   7.2;  963.52;   73.88;   2.1;   20.4;   11.3;    9.5;   8.2;   0.0;   0;    6.783;-999;eor
      Augsburg;20150617;   3;   14.2;  11.6;   6.2;  965.73;   72.83;   2.6;   19.3;    9.2;    8.2;   9.6;   0.0;   0;    7.150;-999;eor
      Augsburg;20150618;   3;   13.8;  14.2;   7.7;  961.62;   89.71;   3.8;   16.7;    8.7;    7.2;  11.9;   8.1;   4;    0.000;-999;eor
      Augsburg;20150619;   3;   12.8;  11.7;   7.8;  961.66;   79.88;   3.2;   15.2;   10.8;    9.9;   9.6;   0.4;   4;    1.267;-999;eor
      Augsburg;20150620;   3;   11.5;  10.9;   7.8;  963.32;   80.54;   3.3;   14.5;    9.7;    8.9;  10.6;   0.9;   4;    1.083;-999;eor
      Augsburg;20150621;   3;   13.7;  12.4;   7.5;  962.84;   79.71;   3.6;   18.5;    9.5;    8.8;   9.2;   2.8;   4;    2.850;-999;eor
      Augsburg;20150622;   3;   14.5;  14.4;   7.5;  957.33;   87.63;   4.0;   20.2;   11.0;    9.2;  15.2;  16.5;   4;    3.600;-999;eor
      Augsburg;20150623;   3;   11.9;  10.8;   6.4;  958.30;   78.25;   4.9;   15.7;    8.9;    7.3;  12.8;   2.0;   4;    5.167;-999;eor
      Augsburg;20150624;   3;   13.7;  11.2;   3.9;  966.18;   74.04;   2.0;   19.7;    7.3;    5.3;   7.3;   0.0;   4;    9.100;-999;eor
      Augsburg;20150625;   3;   15.2;  11.5;   5.5;  967.45;   69.92;   1.5;   21.9;    5.8;    3.9;   4.9;   0.0;   0;   11.567;-999;eor
      Augsburg;20150626;   3;   17.9;  13.3;   6.4;  965.81;   68.33;   1.6;   24.9;    8.5;    6.4;   6.3;   0.0;   4;   12.183;-999;eor
      Augsburg;20150627;   3;   17.8;  15.7;   6.8;  963.03;   77.92;   2.6;   22.9;   12.9;   10.0;   9.2;   0.7;   4;    2.300;-999;eor
      Augsburg;20150628;   3;   17.3;  13.9;   4.4;  965.98;   73.04;   1.8;   23.0;   10.5;    8.6;   6.7;   0.0;   0;   11.400;-999;eor
      Augsburg;20150629;   3;   18.7;  14.6;   6.5;  966.05;   70.75;   1.7;   25.5;   11.6;   10.0;   7.0;   0.0;   4;    9.383;-999;eor
      Augsburg;20150630;   3;   21.0;  15.4;   2.0;  965.39;   65.54;   1.7;   28.4;   13.2;   10.7;   5.5;   0.0;   0;   14.467;-999;eor
      Augsburg;20150701;   3;   22.0;  16.5;   0.0;  964.93;   65.38;   2.1;   29.2;   12.4;   10.5;   8.9;   0.0;   0;   15.167;-999;eor
      Augsburg;20150702;   3;   22.8;  17.4;   2.2;  966.73;   65.71;   2.2;   30.4;   13.2;   11.9;   9.3;   0.0;   0;   13.650;-999;eor
      Augsburg;20150703;   3;   23.1;  19.5;   4.8;  968.86;   71.63;   1.7;   31.2;   14.6;   13.4;   9.1;   0.5;   4;   10.383;-999;eor
      Augsburg;20150704;   3;   25.6;  20.7;   3.0;  966.48;   66.88;   1.6;   34.6;   15.3;   13.9;   4.9;   0.0;   0;   12.817;-999;eor
      Augsburg;20150705;   3;   26.9;  20.8;   2.1;  962.25;   62.17;   2.3;   34.5;   17.7;   16.5;   8.7;   0.6;   4;   14.167;-999;eor
      Augsburg;20150706;   3;   23.8;  20.4;   3.6;  964.84;   70.13;   2.6;   28.9;   18.1;   16.5;   9.6;   0.0;   4;    8.150;-999;eor
      Augsburg;20150707;   3;   25.6;  19.9;   1.1;  958.06;   64.83;   2.6;   33.8;   15.1;   14.0;  14.6;   0.0;   4;   13.783;-999;eor
      Augsburg;20150708;   3;   19.3;  15.5;   6.8;  958.63;   68.88;   4.0;   22.3;   15.0;   12.1;  14.7;   4.7;   4;    4.117;-999;eor
      Augsburg;20150709;   3;   15.5;  11.7;   5.2;  964.08;   67.25;   4.5;   19.5;    7.4;    5.2;  13.2;   0.1;   4;    5.733;-999;eor
      Augsburg;20150710;   3;   14.8;  10.6;   1.3;  966.63;   67.08;   1.7;   23.0;    5.6;    3.9;   7.4;   0.0;   0;   14.867;-999;eor
      Augsburg;20150711;   3;   19.2;  13.3;   2.7;  962.10;   63.42;   2.5;   29.4;    7.0;    5.4;  11.0;   0.0;   0;   13.117;-999;eor
      Augsburg;20150712;   3;   20.9;  13.4;   4.8;  962.59;   57.42;   3.4;   27.4;   11.4;    9.0;  10.5;   0.0;   4;   11.117;-999;eor
      Augsburg;20150713;   3;   18.1;  14.6;   7.8;  963.80;   70.46;   2.6;   20.8;   15.6;   14.8;   7.9;   0.7;   4;    0.000;-999;eor
      Augsburg;20150714;   3;   21.0;  16.4;   7.2;  963.24;   68.21;   3.3;   26.1;   15.6;   15.5;  11.6;   0.0;   0;    4.033;-999;eor
      Augsburg;20150715;   3;   21.6;  16.2;   2.4;  964.51;   64.71;   1.4;   28.2;   14.3;   12.8;   6.7;   0.0;   4;   13.067;-999;eor
      Augsburg;20150716;   3;   23.3;  16.6;   0.8;  962.80;   62.33;   1.5;   31.4;   13.2;   11.1;   5.9;   0.0;   0;   14.217;-999;eor
      Augsburg;20150717;   3;   25.2;  15.7;   3.4;  962.07;   53.58;   2.3;   34.3;   15.6;   14.0;  13.9;   0.1;   4;   10.633;-999;eor
      Augsburg;20150718;   3;   21.4;  18.1;   5.9;  963.01;   72.08;   2.3;   27.7;   15.8;   13.6;  10.8;   1.9;   4;    5.583;-999;eor
      Augsburg;20150719;   3;   22.9;  18.9;   6.8;  958.51;   70.17;   3.4;   28.9;   15.9;   14.9;  11.3;   0.0;   4;    7.117;-999;eor
      Augsburg;20150720;   3;   22.9;  18.1;   5.0;  960.69;   66.75;   1.9;   28.6;   17.5;   16.1;   8.1;   0.0;   0;    7.300;-999;eor
      Augsburg;20150721;   3;   24.2;  18.3;   1.6;  960.97;   64.42;   1.8;   32.3;   15.5;   14.4;   7.7;   0.0;   0;   12.233;-999;eor
      Augsburg;20150722;   3;   25.0;  18.0;   4.6;  959.06;   62.63;   2.5;   35.2;   14.2;   12.9;  12.3;   6.1;   4;   11.133;-999;eor
      Augsburg;20150723;   3;   19.9;  19.2;   7.3;  961.14;   83.21;   2.4;   23.0;   16.3;   15.4;   8.2;   3.3;   4;    2.117;-999;eor
      Augsburg;20150724;   3;   22.1;  17.9;   7.6;  956.05;   70.83;   2.4;   29.6;   13.3;   11.9;  18.1;  12.4;   4;   10.333;-999;eor
      Augsburg;20150725;   3;   19.6;  14.1;   4.2;  956.03;   62.92;   6.2;   24.6;   11.8;    8.9;  18.9;   0.0;   0;    9.250;-999;eor
      Augsburg;20150726;   3;   16.0;  10.5;   4.8;  959.12;   60.33;   2.4;   22.9;    7.2;    4.9;  10.9;   2.1;   4;   11.717;-999;eor
      Augsburg;20150727;   3;   17.8;  13.7;   5.8;  953.34;   68.88;   5.5;   23.1;   14.0;   12.1;  16.8;   1.4;   4;    8.917;-999;eor
      Augsburg;20150728;   3;   18.4;  12.1;   7.8;  955.20;   57.79;   5.3;   22.3;   13.0;   11.4;  13.9;   0.7;   4;    3.617;-999;eor
      Augsburg;20150729;   3;   14.6;  13.6;   6.7;  956.87;   81.92;   3.6;   20.0;    8.8;    6.3;  11.7;   2.6;   4;    2.650;-999;eor
      Augsburg;20150730;   3;   14.3;  10.3;   3.4;  960.60;   67.21;   2.3;   21.5;    5.6;    3.1;   9.6;   0.0;   4;    9.650;-999;eor
      Augsburg;20150731;   3;   16.1;  10.1;   4.5;  961.10;   59.42;   2.4;   23.6;    7.2;    5.0;   8.8;   0.0;   4;   12.467;-999;eor
      Augsburg;20150801;   3;   16.0;  12.9;   7.9;  959.90;   70.58;   1.9;   18.9;   11.6;    9.9;   9.3;   0.0;   4;    0.000;-999;eor
      Augsburg;20150802;   3;   19.3;  14.6;   4.8;  963.70;   68.50;   1.8;   26.0;   13.5;   10.2;   6.7;   0.0;   0;    7.500;-999;eor
      Augsburg;20150803;   3;   21.1;  13.5;   0.5;  962.80;   58.54;   1.9;   29.8;    9.6;    7.5;   6.9;   0.0;   4;   14.133;-999;eor
      Augsburg;20150804;   3;   21.2;  16.2;   4.3;  960.95;   67.83;   2.8;   31.5;   11.7;    9.7;  12.9;   0.0;   4;    9.750;-999;eor
      Augsburg;20150805;   3;   21.9;  16.6;   2.3;  962.80;   66.88;   2.0;   30.3;   12.6;   10.9;   8.5;   0.0;   0;   12.433;-999;eor
      Augsburg;20150806;   3;   24.9;  16.2;   3.3;  961.83;   57.00;   1.7;   34.2;   14.0;   11.8;   4.6;   0.0;   0;   12.650;-999;eor
      Augsburg;20150807;   3;   25.7;  15.1;   1.2;  961.14;   51.75;   1.7;   35.6;   14.6;   12.7;   8.5;   0.0;   0;   13.567;-999;eor
      Augsburg;20150808;   3;   25.9;  16.3;   3.2;  962.38;   52.83;   2.8;   34.5;   15.1;   14.1;  10.4;   0.0;   0;   12.017;-999;eor
      Augsburg;20150809;   3;   25.3;  18.0;   4.3;  960.87;   58.50;   3.5;   33.6;   15.7;   14.0;  11.7;   0.0;   0;   12.217;-999;eor
      Augsburg;20150810;   3;   23.3;  20.0;   5.0;  959.64;   71.21;   2.6;   29.5;   17.4;   16.3;   6.0;   0.0;   0;    7.367;-999;eor
      Augsburg;20150811;   3;   23.3;  18.8;   2.6;  960.97;   68.79;   2.0;   31.2;   16.1;   14.3;   8.6;   0.0;   0;   10.667;-999;eor
      Augsburg;20150812;   3;   23.1;  15.6;   2.1;  963.28;   61.46;   1.3;   33.1;   13.2;   11.1;   6.7;   0.0;   0;   12.167;-999;eor
      Augsburg;20150813;   3;   24.6;  14.0;   1.8;  959.00;   51.13;   2.7;   34.7;   13.5;   11.7;  10.0;   0.0;   0;   12.933;-999;eor
      Augsburg;20150814;   3;   22.6;  18.9;   5.8;  955.83;   71.33;   2.9;   30.6;   17.8;   17.3;  16.6;  12.2;   4;    7.650;-999;eor
      Augsburg;20150815;   3;   18.9;  17.9;   7.1;  955.88;   83.08;   3.0;   24.3;   15.4;   15.1;  15.0;  11.7;   4;    2.383;-999;eor
      Augsburg;20150816;   3;   16.0;  16.6;   7.5;  956.66;   91.04;   3.1;   18.8;   13.8;   12.4;   7.2;   5.2;   4;    0.150;-999;eor
      Augsburg;20150817;   3;   14.5;  15.3;   7.6;  957.84;   92.46;   2.6;   15.8;   11.5;   10.6;   7.0;   5.9;   4;    0.000;-999;eor
      Augsburg;20150818;   3;   15.4;  13.4;   4.4;  959.98;   78.75;   1.6;   20.8;   10.8;   10.5;   5.9;   0.0;   4;    8.000;-999;eor
      Augsburg;20150819;   3;   14.7;  13.9;   8.0;  963.95;   83.04;   2.5;   17.8;   12.5;   11.4;   6.4;   0.5;   4;    0.000;-999;eor
      Augsburg;20150820;   3;   15.0;  14.1;   7.7;  967.95;   83.75;   1.6;   19.2;    9.8;    8.3;   6.2;   0.0;   4;    0.717;-999;eor
      Augsburg;20150821;   3;   15.3;  13.7;   4.1;  968.40;   81.67;   1.5;   23.0;    9.2;    7.8;   6.5;   0.0;   0;    5.550;-999;eor
      Augsburg;20150822;   3;   16.7;  11.9;   1.9;  963.46;   67.33;   2.5;   24.2;    8.2;    6.0;   9.5;   0.0;   0;   12.033;-999;eor
      Augsburg;20150823;   3;   17.4;  13.9;   4.0;  955.44;   71.58;   2.0;   26.3;    9.3;    6.4;  12.5;   1.0;   4;    9.917;-999;eor
      Augsburg;20150824;   3;   18.6;  17.2;   7.3;  953.88;   81.63;   3.0;   26.5;   14.3;   12.6;  16.6;   8.4;   4;    5.033;-999;eor
      Augsburg;20150825;   3;   15.6;  12.3;   4.5;  962.95;   71.92;   3.3;   21.4;    8.6;    5.4;   9.0;   0.0;   4;    9.417;-999;eor
      Augsburg;20150826;   3;   16.6;  12.1;   2.2;  962.98;   68.25;   2.1;   25.2;    7.2;    5.0;   6.3;   0.0;   0;   12.967;-999;eor
      Augsburg;20150827;   3;   20.8;  15.3;   6.4;  959.35;   66.33;   2.3;   29.5;   11.7;    7.8;   5.6;   0.0;   0;   10.917;-999;eor
      Augsburg;20150828;   3;   22.6;  17.4;   5.1;  963.27;   66.21;   2.9;   29.7;   15.3;   12.9;   8.1;   0.0;   0;    8.433;-999;eor
      Augsburg;20150829;   3;   22.1;  18.1;   0.1;  966.65;   72.17;   1.7;   31.3;   13.3;   11.4;   7.3;   0.0;   0;   12.717;-999;eor
      Augsburg;20150830;   3;   23.2;  19.3;   0.0;  963.79;   71.79;   1.5;   32.5;   14.5;   12.6;   6.1;   0.0;   0;   12.683;-999;eor
      Augsburg;20150831;   3;   23.6;  16.5;   0.0;  959.63;   60.79;   2.6;   31.8;   15.8;   13.8;   8.5;   0.0;   0;   12.383;-999;eor
      Augsburg;20150901;   3;   20.4;  16.0;   4.2;  957.40;   70.63;   3.7;   30.5;   14.3;   11.9;  16.8;   8.2;   4;    6.300;-999;eor
      Augsburg;20150902;   3;   14.7;  14.6;   7.3;  961.45;   87.63;   2.0;   17.7;    9.9;    8.2;   4.7;   0.0;   4;    0.017;-999;eor
      Augsburg;20150903;   3;   13.6;  14.7;   7.4;  959.44;   94.00;   1.8;   16.5;    9.8;    8.9;   5.0;   1.1;   4;    0.000;-999;eor
      Augsburg;20150904;   3;   14.4;  12.4;   5.5;  960.32;   77.29;   1.9;   20.0;   10.0;    8.0;   8.7;   0.2;   4;    5.683;-999;eor
      Augsburg;20150905;   3;   13.4;  10.1;   7.7;  961.23;   67.04;   3.8;   17.0;   10.4;    9.4;  10.4;   3.4;   4;    2.317;-999;eor
      Augsburg;20150906;   3;   10.8;   9.1;   4.9;  966.38;   71.50;   4.5;   15.9;    4.2;    1.9;  12.1;   0.1;   4;    4.900;-999;eor
      Augsburg;20150907;   3;   10.4;   9.9;   7.2;  969.16;   79.17;   2.6;   14.2;    4.8;    3.1;   8.0;   0.4;   4;    0.200;-999;eor
      Augsburg;20150908;   3;   12.7;  11.0;   4.9;  967.74;   76.63;   2.0;   18.2;    8.0;    4.7;   7.4;   0.0;   0;    6.333;-999;eor
      Augsburg;20150909;   3;   11.9;   9.7;   3.1;  965.20;   73.08;   2.8;   18.7;    4.3;    1.8;  10.1;   0.0;   0;    8.100;-999;eor
      Augsburg;20150910;   3;   10.5;   9.8;   3.1;  963.63;   79.54;   3.1;   16.9;    4.8;    0.9;   9.1;   0.0;   4;    9.283;-999;eor
      Augsburg;20150911;   3;   12.0;  10.3;   3.2;  961.79;   76.54;   1.8;   21.3;    2.2;    0.1;   9.8;   0.0;   0;   10.167;-999;eor
      Augsburg;20150912;   3;   16.5;  12.3;   4.2;  961.32;   70.50;   2.4;   25.3;    7.5;    4.2;   7.5;   0.0;   4;    9.033;-999;eor
      Augsburg;20150913;   3;   16.7;  14.0;   4.5;  956.01;   76.38;   2.5;   25.8;    8.8;    6.2;   9.4;   0.7;   4;    7.033;-999;eor
      Augsburg;20150914;   3;   14.5;  14.5;   7.2;  953.30;   88.00;   3.2;   18.7;    9.4;    7.3;  16.0;   7.7;   4;    1.767;-999;eor
      Augsburg;20150915;   3;   14.4;  12.4;   7.9;  955.60;   76.63;   3.1;   19.1;   11.9;    8.4;   9.8;   0.0;   4;    0.183;-999;eor
      Augsburg;20150916;   3;   17.4;  14.6;   7.3;  947.38;   73.04;   2.2;   23.7;   11.8;    8.8;   7.5;   0.0;   4;    1.600;-999;eor
      Augsburg;20150917;   3;   14.5;  13.5;   3.8;  951.95;   83.00;   3.8;   23.9;    8.6;    6.1;  14.7;   1.2;   4;    7.033;-999;eor
      Augsburg;20150918;   3;   12.8;  13.3;   7.0;  962.98;   89.71;   1.9;   16.6;    8.6;    5.7;   6.5;   1.1;   4;    0.583;-999;eor
      Augsburg;20150919;   3;   12.4;  11.5;   3.1;  966.21;   82.33;   2.0;   19.5;    5.6;    2.9;  10.2;   0.0;   4;    7.150;-999;eor
      Augsburg;20150920;   3;   11.4;  11.4;   7.2;  967.32;   85.67;   1.9;   16.8;    6.5;    4.4;   6.3;   0.0;   0;    1.450;-999;eor
      Augsburg;20150921;   3;   11.4;   9.5;   2.7;  961.26;   73.38;   1.9;   18.7;    2.8;    1.6;   7.8;   0.0;   0;   11.500;-999;eor
      Augsburg;20150922;   3;   12.1;  12.0;   7.6;  952.64;   85.13;   2.9;   16.7;    6.2;    3.4;  11.8;   9.1;   4;    1.567;-999;eor
      Augsburg;20150923;   3;   10.3;  11.3;   7.7;  956.71;   89.75;   3.6;   12.9;    9.3;    8.1;  10.8;   0.4;   4;    0.433;-999;eor
      Augsburg;20150924;   3;   10.5;  11.1;   7.0;  964.81;   88.46;   1.6;   15.7;    5.1;    2.7;   4.0;   0.0;   0;    1.600;-999;eor
      Augsburg;20150925;   3;   11.5;  10.8;   7.5;  966.03;   80.79;   1.6;   17.4;    3.9;    1.5;   5.2;   0.0;   0;    9.067;-999;eor
      Augsburg;20150926;   3;   13.0;  12.5;   7.8;  967.28;   83.75;   2.5;   16.4;    9.6;    8.8;   8.1;   0.0;   0;    0.050;-999;eor
      Augsburg;20150927;   3;   12.1;   9.3;   7.0;  971.93;   67.13;   4.9;   16.5;    7.3;    5.6;  11.0;   0.0;   0;    3.417;-999;eor
      Augsburg;20150928;   3;    9.4;   8.4;   5.0;  975.58;   72.58;   4.5;   15.3;    5.3;    2.7;  10.7;   0.0;   0;    0.967;-999;eor
      Augsburg;20150929;   3;   10.0;   8.0;   2.8;  974.23;   66.00;   5.8;   15.7;    5.1;    3.1;  15.2;   0.0;   0;    7.850;-999;eor
      Augsburg;20150930;   3;    9.4;   7.4;   0.5;  972.87;   64.13;   5.6;   15.2;    4.7;    1.7;  12.7;   0.0;   0;   10.967;-999;eor
      Augsburg;20151001;   3;    9.1;   7.3;   0.0;  969.73;   64.96;   3.9;   17.0;    3.1;    0.2;   9.8;   0.0;   0;   10.983;   0;eor
      Augsburg;20151002;   3;   10.4;   8.8;   0.3;  965.19;   71.67;   2.8;   19.0;    3.2;   -0.4;   8.3;   0.0;   0;   10.917;   0;eor
      Augsburg;20151003;   3;   12.1;  10.8;   5.0;  960.58;   78.71;   1.8;   21.3;    4.1;    2.2;   6.6;   0.5;   4;    8.583;   0;eor
      Augsburg;20151004;   3;   10.1;  11.8;   6.4;  961.96;   94.88;   2.3;   13.4;    3.1;    1.2;   9.9;   3.1;   4;    0.067;   0;eor
      Augsburg;20151005;   3;   11.1;  10.4;   7.0;  959.62;   79.50;   2.1;   19.3;    3.1;    1.6;   6.7;   0.8;   4;    8.400;   0;eor
      Augsburg;20151006;   3;   15.7;  15.0;   7.0;  953.62;   85.63;   2.0;   22.3;   10.5;    7.7;  12.4;  11.7;   4;    6.400;   0;eor
      Augsburg;20151007;   3;   13.4;  14.7;   7.9;  958.34;   95.63;   2.6;   15.1;   11.5;    9.6;   8.0;   6.8;   4;    0.000;   0;eor
      Augsburg;20151008;   3;   12.1;  12.0;   8.0;  963.93;   85.33;   1.7;   15.3;   10.1;    9.2;   5.0;   0.0;   0;    0.567;   0;eor
      Augsburg;20151009;   3;   11.3;  11.4;   6.2;  963.44;   86.25;   1.8;   16.3;    6.7;    2.4;   7.1;   0.0;   0;    2.917;   0;eor
      Augsburg;20151010;   3;    9.6;  11.0;   7.2;  959.79;   91.67;   3.6;   12.1;    4.7;    1.9;   9.4;   0.0;   4;    0.000;   0;eor
      Augsburg;20151011;   3;    7.8;   8.7;   5.4;  958.20;   81.63;   3.3;   12.2;    1.7;   -1.0;   7.0;   0.0;   0;    1.100;   0;eor
      Augsburg;20151012;   3;    4.6;   6.8;   4.0;  959.83;   81.08;   2.3;   11.3;   -0.5;   -3.2;   7.2;   0.0;   4;    9.200;   0;eor
      Augsburg;20151013;   3;    6.0;   8.5;   7.6;  957.93;   91.29;   2.1;    9.9;    1.9;    0.4;   5.0;  18.5;   4;    0.000;   0;eor
      Augsburg;20151014;   3;    6.3;   8.0;   7.1;  958.65;   84.13;   2.7;    9.7;    4.7;    4.6;   7.1;   7.7;   4;    1.500;   0;eor
      Augsburg;20151015;   3;    4.3;   7.5;   7.8;  957.25;   90.17;   2.7;    4.9;    3.2;    3.6;   6.2;   0.1;   4;    0.000;   0;eor
      Augsburg;20151016;   3;    4.6;   7.3;   7.7;  961.24;   86.50;   2.5;    6.7;    3.7;    3.5;   5.8;   2.5;   4;    0.500;   0;eor
      Augsburg;20151017;   3;    5.4;   7.7;   7.7;  962.04;   86.38;   1.4;    7.8;    3.7;    3.7;   4.0;   2.2;   4;    0.000;   0;eor
      Augsburg;20151018;   3;    6.2;   8.6;   7.7;  961.44;   90.58;   1.3;    7.7;    5.3;    5.0;   4.5;   0.3;   4;    0.000;   0;eor
      Augsburg;20151019;   3;    5.0;   8.0;   6.7;  963.60;   91.17;   1.6;    9.3;   -0.2;   -1.0;   5.6;   0.6;   4;    0.800;   0;eor
      Augsburg;20151020;   3;    4.6;   7.9;   7.5;  965.13;   92.29;   1.7;    9.3;    0.1;   -1.1;   5.9;   0.0;   0;    0.500;   0;eor
      Augsburg;20151021;   3;    6.5;   8.4;   7.2;  964.40;   87.58;   1.5;    9.8;    2.2;   -0.1;   5.5;   0.0;   4;    1.100;   0;eor
      Augsburg;20151022;   3;    8.3;   8.5;   8.0;  962.82;   78.71;   2.8;   11.8;    5.0;    4.3;   7.7;   0.0;   4;    2.583;   0;eor
      Augsburg;20151023;   3;    9.6;  10.5;   7.5;  967.50;   87.88;   2.4;   12.4;    4.1;    0.6;   6.4;   0.0;   4;    0.000;   0;eor
      Augsburg;20151024;   3;    8.5;   9.9;   7.3;  964.28;   89.38;   1.8;   15.8;    1.6;    0.0;   5.5;   0.0;   0;    5.183;   0;eor
      Augsburg;20151025;   3;    9.0;  10.4;   7.3;  967.95;   90.58;   1.6;   13.5;    4.6;    1.6;   4.1;   0.6;   4;    0.667;   0;eor
      Augsburg;20151026;   3;    7.1;   9.6;   5.7;  964.64;   94.50;   2.0;   10.4;    1.4;    0.5;   6.2;   0.1;   4;    0.000;   0;eor
      Augsburg;20151027;   3;    6.0;   9.0;   7.8;  961.83;   95.29;   2.0;    8.0;    1.4;    1.4;   5.3;   0.0;   4;    0.000;   0;eor
      Augsburg;20151028;   3;    6.6;   9.1;   7.1;  957.30;   93.88;   1.7;    9.7;    3.1;    0.4;   4.4;   0.1;   4;    0.783;   0;eor
      Augsburg;20151029;   3;    8.1;  10.5;   7.8;  963.11;   97.17;   1.8;    9.6;    5.5;    5.7;   5.2;   0.4;   4;    0.000;   0;eor
      Augsburg;20151030;   3;    8.1;   9.8;   7.9;  969.99;   91.08;   3.2;    9.3;    7.1;    7.1;   8.0;   0.0;   4;    0.000;   0;eor
      Augsburg;20151031;   3;    6.7;   9.1;   6.0;  971.65;   92.46;   2.5;   10.2;    1.7;   -0.8;   8.0;   0.0;   0;    2.283;   0;eor
      Augsburg;20151101;   3;    3.4;   7.7;   7.0;  974.18;   98.13;   1.0;    7.5;    1.2;   -0.1;   2.8;   0.0;   0;    1.933;   0;eor
      Augsburg;20151102;   3;    1.7;   6.9;   8.0;  971.68;   99.42;   0.9;    3.9;   -0.4;    0.1;   3.1;   0.0;   0;    0.000;   0;eor
      Augsburg;20151103;   3;    0.9;   6.5;   7.1;  966.13;   98.29;   1.0;    5.2;   -1.3;   -1.8;   3.2;   0.0;   0;    1.733;   0;eor
      Augsburg;20151104;   3;    6.8;   9.0;   6.8;  966.48;   89.79;   1.2;   14.7;   -0.5;   -1.7;   3.6;   0.0;   0;    2.267;   0;eor
      Augsburg;20151105;   3;    8.5;   9.4;   4.5;  966.65;   86.67;   1.4;   17.1;    2.8;    0.3;   4.1;   0.0;   0;    7.083;   0;eor
      Augsburg;20151106;   3;   10.9;  10.4;   7.5;  968.76;   80.38;   2.3;   18.0;    4.3;    2.4;   6.2;   0.7;   4;    3.617;   0;eor
      Augsburg;20151107;   3;   12.9;  13.3;   7.5;  971.33;   89.58;   1.8;   17.9;    7.3;    3.3;   6.9;   0.0;   4;    2.567;   0;eor
      Augsburg;20151108;   3;   12.2;  12.5;   5.1;  972.60;   88.42;   1.8;   18.3;    7.5;    3.9;   4.5;   0.0;   0;    7.550;   0;eor
      Augsburg;20151109;   3;   13.0;  11.3;   6.3;  970.53;   76.46;   4.1;   18.9;    6.1;    2.7;  12.3;   0.0;   4;    1.183;   0;eor
      Augsburg;20151110;   3;   12.4;   9.8;   5.9;  970.96;   69.71;   3.7;   17.9;    5.5;    2.7;   9.6;   0.0;   0;    7.417;   0;eor
      Augsburg;20151111;   3;    8.6;   8.7;   2.8;  970.27;   79.63;   1.7;   16.0;    0.5;   -1.9;   5.0;   0.0;   0;    8.200;   0;eor
      Augsburg;20151112;   3;    6.3;   8.2;   3.9;  971.25;   86.08;   1.9;   14.8;    0.1;   -2.9;   5.2;   0.0;   0;    8.167;   0;eor
      Augsburg;20151113;   3;    6.7;   8.4;   6.7;  969.96;   85.63;   2.5;   12.2;   -0.6;   -3.5;  11.7;   5.4;   4;    3.550;   0;eor
      Augsburg;20151114;   3;    7.3;   7.6;   6.6;  971.87;   74.75;   4.1;   10.0;    1.8;   -0.3;  14.7;   0.0;   4;    7.517;   0;eor
      Augsburg;20151115;   3;   11.8;   8.5;   6.6;  962.65;   61.17;   7.1;   16.0;    7.1;    6.1;  18.0;   0.0;   0;    2.550;   0;eor
      Augsburg;20151116;   3;   11.1;   9.0;   4.7;  962.19;   68.67;   3.3;   18.1;    1.8;   -1.1;  11.7;   0.0;   0;    8.367;   0;eor
      Augsburg;20151117;   3;   10.4;   9.7;   7.9;  961.09;   76.58;   5.4;   15.0;    1.2;   -1.2;  15.5;   1.3;   4;    0.433;   0;eor
      Augsburg;20151118;   3;   13.4;   9.9;   2.8;  962.60;   64.08;   7.9;   15.8;    8.5;    3.6;  19.0;   0.0;   0;    4.833;   0;eor
      Augsburg;20151119;   3;   13.1;   9.3;   7.8;  962.13;   61.25;   8.2;   15.5;    9.3;    6.9;  21.6;  12.4;   4;    3.667;   0;eor
      Augsburg;20151120;   3;    8.3;   9.8;   7.5;  950.98;   89.58;   4.7;   14.8;    3.3;    2.9;  17.8;  49.3;   4;    0.000;   0;eor
      Augsburg;20151121;   3;    2.7;   6.3;   5.9;  943.01;   85.21;   3.6;    5.8;    0.1;   -2.2;  13.6;   1.2;   4;    4.600;   0;eor
      Augsburg;20151122;   3;    0.4;   5.4;   7.6;  950.35;   85.67;   4.3;    1.7;   -1.2;   -2.7;   9.2;   0.8;   4;    0.383;   0;eor
      Augsburg;20151123;   3;   -0.1;   5.2;   4.9;  964.41;   85.46;   3.3;    3.3;   -3.5;   -6.0;   8.8;   0.0;   4;    3.333;   0;eor
      Augsburg;20151124;   3;   -1.8;   4.3;   3.8;  965.05;   81.25;   2.1;    2.5;   -5.9;   -8.6;   6.5;   0.1;   4;    7.567;   0;eor
      Augsburg;20151125;   3;    1.8;   6.2;   7.5;  952.91;   88.21;   3.5;    3.5;   -0.4;   -0.7;   8.3;   0.5;   4;    0.000;   1;eor
      Augsburg;20151126;   3;    2.1;   6.6;   7.8;  957.95;   93.38;   1.8;    3.5;    0.7;   -0.5;   6.1;   2.1;   4;    0.067;   0;eor
      Augsburg;20151127;   3;    0.3;   5.9;   7.5;  961.56;   93.58;   1.5;    1.4;   -1.8;   -4.2;   4.2;   0.0;   0;    0.017;   0;eor
      Augsburg;20151128;   3;    0.8;   5.7;   6.5;  959.97;   87.54;   4.5;    2.4;   -1.1;   -3.1;  11.5;   1.5;   4;    0.067;   0;eor
      Augsburg;20151129;   3;    4.5;   6.7;   7.5;  963.37;   78.17;   9.5;    8.7;    0.5;   -0.8;  20.3;   2.2;   4;    0.000;   0;eor
      Augsburg;20151130;   3;    8.8;   8.4;   7.7;  965.12;   74.00;  10.5;   10.2;    8.0;    6.3;  21.4;   5.2;   4;    0.000;   0;eor
      Augsburg;20151201;   3;    8.4;   9.3;   7.8;  969.48;   84.25;   8.5;    9.1;    7.7;    6.6;  16.8;   1.2;   4;    0.000;   0;eor
      Augsburg;20151202;   3;    7.6;   8.5;   7.9;  973.28;   80.92;   2.2;    9.3;    5.1;    3.1;   6.5;   0.0;   0;    0.000;   0;eor
      Augsburg;20151203;   3;    3.5;   6.7;   5.9;  973.41;   85.75;   1.6;    6.5;   -2.3;   -5.8;   4.7;   0.0;   0;    1.750;   0;eor
      Augsburg;20151204;   3;    3.2;   6.8;   7.8;  974.82;   87.67;   2.1;    8.4;   -3.9;   -6.5;   9.3;   0.4;   4;    2.800;   0;eor
      Augsburg;20151205;   3;    5.5;   8.2;   5.4;  975.37;   90.79;   1.6;   11.1;   -0.4;   -2.9;   4.1;   0.0;   0;    7.033;   0;eor
      Augsburg;20151206;   3;    4.0;   7.1;   1.0;  973.78;   87.96;   1.9;   11.7;   -1.2;   -4.6;   7.2;   0.1;   4;    7.683;   0;eor
      Augsburg;20151207;   3;    6.4;   7.8;   3.2;  976.71;   82.67;   2.1;   13.2;   -0.1;   -3.5;   4.5;   0.0;   4;    6.700;   0;eor
      Augsburg;20151208;   3;    1.3;   6.7;   7.4;  975.35;   99.21;   1.5;    3.6;   -2.1;   -3.7;   5.2;   0.0;   0;    0.000;   0;eor
      Augsburg;20151209;   3;    2.5;   7.0;   5.9;  978.69;   94.42;   2.0;    7.1;   -1.5;   -4.6;   9.2;   6.0;   4;    0.417;   0;eor
      Augsburg;20151210;   3;   -0.6;   5.6;   3.7;  978.85;   96.04;   1.6;    4.8;   -4.0;   -6.8;   4.5;   0.0;   4;    5.733;   0;eor
      Augsburg;20151211;   3;    1.8;   5.9;   7.5;  972.39;   84.71;   2.9;    7.0;   -4.4;   -7.6;   8.6;   0.0;   0;    6.033;   0;eor
      Augsburg;20151212;   3;    5.7;   6.6;   7.6;  968.58;   72.42;   5.3;   10.5;    0.1;   -2.8;  13.1;   0.0;   0;    2.317;   0;eor
      Augsburg;20151213;   3;    2.6;   6.3;   6.0;  965.78;   85.96;   3.0;    7.0;   -1.8;   -5.7;  10.1;   0.0;   0;    4.833;   0;eor
      Augsburg;20151214;   3;    1.6;   6.1;   3.9;  966.97;   89.88;   1.9;    6.4;   -1.7;   -4.7;   5.4;   0.0;   0;    5.350;   0;eor
      Augsburg;20151215;   3;    2.7;   6.4;   7.4;  969.17;   85.79;   1.8;    7.7;   -1.0;   -3.7;   5.6;   0.0;   4;    0.200;   0;eor
      Augsburg;20151216;   3;    5.0;   8.3;   7.7;  971.73;   92.50;   2.0;    8.7;   -0.4;   -2.3;   5.0;   5.5;   4;    0.000;   0;eor
      Augsburg;20151217;   3;    8.6;  10.3;   7.8;  971.12;   91.96;   2.8;   12.0;    3.0;   -0.2;   6.7;   0.0;   4;    0.967;   0;eor
      Augsburg;20151218;   3;    5.6;   8.3;   5.7;  969.31;   91.13;   2.2;   11.6;    0.5;   -1.6;   7.6;   0.4;   4;    2.767;   0;eor
      Augsburg;20151219;   3;    3.5;   7.5;   5.0;  968.77;   95.25;   1.0;   10.5;   -0.4;   -2.4;   2.6;   0.0;   0;    4.317;   0;eor
      Augsburg;20151220;   3;    2.6;   6.8;   2.7;  967.26;   92.17;   1.2;   12.3;   -1.4;   -3.3;   4.1;   0.0;   0;    7.433;   0;eor
      Augsburg;20151221;   3;    5.0;   8.0;   5.7;  970.81;   91.54;   3.0;    9.7;   -0.3;   -1.9;  10.3;   0.6;   4;    0.017;   0;eor
      Augsburg;20151222;   3;    8.2;   8.2;   7.1;  973.05;   75.63;   3.5;   13.2;    2.8;   -2.0;   9.6;   0.0;   0;    7.050;   0;eor
      Augsburg;20151223;   3;    7.0;   7.9;   5.3;  972.72;   78.83;   2.8;   12.5;    0.9;   -3.7;   9.7;   0.0;   0;    3.767;   0;eor
      Augsburg;20151224;   3;    5.1;   7.5;   5.0;  971.06;   86.04;   2.1;   10.2;    1.1;   -1.9;   4.3;   0.0;   0;    6.033;   0;eor
      Augsburg;20151225;   3;    6.5;   7.7;   3.7;  974.63;   79.88;   2.7;   13.6;    1.2;   -2.0;   6.4;   0.0;   0;    7.467;   0;eor
      Augsburg;20151226;   3;    4.5;   6.9;   1.8;  974.57;   82.96;   2.2;   11.8;   -0.2;   -4.2;   5.5;   0.0;   0;    7.267;   0;eor
      Augsburg;20151227;   3;    3.0;   6.2;   4.0;  974.72;   82.33;   2.0;   11.8;   -1.7;   -5.6;   4.4;   0.0;   0;    7.217;   0;eor
      Augsburg;20151228;   3;    0.3;   5.3;   5.6;  973.16;   86.79;   1.1;    9.1;   -4.6;   -7.9;   2.8;   0.0;   0;    7.367;   0;eor
      Augsburg;20151229;   3;   -2.3;   5.1;   6.8;  971.85;   98.29;   1.2;    0.0;   -5.8;   -8.2;   4.3;   0.0;   0;    0.467;   0;eor
      Augsburg;20151230;   3;    1.0;   6.2;   7.3;  971.24;   93.67;   2.7;    2.9;   -1.9;   -3.9;   7.7;   0.0;   0;    0.017;   0;eor
      Augsburg;20151231;   3;    1.2;   6.4;   7.8;  968.16;   95.58;   1.8;    3.5;   -0.9;   -0.8;   5.8;   7.1;   4;    0.000;   0;eor
      Augsburg;20160101;   3;    2.9;   7.3;   7.8;  968.28;   97.58;   2.0;    3.9;    1.5;    1.0;   7.6;   0.0;   4;    0.000;   0;eor
      Augsburg;20160102;   3;    0.5;   6.1;   7.6;  959.05;   96.08;   2.9;    1.5;    0.0;    0.0;   7.9;   4.6;   4;    0.000;   0;eor
      Augsburg;20160103;   3;    0.2;   6.0;   7.8;  952.02;   96.38;   2.2;    1.4;   -2.2;   -1.9;   7.7;   5.1;   4;    0.000;   0;eor
      Augsburg;20160104;   3;    1.4;   6.1;   7.3;  939.28;   89.04;   3.8;    5.7;   -2.6;   -2.5;  10.3;   2.8;   4;    1.200;   4;eor
      Augsburg;20160105;   3;    2.6;   6.5;   6.5;  941.63;   87.54;   3.4;    6.8;   -1.1;   -3.6;  11.7;   0.9;   4;    3.100;   0;eor
      Augsburg;20160106;   3;    2.6;   6.6;   7.7;  945.11;   89.92;   2.5;    5.9;   -0.4;   -2.4;   9.5;   1.7;   4;    0.267;   0;eor
      Augsburg;20160107;   3;    3.5;   7.0;   7.0;  944.66;   88.50;   3.2;    5.8;    2.0;   -0.2;   9.2;   4.4;   4;    2.250;   0;eor
      Augsburg;20160108;   3;    3.9;   6.8;   5.6;  950.38;   83.79;   2.9;    7.0;    1.9;   -0.1;   7.3;   3.6;   4;    3.167;   0;eor
      Augsburg;20160109;   3;    4.9;   8.4;   7.6;  948.20;   96.33;   1.5;    6.9;    1.8;   -0.5;   3.8;   1.0;   4;    0.000;   0;eor
      Augsburg;20160110;   3;    4.0;   7.6;   6.8;  944.42;   92.63;   2.9;    6.5;   -0.2;   -2.7;  10.4;  15.5;   4;    0.000;   0;eor
      Augsburg;20160111;   3;    4.9;   7.4;   6.8;  938.51;   85.67;   5.5;    6.7;    2.7;    2.2;  19.7;   7.3;   4;    0.150;   0;eor
      Augsburg;20160112;   3;    4.3;   6.5;   6.5;  944.48;   78.25;   8.0;    5.8;    2.1;    0.7;  16.0;   0.1;   4;    0.533;   0;eor
      Augsburg;20160113;   3;    2.4;   6.0;   7.2;  956.65;   82.54;   8.5;    3.7;    0.5;   -1.3;  18.5;   1.0;   4;    0.117;   0;eor
      Augsburg;20160114;   3;    0.8;   4.9;   5.0;  955.62;   76.08;   3.4;    3.7;   -2.5;   -5.6;   9.6;   0.6;   4;    5.367;   0;eor
      Augsburg;20160115;   3;    0.0;   5.2;   6.8;  953.76;   84.71;   7.2;    1.8;   -1.0;   -2.5;  15.7;   0.5;   4;    0.000;   1;eor
      Augsburg;20160116;   3;   -0.7;   5.0;   7.7;  962.09;   87.38;   3.9;    0.0;   -1.5;   -0.7;  12.7;   0.2;   4;    0.250;   6;eor
      Augsburg;20160117;   3;   -2.8;   4.2;   7.3;  964.22;   83.29;   4.3;   -1.1;   -8.7;   -0.7;  10.9;   1.0;   4;    1.450;   6;eor
      Augsburg;20160118;   3;   -7.5;   3.1;   5.6;  962.70;   88.96;   2.5;   -3.5;  -13.3;   -2.1;   6.3;   0.0;   0;    5.850;   6;eor
      Augsburg;20160119;   3;   -5.9;   3.4;   8.0;  958.41;   85.92;   1.7;   -3.2;   -7.6;   -1.4;   4.2;   0.0;   0;    0.050;   5;eor
      Augsburg;20160120;   3;   -6.5;   3.2;   6.9;  961.24;   84.29;   0.9;   -0.2;  -13.5;   -4.2;   4.0;   0.2;   4;    6.800;   4;eor
      Augsburg;20160121;   3;   -3.8;   3.9;   5.5;  968.33;   83.96;   1.7;    2.0;  -12.3;   -5.7;   5.5;   0.0;   4;    0.833;   5;eor
      Augsburg;20160122;   3;   -8.2;   3.1;   7.0;  972.21;   93.67;   1.9;   -6.0;  -14.4;   -6.3;   4.0;   1.2;   4;    0.000;   5;eor
      Augsburg;20160123;   3;    0.1;   5.9;   7.2;  975.53;   92.67;   2.9;    4.0;   -8.6;   -5.5;   9.6;   0.5;   4;    0.000;   5;eor
      Augsburg;20160124;   3;   -0.2;   5.4;   7.8;  977.04;   89.96;   1.2;    3.5;   -4.9;   -6.5;   3.8;   0.2;   4;    0.117;   0;eor
      Augsburg;20160125;   3;    4.4;   6.9;   4.8;  973.27;   82.75;   1.4;   11.1;   -0.5;   -2.7;   4.6;   0.0;   0;    4.133;   0;eor
      Augsburg;20160126;   3;    5.7;   6.7;   5.1;  971.15;   74.04;   2.3;   13.8;   -1.1;   -3.4;   8.1;   0.0;   0;    6.083;   0;eor
      Augsburg;20160127;   3;    8.3;   7.7;   7.9;  967.33;   70.25;   3.4;   13.7;    0.9;   -2.2;  12.6;   0.0;   0;    1.350;   0;eor
      Augsburg;20160128;   3;    8.8;   8.4;   7.9;  967.81;   75.46;   3.6;   12.1;    5.7;    4.2;  10.5;   6.4;   4;    0.250;   0;eor
      Augsburg;20160129;   3;    6.3;   8.1;   4.0;  972.27;   85.25;   3.2;   10.5;    2.7;   -1.6;  10.0;   0.0;   0;    5.133;   0;eor
      Augsburg;20160130;   3;    6.4;   7.5;   6.3;  962.95;   78.42;   6.3;   10.7;    1.6;   -2.5;  21.7;   4.7;   4;    4.450;   0;eor
      Augsburg;20160131;   3;    3.8;   7.3;   7.6;  958.51;   90.21;   4.8;   10.4;    1.4;    1.1;  12.5;   9.2;   4;    0.000;   0;eor
      Augsburg;20160201;   3;   11.1;  10.1;   7.7;  964.68;   76.50;   8.3;   14.0;    6.3;    3.3;  17.9;   0.0;   4;    0.650;   0;eor
      Augsburg;20160202;   3;    8.7;   8.3;   7.7;  964.33;   73.63;   6.3;   11.4;    6.5;    4.8;  15.7;   0.6;   4;    2.733;   0;eor
      Augsburg;20160203;   3;    3.4;   6.7;   7.6;  963.11;   85.88;   4.9;    9.4;    0.6;   -0.9;  15.8;   5.8;   4;    0.000;   0;eor
      Augsburg;20160204;   3;    2.0;   6.1;   7.4;  967.58;   86.13;   6.9;    4.0;    0.5;   -0.6;  16.3;   6.4;   4;    0.700;   0;eor
      Augsburg;20160205;   3;    3.6;   7.0;   6.8;  970.00;   89.08;   2.8;    7.5;   -0.7;   -4.0;  10.5;   0.1;   4;    0.500;   0;eor
      Augsburg;20160206;   3;    3.9;   6.7;   6.9;  961.54;   83.46;   2.1;   13.3;   -2.0;   -4.2;   5.4;   0.0;   0;    6.717;   0;eor
      Augsburg;20160207;   3;    3.0;   6.6;   7.2;  951.75;   86.46;   2.4;    7.3;   -3.2;   -5.6;   9.5;   0.4;   4;    0.783;   0;eor
      Augsburg;20160208;   3;    7.1;   6.9;   6.8;  951.43;   69.46;   6.8;   12.7;    3.1;    0.8;  23.6;   3.2;   4;    1.683;   0;eor
      Augsburg;20160209;   3;    7.8;   7.7;   7.7;  944.04;   72.75;   5.6;   11.8;    3.7;    2.3;  22.7;   1.0;   4;    0.000;   0;eor
      Augsburg;20160210;   3;    2.7;   5.6;   7.5;  943.02;   75.29;   7.0;    4.8;    0.4;    0.0;  16.3;   0.7;   4;    2.200;   0;eor
      Augsburg;20160211;   3;    1.6;   5.0;   7.1;  950.70;   74.38;   5.0;    5.6;   -3.5;   -6.3;  12.2;   0.0;   4;    0.100;   0;eor
      Augsburg;20160212;   3;    1.7;   5.0;   6.9;  945.10;   72.79;   2.9;    5.8;   -1.4;   -2.8;  10.3;   0.5;   4;    6.783;   0;eor
      Augsburg;20160213;   3;    4.3;   6.9;   7.6;  936.83;   84.00;   3.4;    7.9;    1.3;    0.9;  13.5;   1.8;   4;    0.733;   0;eor
      Augsburg;20160214;   3;    5.7;   7.3;   7.4;  935.98;   79.96;   4.5;    9.4;    2.8;    1.0;  18.0;   2.5;   4;    1.000;   0;eor
      Augsburg;20160215;   3;    3.4;   6.9;   7.7;  954.03;   88.42;   2.6;    5.8;    0.9;   -1.4;   6.9;   0.1;   4;    0.300;   0;eor
      Augsburg;20160216;   3;    2.0;   5.7;   7.5;  971.83;   81.25;   4.3;    3.8;   -0.1;   -1.8;   9.5;   0.0;   4;    0.133;   0;eor
      Augsburg;20160217;   3;    0.6;   5.5;   8.0;  962.10;   85.71;   3.4;    1.4;   -1.1;   -2.9;   9.7;   0.3;   4;    0.000;   0;eor
      Augsburg;20160218;   3;    2.3;   5.5;   7.3;  959.90;   78.08;   2.9;    6.3;   -1.2;   -4.7;   7.7;   0.0;   0;    4.633;   0;eor
      Augsburg;20160219;   3;    1.4;   5.7;   7.5;  963.68;   84.50;   3.6;    3.7;   -0.8;   -3.0;  10.1;   0.0;   4;    0.000;   0;eor
      Augsburg;20160220;   3;    2.4;   6.0;   6.3;  964.09;   80.88;   7.2;    7.7;   -1.8;   -3.9;  20.9;   3.3;   4;    0.000;   0;eor
      Augsburg;20160221;   3;   10.8;   9.5;   6.3;  960.83;   73.67;   8.3;   14.4;    7.6;    1.0;  18.8;   0.0;   0;    0.833;   0;eor
      Augsburg;20160222;   3;   11.7;   7.9;   4.5;  956.05;   58.63;   5.3;   16.3;    6.1;    0.9;  15.1;   0.0;   4;    6.700;   0;eor
      Augsburg;20160223;   3;    5.4;   7.4;   7.7;  955.62;   82.38;   6.0;   10.1;    0.2;   -1.1;  14.3;   7.6;   4;    0.000;   0;eor
      Augsburg;20160224;   3;    1.6;   5.5;   7.5;  960.37;   80.58;   2.7;    4.8;   -0.5;   -2.2;   5.9;   2.0;   4;    2.100;   0;eor
      Augsburg;20160225;   3;    0.8;   5.8;   7.6;  955.55;   89.25;   2.0;    2.4;   -0.1;   -1.3;   4.5;   1.0;   4;    0.000;   1;eor
      Augsburg;20160226;   3;    0.0;   4.6;   6.3;  955.41;   76.17;   2.7;    4.2;   -4.5;   -7.2;   8.6;   0.0;   0;    6.633;   0;eor
      Augsburg;20160227;   3;    0.4;   4.8;   6.5;  949.75;   76.13;   2.7;    6.2;   -4.3;   -7.7;   6.4;   0.0;   0;    7.833;   0;eor
      Augsburg;20160228;   3;    1.6;   5.5;   7.8;  952.18;   79.96;   4.0;    5.4;   -1.3;   -4.2;  10.5;   0.0;   0;    0.000;   0;eor
      Augsburg;20160229;   3;    2.1;   6.5;   7.8;  954.85;   91.67;   5.0;    5.0;   -1.4;   -1.4;   9.5;  12.7;   4;    0.000;   0;eor
      Augsburg;20160301;   3;    0.0;   5.4;   7.5;  962.12;   87.58;   4.1;    2.2;   -1.6;   -3.8;   9.9;   1.3;   4;    0.083;   7;eor
      Augsburg;20160302;   3;    3.4;   6.9;   7.6;  950.34;   87.79;   5.6;    7.7;    0.8;   -0.1;  15.8;   6.5;   4;    0.017;   1;eor
      Augsburg;20160303;   3;    2.1;   5.7;   7.8;  947.59;   79.88;   3.9;    4.5;    0.4;   -0.5;   8.5;   0.0;   4;    0.117;   0;eor
      Augsburg;20160304;   3;    3.3;   5.7;   7.5;  947.00;   74.17;   3.6;    6.9;   -0.8;   -2.0;   9.9;   0.0;   0;    5.500;   0;eor
      Augsburg;20160305;   3;    2.5;   6.4;   7.7;  940.53;   87.42;   2.3;    6.8;   -0.8;   -3.1;   7.4;   7.3;   4;    0.400;   0;eor
      Augsburg;20160306;   3;    2.1;   5.7;   6.8;  945.76;   81.58;   4.9;    5.3;   -1.5;   -3.7;  12.3;   0.0;   4;    1.500;   0;eor
      Augsburg;20160307;   3;    1.1;   5.3;   7.0;  948.55;   80.67;   2.3;    4.7;   -2.2;   -4.8;   7.2;   0.5;   4;    3.600;   0;eor
      Augsburg;20160308;   3;   -0.3;   5.0;   4.6;  956.93;   84.46;   2.0;    5.4;   -4.8;   -8.0;   7.4;   0.0;   4;    6.900;   0;eor
      Augsburg;20160309;   3;   -1.9;   4.8;   2.5;  954.18;   90.21;   2.0;    3.6;   -6.4;   -9.3;   8.4;   0.0;   4;    2.483;   0;eor
      Augsburg;20160310;   3;    0.8;   5.4;   2.3;  958.73;   84.00;   1.5;    8.3;   -6.1;   -7.8;   6.4;   0.0;   0;    6.817;   0;eor
      Augsburg;20160311;   3;    2.1;   5.6;   4.6;  966.00;   79.58;   3.1;    7.5;   -5.4;   -7.9;   9.4;   0.0;   0;    4.700;   0;eor
      Augsburg;20160312;   3;    4.4;   6.3;   7.8;  968.55;   75.46;   3.9;    7.1;    2.2;    1.7;   9.1;   0.0;   4;    0.183;   0;eor
      Augsburg;20160313;   3;    3.9;   6.4;   7.8;  970.52;   79.17;   6.0;    7.2;    1.4;    1.1;  12.1;   0.0;   0;    0.717;   0;eor
      Augsburg;20160314;   3;    2.4;   5.2;   5.5;  970.46;   72.46;   5.0;    8.0;   -3.4;   -6.8;  11.6;   0.0;   0;    5.900;   0;eor
      Augsburg;20160315;   3;   -0.4;   5.4;   7.5;  965.93;   90.71;   2.3;    1.1;   -3.9;   -6.9;   7.7;   4.6;   4;    0.000;   0;eor
      Augsburg;20160316;   3;    2.0;   5.3;   3.9;  966.05;   76.38;   6.5;    6.8;   -1.3;   -5.0;  15.8;   0.0;   4;    7.367;   0;eor
      Augsburg;20160317;   3;    3.1;   5.7;   0.0;  967.35;   76.33;   2.1;   11.1;   -3.4;   -7.3;   6.3;   0.0;   0;   10.650;   0;eor
      Augsburg;20160318;   3;    4.0;   5.8;   0.1;  963.06;   74.79;   1.6;   13.3;   -4.1;   -8.0;   6.6;   0.0;   0;   10.617;   0;eor
      Augsburg;20160319;   3;    3.3;   6.1;   3.0;  962.35;   79.21;   3.0;    8.7;   -3.5;   -6.8;   8.1;   0.0;   0;   10.267;   0;eor
      Augsburg;20160320;   3;    4.4;   5.9;   5.1;  961.30;   71.29;   2.6;    9.4;    1.1;   -3.2;   7.5;   0.0;   0;    6.117;   0;eor
      Augsburg;20160321;   3;    4.6;   6.0;   7.3;  960.73;   71.83;   1.9;    9.2;   -0.5;   -2.9;   7.8;   0.0;   0;    3.517;   0;eor
      Augsburg;20160322;   3;    5.1;   6.2;   7.4;  956.43;   71.17;   2.1;    8.5;    2.3;    0.8;   7.9;   0.1;   4;    2.017;   0;eor
      Augsburg;20160323;   3;    4.7;   6.4;   7.8;  952.63;   75.71;   2.2;    8.2;    2.0;    0.9;   7.0;   0.5;   4;    0.617;   0;eor
      Augsburg;20160324;   3;    4.6;   6.2;   7.9;  957.96;   74.46;   2.4;    7.9;    1.9;   -0.4;   8.2;   0.0;   4;    0.550;   0;eor
      Augsburg;20160325;   3;    4.9;   7.1;   7.8;  959.13;   81.92;   4.1;    7.4;    2.8;    1.4;  12.4;   8.6;   4;    0.000;   0;eor
      Augsburg;20160326;   3;    7.1;   7.6;   4.8;  962.56;   77.17;   2.8;   12.4;    2.9;   -0.7;   9.2;   0.0;   0;    5.700;   0;eor
      Augsburg;20160327;   3;    6.5;   7.8;   7.0;  957.61;   81.75;   2.8;   13.6;   -0.6;   -3.5;  10.3;   1.3;   4;    3.633;   0;eor
      Augsburg;20160328;   3;    8.2;   7.5;   5.2;  953.06;   71.92;   3.9;   14.3;   -0.1;   -3.0;  12.7;   1.3;   4;    6.167;   0;eor
      Augsburg;20160329;   3;    9.2;   7.1;   6.0;  956.19;   63.21;   5.3;   14.0;    4.0;    0.0;  19.1;   0.7;   4;    9.167;   0;eor
      Augsburg;20160330;   3;   10.1;  10.3;   7.8;  957.27;   83.88;   3.1;   14.4;    6.5;    5.1;   9.3;   2.2;   4;    0.233;   0;eor
      Augsburg;20160331;   3;   11.4;  10.9;   7.2;  952.99;   81.71;   1.9;   18.8;    3.0;    0.9;   5.9;   0.0;   0;    4.350;   0;eor
      Augsburg;20160401;   3;    6.9;   8.8;   7.9;  959.55;   88.54;   3.2;    8.8;    4.9;    2.3;   8.8;   0.0;   0;    0.017;   0;eor
      Augsburg;20160402;   3;    8.9;   9.1;   6.4;  961.21;   80.04;   2.9;   15.4;    4.3;    1.2;   7.5;   0.0;   0;    2.850;   0;eor
      Augsburg;20160403;   3;   11.2;  10.0;   6.6;  956.36;   77.13;   1.8;   20.1;    2.8;   -0.1;   6.4;   0.0;   0;    6.167;   0;eor
      Augsburg;20160404;   3;   13.1;  11.1;   6.0;  952.55;   75.13;   2.4;   20.0;    7.1;    3.8;   7.0;   0.0;   0;    8.000;   0;eor
      Augsburg;20160405;   3;   11.9;  10.9;   7.3;  952.40;   79.17;   2.6;   18.0;    3.5;    0.7;  11.0;   1.5;   4;    4.717;   0;eor
      Augsburg;20160406;   3;   10.6;   9.5;   6.5;  957.79;   75.08;   3.8;   15.1;    5.8;    3.0;   9.3;   0.0;   4;    3.317;   0;eor
      Augsburg;20160407;   3;    7.5;   8.3;   6.3;  956.37;   80.71;   2.7;   10.9;    3.5;    0.0;   9.8;   0.9;   4;    1.650;   0;eor
      Augsburg;20160408;   3;    6.5;   7.4;   7.8;  955.42;   76.83;   1.8;    9.0;    4.0;    3.6;   5.8;   0.0;   4;    0.000;   0;eor
      Augsburg;20160409;   3;    7.1;   8.1;   7.6;  952.48;   80.54;   1.4;   10.5;    4.7;    4.2;   5.8;   0.5;   4;    0.000;   0;eor
      Augsburg;20160410;   3;    8.4;   8.4;   6.8;  955.63;   77.08;   2.3;   13.2;    2.6;   -0.3;   7.4;   0.0;   0;    1.700;   0;eor
      Augsburg;20160411;   3;    8.7;   8.2;   0.8;  955.75;   74.96;   2.7;   16.1;    1.5;   -2.3;   9.4;   0.0;   4;   12.100;   0;eor
      Augsburg;20160412;   3;   10.0;   9.5;   5.8;  955.64;   78.54;   2.4;   16.7;    3.7;    0.7;  10.4;   7.4;   4;    6.383;   0;eor
      Augsburg;20160413;   3;   10.1;   9.8;   6.9;  953.11;   80.33;   2.7;   17.3;    6.2;    4.4;  15.8;   2.1;   4;    5.267;   0;eor
      Augsburg;20160414;   3;    8.6;   8.7;   7.0;  956.65;   79.04;   3.2;   14.1;    2.8;   -0.5;   7.8;   0.2;   4;    2.767;-999;eor
      Augsburg;20160415;   3;    8.1;   9.5;   7.7;  953.75;   88.04;   3.1;   11.7;    1.8;   -0.6;  12.6;   9.5;   4;    0.200;   0;eor
      Augsburg;20160416;   3;   11.6;  10.7;   7.5;  950.95;   79.88;   3.7;   17.8;    7.7;    7.1;  16.8;   1.9;   4;    3.583;   0;eor
      Augsburg;20160417;   3;    8.7;  10.0;   7.4;  954.33;   88.92;   3.3;   12.1;    5.7;    4.5;   9.3;   8.6;   4;    0.000;   0;eor
      Augsburg;20160418;   3;    7.4;   8.4;   7.8;  963.22;   82.04;   2.5;    9.7;    4.9;    2.9;   6.7;   0.0;   0;    0.050;   0;eor
      Augsburg;20160419;   3;    7.7;   7.7;   5.5;  968.67;   74.08;   2.6;   12.4;    1.4;   -1.5;   7.9;   0.0;   0;    5.583;   0;eor
      Augsburg;20160420;   3;    7.8;   7.0;   2.8;  970.89;   69.54;   2.1;   14.1;    2.0;   -1.9;   6.2;   0.0;   0;   12.417;   0;eor
      Augsburg;20160421;   3;    9.1;   7.1;   3.3;  965.84;   65.25;   1.9;   18.4;    0.5;   -3.7;   7.3;   0.0;   0;   12.300;   0;eor
      Augsburg;20160422;   3;   11.4;   8.2;   7.1;  959.29;   64.42;   2.0;   19.0;    1.0;   -1.8;   7.8;   0.0;   4;   10.133;   0;eor
      Augsburg;20160423;   3;    8.8;   8.8;   7.8;  952.84;   78.17;   3.3;   14.1;    2.3;    0.8;  11.5;   3.6;   4;    0.517;-999;eor
      Augsburg;20160424;   3;    3.0;   5.7;   7.0;  956.08;   76.42;   3.3;    7.6;   -1.2;   -4.2;  11.1;   0.2;   4;    3.100;   0;eor
      Augsburg;20160425;   3;    2.9;   5.5;   7.5;  955.03;   74.42;   5.0;    6.8;   -0.2;   -1.6;  13.1;   0.0;   4;    3.067;   0;eor
      Augsburg;20160426;   3;    3.0;   6.2;   7.3;  948.80;   83.13;   4.8;    7.0;    0.2;    0.0;  16.4;   8.7;   4;    0.000;   0;eor
      Augsburg;20160427;   3;    2.9;   5.6;   5.2;  954.32;   75.33;   5.6;    7.4;   -1.7;   -4.4;  19.1;   0.2;   4;    6.433;   0;eor
      Augsburg;20160428;   3;    3.1;   5.7;   4.5;  959.52;   75.83;   2.9;    9.6;   -2.0;   -5.3;  13.5;   0.5;   4;    7.367;   0;eor
      Augsburg;20160429;   3;    7.0;   5.7;   2.8;  961.44;   61.88;   1.7;   15.6;   -2.8;   -5.0;   5.7;   0.0;   0;   12.283;   0;eor
      Augsburg;20160430;   3;   10.7;   6.7;   5.4;  958.28;   56.21;   2.7;   18.5;   -0.3;   -3.1;   8.7;   0.0;   0;    9.900;   0;eor
      Augsburg;20160501;   3;    9.7;   9.1;   7.8;  959.99;   76.75;   3.0;   14.0;    6.0;    3.5;  11.4;   2.0;   4;    1.200;   0;eor
      Augsburg;20160502;   3;   10.6;   8.4;   3.2;  964.33;   68.92;   2.3;   17.4;    3.9;    1.4;   9.3;   0.0;   0;   11.900;   0;eor
      Augsburg;20160503;   3;    9.9;   8.9;   5.8;  963.73;   73.71;   3.9;   17.0;    4.6;    0.9;  15.3;   1.0;   4;    5.650;-999;eor
      Augsburg;20160504;   3;    8.4;   6.5;   2.6;  969.85;   61.71;   2.9;   14.0;    1.7;   -1.1;   8.4;   0.0;   0;   10.950;-999;eor
      Augsburg;20160505;   3;    9.6;   8.5;   1.6;  966.87;   71.33;   4.3;   16.0;    1.7;   -1.6;  12.1;   0.0;   0;   11.467;-999;eor
      Augsburg;20160506;   3;   14.0;   9.2;   0.2;  960.35;   61.00;   3.0;   21.2;    3.3;   -0.3;   9.8;   0.0;   0;   13.633;-999;eor
      Augsburg;20160507;   3;   15.6;   8.9;   0.0;  956.62;   53.29;   3.5;   22.6;    5.0;    1.1;  12.2;   0.0;   0;   13.650;-999;eor
      Augsburg;20160508;   3;   16.2;   8.9;   0.1;  956.66;   50.38;   4.9;   22.7;    6.7;    1.9;  12.2;   0.0;   0;   13.733;-999;eor
      Augsburg;20160509;   3;   16.9;   9.6;   3.8;  957.54;   51.67;   3.5;   23.6;    7.7;    3.2;  10.5;   0.0;   0;   12.567;-999;eor
      Augsburg;20160510;   3;   15.2;  11.6;   6.7;  955.33;   67.83;   2.5;   19.8;    9.2;    5.0;   7.2;   0.0;   4;    1.417;-999;eor
      Augsburg;20160511;   3;   15.7;  12.7;   7.8;  949.33;   73.25;   4.4;   20.8;    6.8;    4.3;  11.6;   0.0;   4;    4.500;-999;eor
      Augsburg;20160512;   1;   11.7;  11.9;   7.7;  943.23;   86.83;   3.4;   14.6;    9.2;    6.3;  10.3;  23.1;   4;    0.550;-999;eor
      Augsburg;20160513;   1;   11.3;  12.3;   7.6;  944.52;   91.42;   3.2;   16.4;    9.2;    8.9;   8.6;  30.7;   4;    0.233;-999;eor
      Augsburg;20160514;   1;   11.0;  10.9;   6.6;  952.58;   82.54;   3.4;   15.4;    4.8;    1.2;  12.2;   6.6;   4;    1.000;-999;eor
      Augsburg;20160515;   1;    7.1;   6.3;   7.7;  962.35;   63.71;   4.0;   10.6;    4.4;    2.7;  11.3;   0.0;   4;    2.217;-999;eor
      Augsburg;20160516;   1;    6.4;   7.8;   7.5;  963.69;   81.04;   4.2;   10.5;    4.5;    3.1;  12.4;   5.1;   4;    0.517;-999;eor
      Augsburg;20160517;   1;    8.2;   8.0;   7.4;  963.01;   75.42;   2.2;   13.3;    2.9;    0.3;   7.9;   0.0;   4;    3.683;-999;eor
      Augsburg;20160518;   1;   12.0;   8.5;   6.4;  957.46;   64.04;   2.4;   18.2;    3.2;    0.9;  10.9;   3.0;   4;    9.517;-999;eor
      Augsburg;20160519;   1;   10.5;  11.4;   7.5;  957.06;   89.29;   3.0;   12.3;    9.0;    9.0;  10.5;  14.4;   4;    0.150;-999;eor
      Augsburg;20160520;   1;   12.3;  10.4;   6.6;  964.75;   74.88;   2.6;   18.3;    7.6;    5.6;   7.2;   0.0;   0;    8.667;-999;eor
      Augsburg;20160521;   1;   15.8;  11.2;   7.5;  962.76;   65.29;   2.0;   23.0;    6.5;    3.4;   6.3;   0.0;   0;   13.100;-999;eor
      Augsburg;20160522;   1;   18.6;  13.2;   5.5;  955.95;   64.21;   1.2;   28.0;    8.0;    5.6;  -999;   4.5;   4;   11.017;-999;eor
      Augsburg;20160523;   1;   10.2;  11.0;   7.8;    -999;   88.75;  -999;   14.2;    8.0;    8.0;  -999;  18.0;   4;    0.100;-999;eor
      Augsburg;20160524;   1;    9.7;  11.2;   7.7;  957.93;   92.33;  -999;   10.8;    8.2;    8.1;  -999;   3.5;   4;    0.000;-999;eor
      Augsburg;20160525;   1;   12.2;  11.8;   7.7;  959.34;   83.50;   1.6;   17.0;    9.4;    7.5;   5.2;   1.0;   4;    3.333;-999;eor
      Augsburg;20160526;   1;   16.5;  13.4;   4.8;  960.22;   73.83;   1.3;   23.3;    8.4;    6.5;   5.2;   0.0;   4;   11.667;-999;eor
      Augsburg;20160527;   1;   17.8;  15.5;   7.4;  959.01;   76.58;   1.5;   24.0;   12.0;    9.8;   6.9;   0.4;   4;    5.083;-999;eor
      Augsburg;20160528;   1;   17.8;  15.6;   6.1;  957.05;   78.29;   2.0;   24.5;   11.5;   10.2;   6.7;  26.7;   4;    8.400;-999;eor
      Augsburg;20160529;   1;   17.3;  16.7;   7.2;  950.55;   85.33;   3.1;   22.8;   13.2;   11.9;  18.4;  14.3;   4;    4.483;-999;eor
      Augsburg;20160530;   1;   15.8;  14.0;   7.8;  951.87;   79.08;   5.3;   20.3;   11.7;   10.3;  12.9;   0.0;   4;    4.217;-999;eor
      Augsburg;20160531;   1;   14.8;  13.3;   7.6;  956.44;   79.83;   2.4;   18.0;    9.5;    7.6;   6.8;   5.9;   4;    2.750;-999;eor
      Augsburg;20160601;   1;   15.3;  13.7;   7.2;  957.67;   79.92;   3.4;   19.8;   12.5;   11.8;   9.2;   0.7;   4;    4.400;-999;eor
      Augsburg;20160602;   1;   14.0;  14.5;   7.8;  956.08;   91.00;   2.0;   17.9;   10.2;    9.0;   6.8;  10.2;   4;    0.083;-999;eor
      Augsburg;20160603;   1;   14.5;  14.6;   7.6;  955.74;   89.08;   1.7;   20.0;    9.7;    9.1;   6.2;   0.3;   4;    2.833;-999;eor
      Augsburg;20160604;   1;   16.2;  15.2;   7.7;  957.33;   83.54;   1.8;   21.2;   12.4;   12.1;   5.8;   0.2;   4;    2.433;-999;eor
      Augsburg;20160605;   1;   15.7;  15.8;   7.3;  961.03;   89.00;   1.9;   20.7;   11.2;    9.1;   5.8;   7.3;   4;    1.867;-999;eor
      Augsburg;20160606;   1;   17.5;  15.1;   4.4;  963.89;   78.00;   2.2;   24.6;    9.6;    8.0;   8.4;   0.0;   0;   10.017;-999;eor
      Augsburg;20160607;   1;   18.8;  15.1;   3.0;  965.24;   72.25;   1.7;   26.3;    9.4;    8.0;   7.3;  21.6;   4;   11.950;-999;eor
      Augsburg;20160608;   1;   16.2;  16.3;   7.5;  963.14;   88.71;   2.0;   20.1;   13.7;   13.8;   9.5;  25.9;   4;    0.583;-999;eor
      Augsburg;20160609;   1;   14.6;  14.3;   6.5;  960.63;   86.63;   2.7;   18.7;    9.3;    7.7;   6.7;   0.1;   4;    4.600;-999;eor
      Augsburg;20160610;   1;   15.5;  12.5;   5.5;  957.55;   73.63;   1.8;   21.6;    8.8;    7.5;   8.0;   0.2;   4;   13.117;-999;eor
