STATIONS_ID; MESS_DATUM; QUALITAETS_NIVEAU; LUFTTEMPERATUR;DAMPFDRUCK;BEDECKUNGSGRAD;LUFTDRUCK_STATIONSHOEHE;REL_FEUCHTE; WINDGESCHWINDIGKEIT; LUFTTEMPERATUR_MAXIMUM;LUFTTEMPERATUR_MINIMUM;LUFTTEMP_AM_ERDB_MINIMUM; WINDSPITZE_MAXIMUM; NIEDERSCHLAGSHOEHE;NIEDERSCHLAGSHOEHE_IND;SONNENSCHEINDAUER; SCHNEEHOEHE;eor
      Bremen;20141209;   3;    2.6;   6.6;   7.3; 1023.58;   89.17;   4.1;    3.8;    1.2;   -0.3;  11.7;   0.5;   6;    0.000;   0;eor
      Bremen;20141210;   3;    4.7;   7.0;   4.8; 1011.40;   81.88;   7.5;    7.4;    3.3;    1.4;  17.3;   1.7;   6;    2.250;   0;eor
      Bremen;20141211;   3;    3.8;   6.9;   6.0; 1003.24;   85.67;   7.3;    5.8;    1.4;    0.4;  21.1;  11.4;   8;    0.600;   0;eor
      Bremen;20141212;   3;    6.5;   8.6;   7.0;  995.04;   89.13;   7.9;    9.1;    3.7;    2.6;  20.7;   8.3;   6;    0.000;   0;eor
      Bremen;20141213;   3;    3.2;   6.8;   4.6; 1006.88;   88.13;   4.6;    5.7;   -0.4;   -3.1;   9.6;   0.0;   6;    0.000;   0;eor
      Bremen;20141214;   3;    2.9;   6.7;   5.0; 1013.70;   88.21;   4.4;    4.8;    1.1;    0.0;  10.3;   0.0;   6;    3.133;   0;eor
      Bremen;20141215;   3;    4.1;   7.3;   7.1; 1009.45;   88.29;   6.0;    5.6;    1.3;    0.6;  12.7;   3.8;   6;    0.000;   0;eor
      Bremen;20141216;   3;    4.4;   7.6;   5.3; 1008.72;   90.38;   5.5;    6.8;    0.9;   -0.3;  13.2;   0.5;   6;    0.983;   0;eor
      Bremen;20141217;   3;    4.6;   8.1;   6.9; 1003.77;   94.17;   5.0;    8.9;    0.5;   -0.8;  11.3;   4.0;   6;    0.000;   0;eor
      Bremen;20141218;   3;   10.7;  12.2;   7.9; 1005.29;   94.42;   6.4;   12.1;    8.6;    7.8;  14.4;   9.2;   6;    0.000;   0;eor
      Bremen;20141219;   3;    9.1;  10.3;   6.0; 1006.45;   87.33;   8.0;   11.7;    5.2;    3.7;  15.3;   9.3;   6;    0.100;   0;eor
      Bremen;20141220;   3;    5.7;   7.4;   4.4; 1012.45;   80.38;   9.8;    7.8;    3.7;    2.5;  20.7;   6.4;   8;    0.267;   0;eor
      Bremen;20141221;   3;    6.1;   8.2;   5.9; 1020.28;   86.79;   7.5;    9.4;    3.5;    2.4;  17.7;   1.1;   6;    0.000;   0;eor
      Bremen;20141222;   3;   10.5;  11.8;   7.8; 1009.94;   92.17;  10.5;   11.7;    8.9;    8.1;  19.2;  16.7;   6;    0.000;   0;eor
      Bremen;20141223;   3;   10.1;  11.2;   7.8; 1010.88;   90.08;   9.4;   11.0;    9.5;    8.9;  17.8;   2.6;   6;    0.000;   0;eor
      Bremen;20141224;   3;    7.3;   9.0;   5.5; 1009.93;   87.08;   7.8;   10.1;    3.6;    2.3;  15.8;   1.8;   6;    0.350;   0;eor
      Bremen;20141225;   3;    4.6;   6.7;   6.2; 1017.66;   78.79;   7.7;    6.8;   -0.2;   -2.9;  18.5;   0.6;   6;    1.267;   0;eor
      Bremen;20141226;   3;   -0.5;   5.3;   5.2; 1025.71;   90.54;   2.2;    2.2;   -3.8;   -4.9;   7.0;   0.0;   0;    3.467;   0;eor
      Bremen;20141227;   3;   -0.8;   4.7;   6.5; 1009.78;   81.75;   5.8;    1.3;   -3.6;   -4.6;  13.2;   0.0;   0;    0.433;   0;eor
      Bremen;20141228;   3;   -1.8;   4.4;   3.2; 1024.43;   81.96;   3.8;    1.4;   -6.4;   -8.2;  10.8;   0.7;   7;    5.983;   0;eor
      Bremen;20141229;   3;    1.0;   5.9;   7.0; 1029.68;   89.25;   4.5;    3.1;   -1.8;   -2.7;  11.8;   0.7;   8;    0.850;   0;eor
      Bremen;20141230;   3;    3.8;   7.4;   7.1; 1031.04;   92.38;   3.8;    5.1;    1.3;    0.7;   8.2;   1.4;   6;    0.033;   0;eor
      Bremen;20141231;   3;    5.3;   8.6;   5.9; 1031.03;   96.13;   4.0;    7.4;    1.9;    0.0;   7.2;   0.2;   6;    0.000;   0;eor
      Bremen;20150101;   3;    3.1;   6.2;   5.7; 1028.94;   81.29;   5.4;    5.3;    0.9;   -0.9;  16.1;   2.1;   6;    3.933;   0;eor
      Bremen;20150102;   3;    6.4;   7.5;   5.6; 1019.00;   78.08;  10.5;    9.1;    4.6;    3.1;  20.6;   0.0;   6;    1.200;   0;eor
      Bremen;20150103;   3;    4.3;   6.7;   5.3; 1018.66;   81.00;   8.0;    5.5;    2.2;    0.9;  14.7;   1.2;   6;    0.017;   0;eor
      Bremen;20150104;   3;    3.5;   6.8;   3.7; 1026.85;   86.67;   5.4;    6.8;    0.5;   -2.4;  12.7;   0.2;   6;    5.300;   0;eor
      Bremen;20150105;   3;    2.6;   6.6;   6.5; 1029.22;   89.79;   4.0;    4.2;    0.5;   -0.6;   9.1;   0.0;   0;    0.000;   0;eor
      Bremen;20150106;   3;    2.7;   6.4;   7.8; 1022.34;   86.63;   2.9;    4.1;    1.0;   -1.0;   7.7;   0.5;   6;    0.000;   0;eor
      Bremen;20150107;   3;    4.3;   7.4;   6.1; 1023.13;   89.54;   4.9;    6.3;    2.3;    0.8;  11.7;   0.3;   6;    5.600;   0;eor
      Bremen;20150108;   3;    5.4;   8.2;   7.5; 1017.33;   90.29;   6.9;    7.2;    3.2;    2.4;  13.7;  11.3;   6;    0.000;   0;eor
      Bremen;20150109;   3;    7.7;   8.4;   7.1; 1010.79;   80.71;  10.8;   10.6;    5.4;    4.7;  23.7;   4.0;   6;    0.000;   0;eor
      Bremen;20150110;   3;    9.3;   9.8;   6.3; 1002.85;   80.46;  12.1;   12.8;    4.5;    3.2;  25.4;   4.1;   6;    0.000;   0;eor
      Bremen;20150111;   3;    4.6;   6.8;   5.3; 1009.03;   79.79;  10.7;    6.6;    2.3;    1.4;  21.9;   4.2;   8;    0.467;   0;eor
      Bremen;20150112;   3;    7.3;   8.9;   7.2; 1008.97;   86.63;   9.3;    8.9;    6.1;    5.1;  17.8;   5.4;   6;    0.000;   0;eor
      Bremen;20150113;   3;    8.3;   9.9;   7.2; 1002.19;   90.25;   7.5;   10.4;    6.1;    4.8;  15.9;   8.5;   6;    0.000;   0;eor
      Bremen;20150114;   3;    3.8;   6.9;   4.8; 1005.26;   86.38;   6.4;    6.4;    1.1;   -0.3;  17.1;   3.1;   8;    0.150;   0;eor
      Bremen;20150115;   3;    6.8;   8.3;   7.1;  998.12;   83.33;   8.3;   10.1;    2.0;    0.7;  19.7;   2.9;   6;    0.000;   0;eor
      Bremen;20150116;   3;    5.5;   7.0;   4.4; 1002.91;   77.75;   5.7;    7.4;    0.3;   -1.8;  14.7;   0.0;   0;    3.050;   0;eor
      Bremen;20150117;   3;    1.7;   5.9;   2.1; 1011.48;   85.92;   3.9;    5.1;   -0.8;   -2.5;   9.8;   0.0;   7;    6.350;   0;eor
      Bremen;20150118;   3;    1.4;   6.1;   7.6; 1012.75;   89.38;   3.8;    2.0;    0.5;   -0.4;   7.9;   2.2;   8;    0.000;   0;eor
      Bremen;20150119;   3;    0.3;   5.6;   7.1; 1011.85;   89.33;   1.5;    2.0;   -1.8;   -2.8;   3.9;   0.0;   0;    0.000;   0;eor
      Bremen;20150120;   3;   -1.3;   5.4;   4.7; 1011.67;   96.08;   1.2;    2.3;   -4.6;   -5.8;   3.6;   0.0;   6;    0.667;   0;eor
      Bremen;20150121;   3;   -2.8;   4.6;   4.9; 1015.13;   93.42;   2.4;    0.4;   -6.4;   -7.3;   8.2;   0.0;   0;    2.033;   0;eor
      Bremen;20150122;   3;   -0.8;   5.1;   6.8; 1019.84;   88.71;   4.3;    1.0;   -3.0;   -4.0;   8.7;   0.0;   0;    0.833;   0;eor
      Bremen;20150123;   3;   -1.9;   4.9;   7.7; 1025.27;   91.71;   2.4;   -1.0;   -2.5;   -3.4;   7.7;   0.0;   0;    0.000;   0;eor
      Bremen;20150124;   3;   -0.6;   5.4;   5.6; 1018.46;   91.50;   3.9;    1.6;   -4.4;   -9.0;   9.9;   2.7;   7;    0.750;   0;eor
      Bremen;20150125;   3;    1.4;   6.5;   5.7; 1025.09;   95.71;   2.7;    4.7;   -3.9;   -9.2;   7.2;   1.4;   8;    1.983;   3;eor
      Bremen;20150126;   3;    3.5;   7.5;   7.4; 1016.86;   95.71;   5.2;    6.0;    2.4;    1.3;  13.4;   5.1;   6;    0.000;   0;eor
      Bremen;20150127;   3;    3.2;   7.0;   4.7; 1017.30;   91.17;   4.6;    6.3;    0.9;   -1.7;  10.8;   1.9;   6;    2.950;   0;eor
      Bremen;20150128;   3;    4.2;   7.3;   7.1; 1001.85;   89.00;   7.2;    6.2;    1.9;    0.7;  18.9;   6.0;   8;    0.000;   0;eor
      Bremen;20150129;   3;    1.7;   6.0;   6.2;  981.98;   86.38;   7.0;    3.6;    0.1;   -0.2;  16.5;   1.6;   8;    0.983;   0;eor
      Bremen;20150130;   3;    0.3;   6.1;   7.5;  973.75;   97.17;   2.4;    1.6;   -0.8;   -1.5;   6.2;   0.7;   7;    0.100;   0;eor
      Bremen;20150131;   3;    1.2;   6.2;   7.3;  979.15;   93.08;   3.0;    3.5;   -0.5;   -1.2;   7.7;   2.2;   8;    0.083;   0;eor
      Bremen;20150201;   3;    0.9;   6.1;   7.7;  988.30;   93.25;   3.9;    1.9;   -0.8;   -1.9;   7.7;   0.1;   7;    0.000;   0;eor
      Bremen;20150202;   3;    0.9;   6.1;   6.0;  995.20;   92.79;   4.7;    3.5;   -1.6;   -3.2;  10.8;   1.9;   8;    2.100;   0;eor
      Bremen;20150203;   3;    0.1;   5.4;   5.8; 1001.92;   87.25;   4.1;    2.6;   -3.2;   -4.3;   8.7;   0.0;   7;    2.700;   1;eor
      Bremen;20150204;   3;   -1.5;   4.5;   2.8; 1013.48;   82.08;   2.7;    1.6;   -5.5;   -6.9;   8.2;   0.0;   7;    8.217;   0;eor
      Bremen;20150205;   3;   -0.8;   4.8;   5.3; 1024.25;   83.38;   3.3;    0.8;   -2.0;   -4.4;   7.2;   0.0;   7;    0.417;   0;eor
      Bremen;20150206;   3;   -1.2;   4.5;   1.8; 1031.29;   81.50;   3.3;    2.4;   -6.5;   -6.4;   7.2;   0.0;   6;    8.650;   0;eor
      Bremen;20150207;   3;    0.8;   6.2;   6.3; 1027.90;   93.13;   4.3;    5.2;   -6.7;   -7.0;  19.5;   0.2;   6;    0.000;   0;eor
      Bremen;20150208;   3;    3.4;   5.0;   5.7; 1026.18;   64.17;   6.8;    4.9;    1.2;   -1.1;  17.5;   0.4;   6;    7.533;   0;eor
      Bremen;20150209;   3;    5.9;   8.6;   7.4; 1024.03;   93.17;   7.4;    7.1;    4.9;    4.3;  14.1;   0.6;   6;    0.183;   0;eor
      Bremen;20150210;   3;    6.1;   8.2;   7.0; 1028.61;   87.71;   5.3;    7.3;    5.2;    4.6;  12.9;   0.2;   6;    0.083;   0;eor
      Bremen;20150211;   3;    4.5;   6.9;   7.2; 1026.69;   82.38;   2.7;    5.8;    2.4;    2.2;   6.7;   0.0;   0;    0.000;   0;eor
      Bremen;20150212;   3;    1.5;   6.2;   7.7; 1021.99;   91.46;   2.1;    2.4;    0.5;    0.5;   5.7;   0.0;   0;    0.000;   0;eor
      Bremen;20150213;   3;    2.4;   6.2;   5.8; 1015.83;   85.63;   3.9;    6.5;   -0.1;   -1.7;   7.5;   0.0;   0;    7.033;   0;eor
      Bremen;20150214;   3;    3.9;   6.3;   3.1; 1011.42;   78.83;   2.9;   10.4;   -1.3;   -2.8;   7.0;   0.0;   0;    8.550;   0;eor
      Bremen;20150215;   3;    2.0;   5.9;   5.3; 1017.15;   83.75;   5.5;    4.7;   -0.8;   -1.7;  10.3;   0.0;   0;    2.083;   0;eor
      Bremen;20150216;   3;    2.3;   6.1;   4.2; 1019.88;   84.21;   4.4;    4.3;   -0.2;   -2.8;  11.8;   0.0;   0;    1.550;   0;eor
      Bremen;20150217;   3;    0.7;   6.3;   3.9; 1030.45;   96.21;   2.6;    3.9;   -4.4;   -5.3;   5.7;   0.0;   0;    0.000;   0;eor
      Bremen;20150218;   3;    1.8;   6.0;   5.3; 1037.18;   87.75;   3.6;    6.9;   -0.7;   -1.2;   8.1;   0.0;   0;    6.050;   0;eor
      Bremen;20150219;   3;    2.1;   5.9;   1.5; 1025.37;   83.75;   4.9;    5.8;   -0.8;   -3.5;  12.7;   0.0;   0;    7.683;   0;eor
      Bremen;20150220;   3;    4.2;   7.2;   7.1; 1008.30;   85.71;   5.5;    6.3;    0.6;   -0.7;  13.9;   7.3;   6;    0.017;   0;eor
      Bremen;20150221;   3;    4.3;   7.6;   7.4;  995.60;   90.25;   5.3;    5.9;    1.2;   -0.3;  12.7;   0.9;   6;    0.150;   0;eor
      Bremen;20150222;   3;    2.9;   6.1;   5.2; 1005.68;   81.96;   4.6;    6.9;    0.6;   -1.6;  12.3;   1.8;   8;    6.200;   0;eor
      Bremen;20150223;   3;    3.7;   6.8;   6.6;  993.81;   86.13;   6.5;    5.5;    1.1;    0.2;  19.5;   0.5;   6;    0.900;   0;eor
      Bremen;20150224;   3;    4.1;   6.9;   4.1; 1001.51;   84.04;   5.9;    7.2;    1.8;    0.2;  17.5;   2.8;   8;    1.650;   0;eor
      Bremen;20150225;   3;    4.4;   7.1;   5.3; 1015.02;   85.75;   3.8;    8.0;    1.7;    0.3;   9.3;   2.8;   6;    4.583;   0;eor
      Bremen;20150226;   3;    6.0;   7.4;   6.4; 1015.45;   80.46;   4.7;    9.3;    3.8;    3.0;  11.8;   6.3;   6;    5.933;   0;eor
      Bremen;20150227;   3;    4.7;   7.6;   6.9; 1012.56;   87.75;   4.4;    7.5;    0.2;   -2.6;  11.5;   2.6;   6;    0.350;   0;eor
      Bremen;20150228;   3;    2.8;   5.8;   3.6; 1015.48;   79.17;   4.4;    7.2;   -2.0;   -3.9;  11.5;   0.9;   6;    9.133;   0;eor
      Bremen;20150301;   3;    5.6;   7.2;   6.0;  999.09;   78.83;   6.7;   10.7;    2.3;    0.1;  19.5;   3.0;   6;    2.117;   0;eor
      Bremen;20150302;   3;    4.3;   6.5;   5.8;  999.45;   79.33;   8.3;    8.9;    0.5;   -0.1;  21.6;   4.9;   8;    4.883;   0;eor
      Bremen;20150303;   3;    3.1;   6.6;   4.7; 1012.28;   85.96;   6.4;    6.4;    0.7;   -0.4;  14.4;   2.2;   6;    2.283;   0;eor
      Bremen;20150304;   3;    3.5;   6.7;   5.5; 1019.00;   85.42;   6.8;    7.0;    0.6;   -0.8;  18.0;   2.9;   8;    0.633;   0;eor
      Bremen;20150305;   3;    4.8;   7.1;   5.4; 1033.38;   83.25;   4.3;    8.4;    0.3;   -1.7;  11.0;   0.0;   6;    1.000;   0;eor
      Bremen;20150306;   3;    6.7;   7.5;   7.2; 1032.88;   76.71;   4.5;    9.6;    4.3;    3.7;   9.9;   0.0;   0;    0.000;   0;eor
      Bremen;20150307;   3;    7.8;   6.8;   5.7; 1027.13;   65.71;   4.6;   12.7;    3.3;    1.6;  11.1;   0.0;   0;    1.083;   0;eor
      Bremen;20150308;   3;    9.9;   6.9;   3.7; 1021.86;   59.08;   3.9;   17.3;    3.2;    0.2;   9.9;   0.0;   6;   10.200;   0;eor
      Bremen;20150309;   3;    7.4;   8.7;   5.9; 1025.49;   84.75;   2.3;   11.3;    3.3;    0.1;   6.2;   1.2;   6;    3.617;   0;eor
      Bremen;20150310;   3;    7.3;   8.4;   4.6; 1025.76;   82.50;   3.7;   11.8;    1.4;   -2.3;  11.3;   0.0;   6;    4.300;   0;eor
      Bremen;20150311;   3;    4.1;   6.7;   0.9; 1029.91;   83.38;   3.9;   10.0;   -1.5;   -4.0;  10.3;   0.0;   0;    9.867;   0;eor
      Bremen;20150312;   3;    4.0;   6.3;   2.7; 1031.82;   80.13;   2.7;   10.7;   -2.7;   -3.6;   9.4;   0.0;   0;    7.950;   0;eor
      Bremen;20150313;   3;    3.5;   5.4;   3.0; 1028.73;   70.08;   5.1;    7.7;    0.1;   -3.1;  10.5;   0.0;   0;    9.883;   0;eor
      Bremen;20150314;   3;    4.5;   7.0;   6.8; 1029.30;   82.75;   4.6;    6.6;    2.3;    1.3;   9.3;   0.0;   6;    0.000;   0;eor
      Bremen;20150315;   3;    5.3;   7.3;   7.3; 1029.81;   82.46;   5.7;    6.8;    3.6;    3.1;  12.3;   0.2;   6;    0.000;   0;eor
      Bremen;20150316;   3;    7.9;   7.9;   4.0; 1026.68;   74.54;   5.2;   11.7;    3.0;    1.5;  10.8;   0.0;   0;    3.767;   0;eor
      Bremen;20150317;   3;    8.9;   8.2;   4.8; 1026.04;   73.42;   3.3;   15.8;    3.1;   -1.1;   8.4;   0.0;   0;    8.850;   0;eor
      Bremen;20150318;   3;    8.9;   8.2;   4.4; 1025.40;   74.58;   2.1;   16.3;    2.7;   -1.5;   5.7;   0.0;   0;    9.450;   0;eor
      Bremen;20150319;   3;    7.5;   6.6;   3.4; 1026.98;   69.21;   1.8;   14.6;    0.8;   -2.1;   6.9;   0.0;   0;    8.967;   0;eor
      Bremen;20150320;   3;    3.3;   6.7;   5.5; 1023.54;   87.17;   3.1;    7.2;   -2.2;   -3.0;   7.7;   4.6;   6;    1.517;   0;eor
      Bremen;20150321;   3;    5.1;   7.6;   7.6; 1016.36;   87.13;   5.4;    8.4;    3.1;    2.5;  14.9;   2.8;   6;    0.417;   0;eor
      Bremen;20150322;   3;    2.7;   4.3;   5.2; 1026.56;   58.79;   4.3;    6.2;   -0.6;   -2.5;  13.2;   0.0;   0;   11.817;   0;eor
      Bremen;20150323;   3;    4.1;   6.0;   6.9; 1015.43;   73.17;   2.6;    9.8;   -2.1;   -4.1;   8.2;   0.0;   0;    8.067;   0;eor
      Bremen;20150324;   3;    5.1;   6.4;   5.6; 1008.50;   75.17;   1.9;   10.8;   -0.9;   -2.6;   8.6;   0.0;   0;    6.267;   0;eor
      Bremen;20150325;   3;    8.5;   8.0;   7.4; 1005.68;   72.33;   4.6;   14.6;    4.6;    2.9;  11.3;   0.7;   6;    1.750;   0;eor
      Bremen;20150326;   3;    5.7;   7.0;   7.3; 1006.25;   77.46;   4.0;    8.8;    4.3;    3.6;  10.5;   0.4;   6;    0.783;   0;eor
      Bremen;20150327;   3;    6.0;   8.0;   7.0; 1011.65;   85.58;   5.8;    8.3;    4.0;    2.5;  14.6;   1.3;   6;    0.333;   0;eor
      Bremen;20150328;   3;    7.1;   8.4;   6.5; 1014.64;   82.83;   4.8;   10.5;    3.1;    1.3;  13.4;   1.3;   6;    4.783;   0;eor
      Bremen;20150329;   3;    9.2;  10.4;   7.5;  993.50;   89.33;   7.7;   10.9;    5.1;    4.4;  24.4;  16.9;   6;    0.017;   0;eor
      Bremen;20150330;   3;    5.8;   6.9;   5.7;  997.31;   75.29;  10.2;    9.4;    3.4;    2.6;  24.0;   9.1;   6;    5.317;   0;eor
      Bremen;20150331;   3;    5.8;   7.5;   6.8;  991.74;   81.50;  12.0;    9.1;    1.8;    0.9;  29.3;  13.3;   8;    0.500;   0;eor
      Bremen;20150401;   3;    3.9;   6.6;   6.3; 1008.55;   82.25;   7.9;    8.6;    0.8;    0.1;  18.5;  10.5;   8;    3.783;   0;eor
      Bremen;20150402;   3;    3.8;   6.6;   5.5; 1010.81;   83.04;   6.8;    7.0;    1.4;    0.8;  19.2;   2.5;   8;    4.983;   0;eor
      Bremen;20150403;   3;    5.1;   6.6;   4.8; 1018.41;   75.29;   4.2;    9.1;   -0.8;   -2.2;  10.3;   0.1;   6;    6.517;   0;eor
      Bremen;20150404;   3;    4.1;   6.0;   5.0; 1018.50;   74.71;   3.2;    9.7;   -0.9;   -2.3;  11.3;   0.6;   6;    5.967;   0;eor
      Bremen;20150405;   3;    4.7;   5.3;   3.2; 1024.37;   66.38;   2.9;   10.5;   -3.7;   -4.1;  10.1;   0.1;   6;   10.667;   0;eor
      Bremen;20150406;   3;    7.3;   6.3;   3.7; 1029.36;   64.75;   2.7;   12.2;    2.0;   -1.2;   8.2;   0.0;   6;    9.617;   0;eor
      Bremen;20150407;   3;    6.4;   7.9;   6.0; 1033.41;   81.67;   4.2;   11.9;   -1.2;   -2.7;  11.8;   0.0;   6;    0.217;   0;eor
      Bremen;20150408;   3;    7.6;   8.7;   6.5; 1032.34;   83.92;   4.2;   12.6;    2.5;    0.0;   9.3;   0.0;   0;    3.817;   0;eor
      Bremen;20150409;   3;    8.5;   8.7;   1.6; 1027.57;   79.71;   1.2;   16.7;   -0.4;   -1.6;   6.7;   0.0;   0;    9.883;   0;eor
      Bremen;20150410;   3;   12.2;   9.6;   2.2; 1019.90;   69.17;   1.5;   19.7;    3.5;    1.7;   7.2;   0.0;   0;   10.400;   0;eor
      Bremen;20150411;   3;   10.9;   9.5;   4.5; 1016.10;   73.38;   5.8;   19.2;    4.7;    3.5;  19.4;   1.4;   6;    5.500;   0;eor
      Bremen;20150412;   3;   10.0;   7.2;   6.0; 1024.20;   60.54;   6.6;   14.4;    4.4;    3.3;  22.3;   0.4;   6;   10.350;   0;eor
      Bremen;20150413;   3;    7.7;   7.1;   6.2; 1027.50;   69.29;   6.8;   12.7;    2.2;    0.0;  15.4;   0.0;   0;    9.333;   0;eor
      Bremen;20150414;   3;    9.8;   8.9;   6.5; 1023.23;   73.63;   4.4;   18.5;    1.6;   -0.9;  13.7;   0.0;   0;    6.517;   0;eor
      Bremen;20150415;   3;   13.8;  10.3;   3.0; 1014.53;   68.42;   6.2;   22.2;    7.4;    4.2;  17.8;   0.0;   0;   12.100;   0;eor
      Bremen;20150416;   3;    8.3;   7.3;   4.1; 1015.80;   68.25;   4.7;   12.7;    2.7;    0.0;  10.5;   0.0;   0;   10.567;   0;eor
      Bremen;20150417;   3;    7.3;   7.1;   3.6; 1018.18;   71.29;   4.6;   12.0;    1.7;    0.4;  11.5;   0.1;   6;    9.033;   0;eor
      Bremen;20150418;   3;    8.6;   6.7;   2.6; 1025.68;   62.08;   4.0;   14.2;    2.8;    0.3;   9.6;   0.0;   0;   12.783;   0;eor
      Bremen;20150419;   3;    8.6;   7.1;   3.7; 1023.28;   67.17;   2.4;   14.7;    1.6;    0.3;   7.2;   0.0;   0;   10.250;   0;eor
      Bremen;20150420;   3;   10.6;   8.4;   3.1; 1027.23;   69.54;   4.0;   17.8;    1.7;   -0.6;  10.5;   0.0;   0;   13.300;   0;eor
      Bremen;20150421;   3;    9.3;   8.3;   5.8; 1029.35;   73.71;   5.2;   16.6;    2.4;   -0.4;  12.3;   0.0;   0;   12.683;   0;eor
      Bremen;20150422;   3;    9.5;   8.9;   5.0; 1025.28;   75.79;   5.5;   14.7;    5.7;    4.7;  11.8;   0.0;   0;    6.667;   0;eor
      Bremen;20150423;   3;    8.8;   8.7;   4.5; 1018.99;   78.17;   3.0;   14.9;    5.1;    2.4;   7.0;   0.0;   0;    6.333;   0;eor
      Bremen;20150424;   3;   11.8;   9.0;   6.4; 1011.32;   69.88;   2.6;   19.3;    5.3;    4.6;   9.3;   0.0;   6;    9.883;   0;eor
      Bremen;20150425;   3;   12.2;  11.4;   7.0; 1006.21;   79.92;   3.2;   14.8;    8.1;    5.5;  10.1;   2.3;   6;    0.000;   0;eor
      Bremen;20150426;   3;   10.3;  11.4;   6.2; 1005.61;   90.79;   3.8;   16.1;    7.1;    4.4;   9.8;   6.5;   6;    0.867;   0;eor
      Bremen;20150427;   3;    7.9;   7.4;   7.2; 1007.37;   70.38;   5.1;   12.3;   -0.1;   -2.0;  10.5;   0.1;   6;    3.867;   0;eor
      Bremen;20150428;   3;    4.7;   6.2;   4.7; 1014.42;   76.00;   3.2;   12.4;   -1.9;   -3.9;  18.0;   0.6;   6;    8.067;   0;eor
      Bremen;20150429;   3;    8.3;   6.3;   5.0; 1016.53;   60.29;   4.3;   14.2;    0.2;   -2.5;  13.0;   0.2;   6;    9.917;   0;eor
      Bremen;20150430;   3;    8.7;   8.2;   5.8; 1010.44;   73.04;   3.8;   13.3;    5.2;    3.6;  14.4;   0.7;   8;    5.100;   0;eor
      Bremen;20150501;   3;    7.8;   7.6;   5.2; 1007.82;   72.88;   3.9;   12.8;    2.3;   -0.9;   8.1;   0.0;   6;    6.650;   0;eor
      Bremen;20150502;   3;    7.9;   7.0;   4.5; 1011.68;   68.75;   2.7;   14.3;    0.1;   -2.2;   7.2;   0.0;   0;    9.217;   0;eor
      Bremen;20150503;   3;   12.4;  10.6;   6.5; 1004.91;   71.83;   5.6;   18.4;    4.7;    3.0;  13.9;   2.6;   6;    6.567;   0;eor
      Bremen;20150504;   3;   15.1;  12.2;   5.3; 1005.79;   72.29;   4.8;   19.7;   11.0;    8.6;  11.7;   3.1;   6;    5.200;   0;eor
      Bremen;20150505;   3;   16.2;  13.6;   4.6; 1000.46;   72.46;   6.6;   24.4;    7.5;    4.1;  27.6;   1.2;   6;    7.567;   0;eor
      Bremen;20150506;   3;   11.9;   9.3;   3.7; 1009.08;   68.50;   5.4;   18.2;    6.4;    3.7;  18.5;   2.0;   6;    9.167;   0;eor
      Bremen;20150507;   3;   11.6;   9.8;   4.9; 1014.58;   72.63;   5.6;   15.7;    8.3;    6.9;  13.4;   2.8;   6;    5.600;   0;eor
      Bremen;20150508;   3;   13.3;  10.3;   6.3; 1016.29;   70.00;   2.7;   18.5;    7.9;    6.7;   7.2;   0.0;   6;    3.683;   0;eor
      Bremen;20150509;   3;   13.4;  11.4;   6.6; 1014.02;   75.13;   5.5;   17.9;    9.9;    8.8;  15.4;   1.8;   6;    1.883;   0;eor
      Bremen;20150510;   3;   11.9;   8.5;   6.0; 1024.26;   62.25;   5.3;   17.1;    8.3;    7.9;  14.9;   0.0;   6;    8.700;   0;eor
      Bremen;20150511;   3;   16.4;  11.3;   7.0; 1020.88;   60.88;   4.5;   24.3;    8.4;    6.7;  12.2;   0.0;   0;   10.367;   0;eor
      Bremen;20150512;   3;   14.5;  11.9;   5.7; 1014.85;   72.25;   3.8;   22.4;    8.1;    5.4;  15.9;   0.1;   6;    5.433;   0;eor
      Bremen;20150513;   3;   11.7;   9.0;   4.3; 1016.36;   66.75;   6.0;   17.3;    7.5;    5.8;  13.9;   0.1;   6;    9.467;   0;eor
      Bremen;20150514;   3;    9.8;   8.9;   6.9; 1013.48;   73.63;   3.8;   13.2;    6.2;    3.7;   8.7;   0.0;   6;    0.433;   0;eor
      Bremen;20150515;   3;    8.9;   7.9;   2.5; 1017.33;   70.58;   3.3;   14.3;    2.4;    0.6;   8.7;   0.0;   0;    9.350;   0;eor
      Bremen;20150516;   3;    8.2;   9.3;   5.6; 1019.93;   85.08;   4.6;   14.0;    1.2;   -0.3;  14.4;   0.1;   6;    1.183;   0;eor
      Bremen;20150517;   3;   10.0;   8.0;   5.0; 1021.39;   67.79;   5.1;   15.5;    3.9;    0.1;  14.6;   0.0;   0;    5.433;   0;eor
      Bremen;20150518;   3;   12.1;   9.8;   7.5; 1008.63;   69.88;   3.9;   18.0;    5.7;    4.3;  13.7;   0.8;   6;    1.700;   0;eor
      Bremen;20150519;   3;   10.8;   9.2;   5.0; 1004.41;   72.33;   5.6;   15.6;    4.7;    1.8;  15.8;   0.2;   6;    5.417;   0;eor
      Bremen;20150520;   3;    9.4;   8.8;   4.3; 1012.53;   76.54;   3.9;   15.1;    4.5;    1.6;  12.3;   0.4;   6;    7.850;   0;eor
      Bremen;20150521;   3;   10.8;   8.9;   5.5; 1022.56;   71.25;   3.8;   16.5;    3.8;    1.2;  10.1;   0.0;   6;    5.967;   0;eor
      Bremen;20150522;   3;   13.8;  10.7;   6.5; 1023.70;   69.29;   2.7;   20.1;    4.9;    1.9;   9.3;   0.0;   0;    7.567;   0;eor
      Bremen;20150523;   3;   11.9;  10.7;   7.2; 1021.08;   76.79;   3.6;   15.7;    4.0;    1.1;  10.6;   0.9;   6;    4.850;   0;eor
      Bremen;20150524;   3;   11.5;   8.9;   2.8; 1018.67;   69.00;   1.9;   19.3;    1.8;   -0.7;   6.7;   0.0;   6;   13.467;   0;eor
      Bremen;20150525;   3;   11.9;   9.8;   6.8; 1014.05;   71.67;   3.8;   15.3;    8.1;    7.4;  11.3;   0.0;   6;    2.333;   0;eor
      Bremen;20150526;   3;   10.4;   9.3;   5.9; 1018.10;   74.33;   4.7;   14.6;    5.6;    3.3;  13.4;   0.0;   6;    3.383;   0;eor
      Bremen;20150527;   3;   11.9;   9.2;   5.8; 1020.40;   66.71;   4.3;   15.7;    7.9;    6.9;  10.5;   0.0;   6;    4.333;   0;eor
      Bremen;20150528;   3;   11.9;  10.5;   5.4; 1011.67;   75.08;   4.8;   15.9;    4.9;    2.3;  13.2;  10.9;   6;    3.133;   0;eor
      Bremen;20150529;   3;   11.6;   9.3;   5.7; 1008.15;   70.21;   4.4;   17.7;    3.5;    0.9;  16.1;   0.1;   6;    6.733;   0;eor
      Bremen;20150530;   3;   10.1;   8.8;   4.5; 1010.35;   71.54;   6.3;   13.6;    4.0;    1.0;  15.9;   0.3;   8;    8.083;   0;eor
      Bremen;20150531;   3;   12.7;  11.3;   6.7; 1009.89;   76.33;   4.9;   18.6;    4.0;    0.9;  14.6;   4.1;   6;    2.217;   0;eor
      Bremen;20150601;   3;   12.5;   9.5;   6.5; 1013.85;   67.08;   4.3;   16.6;    7.9;    6.9;  12.7;   0.0;   6;    9.417;   0;eor
      Bremen;20150602;   3;   15.7;  12.3;   7.3; 1008.58;   68.75;   7.8;   19.2;   10.5;    9.4;  18.2;   0.0;   6;    1.083;   0;eor
      Bremen;20150603;   3;   15.0;  11.0;   3.8; 1018.66;   64.54;   6.3;   18.5;    6.2;    3.9;  18.0;   0.0;   6;    5.367;   0;eor
      Bremen;20150604;   3;   14.1;   9.4;   1.1; 1027.56;   62.58;   1.8;   20.8;    3.4;    1.4;   7.5;   0.0;   0;   15.650;   0;eor
      Bremen;20150605;   3;   21.2;  12.7;   3.1; 1019.03;   51.54;   4.0;   29.4;   10.3;    8.7;  12.5;   0.1;   6;   13.550;   0;eor
      Bremen;20150606;   3;   18.5;  14.0;   4.4; 1020.89;   65.67;   5.0;   21.6;    7.5;    4.5;  12.0;   0.0;   0;    9.450;   0;eor
      Bremen;20150607;   3;   14.0;   9.9;   2.1; 1028.42;   65.21;   3.7;   20.6;    6.0;    3.5;   9.9;   0.0;   0;   12.350;   0;eor
      Bremen;20150608;   3;   11.8;   9.3;   3.6; 1029.70;   69.17;   4.2;   17.3;    4.6;    2.3;  12.5;   0.0;   0;    7.233;   0;eor
      Bremen;20150609;   3;   12.7;   9.7;   5.2; 1029.06;   67.25;   3.3;   17.9;    5.2;    3.8;   9.3;   0.0;   0;    2.250;   0;eor
      Bremen;20150610;   3;   15.5;   9.8;   1.3; 1027.20;   58.63;   3.6;   21.6;    8.4;    4.6;  10.8;   0.0;   0;   14.067;   0;eor
      Bremen;20150611;   3;   16.7;  10.5;   1.0; 1021.47;   58.96;   3.4;   23.1;    8.9;    7.6;   9.1;   0.0;   0;   15.900;   0;eor
      Bremen;20150612;   3;   19.7;  13.4;   1.6; 1012.27;   61.71;   2.5;   27.0;   11.1;    8.7;   8.2;   0.0;   0;   13.417;   0;eor
      Bremen;20150613;   3;   19.1;  16.2;   4.8; 1007.17;   72.83;   3.2;   28.0;   15.0;   13.0;  14.1;   5.4;   6;    6.050;   0;eor
      Bremen;20150614;   3;   14.7;  12.7;   7.3; 1010.92;   75.79;   5.0;   16.9;   11.2;   10.5;  10.6;   0.0;   6;    0.150;   0;eor
      Bremen;20150615;   3;   12.6;   8.7;   6.2; 1019.54;   60.21;   4.3;   17.4;    9.2;    8.0;  10.8;   0.0;   0;    7.217;   0;eor
      Bremen;20150616;   3;   12.4;   9.2;   5.0; 1023.77;   65.46;   4.1;   17.3;    6.3;    4.1;  11.8;   0.0;   6;    6.950;   0;eor
      Bremen;20150617;   3;   14.2;  11.2;   6.2; 1020.59;   71.75;   4.0;   21.8;    5.0;    2.3;  11.3;   1.2;   6;    9.133;   0;eor
      Bremen;20150618;   3;   13.7;  12.4;   7.1; 1013.70;   78.96;   5.2;   17.9;    9.3;    8.4;  14.2;   0.3;   6;    3.133;   0;eor
      Bremen;20150619;   3;   11.6;  11.2;   7.1; 1014.65;   82.83;   5.1;   14.9;    9.4;    8.7;  12.3;   2.1;   6;    0.983;   0;eor
      Bremen;20150620;   3;   12.1;  11.1;   6.8; 1017.55;   79.17;   4.8;   15.9;    7.4;    5.8;  11.3;   0.0;   6;    1.700;   0;eor
      Bremen;20150621;   3;   14.1;  12.3;   6.8; 1013.94;   77.21;   3.1;   19.4;    8.5;    8.4;  14.2;   1.1;   6;    3.500;   0;eor
      Bremen;20150622;   3;   11.6;  12.2;   6.5; 1006.71;   89.79;   2.7;   18.5;    9.2;    7.7;  11.8;   7.5;   6;    2.317;   0;eor
      Bremen;20150623;   3;   12.6;  12.4;   6.9; 1008.88;   85.13;   4.9;   17.3;    9.6;    9.2;  12.3;   1.3;   6;    3.550;   0;eor
      Bremen;20150624;   3;   14.2;  11.7;   7.0; 1018.61;   72.63;   5.1;   18.4;   10.7;    9.0;  10.8;   0.0;   6;    1.700;   0;eor
      Bremen;20150625;   3;   17.5;  14.1;   6.4; 1020.56;   72.46;   2.5;   22.8;   10.6;    8.7;   8.2;   0.0;   6;    2.817;   0;eor
      Bremen;20150626;   3;   18.7;  15.4;   7.0; 1017.85;   72.67;   1.5;   23.3;   13.9;   13.3;   6.7;   0.2;   6;    2.167;   0;eor
      Bremen;20150627;   3;   17.9;  15.6;   5.2; 1014.55;   75.79;   5.2;   23.0;   11.1;    9.3;  14.2;   2.9;   6;    7.017;   0;eor
      Bremen;20150628;   3;   16.3;  13.3;   4.2; 1020.46;   74.75;   2.4;   23.3;    8.0;    6.6;   6.3;   1.2;   6;    9.050;   0;eor
      Bremen;20150629;   3;   19.1;  14.6;   5.4; 1019.82;   67.33;   3.1;   25.1;   13.5;   11.0;   9.8;   0.0;   0;   10.267;   0;eor
      Bremen;20150630;   3;   18.5;  12.5;   1.8; 1022.28;   62.17;   2.6;   24.9;    9.2;    7.6;   7.7;   0.0;   0;   16.050;   0;eor
      Bremen;20150701;   3;   22.9;  13.6;   0.7; 1020.73;   51.83;   4.6;   29.6;   13.1;   11.7;  12.2;   0.0;   0;   15.983;   0;eor
      Bremen;20150702;   3;   26.9;  15.6;   0.5; 1019.71;   44.42;   5.8;   33.7;   19.1;   17.7;  12.3;   1.5;   6;   15.733;   0;eor
      Bremen;20150703;   3;   24.8;  20.8;   4.7; 1022.96;   67.42;   4.0;   30.5;   19.5;   18.4;  14.1;   0.0;   0;   10.417;   0;eor
      Bremen;20150704;   3;   27.3;  21.1;   4.9; 1018.12;   60.83;   2.9;   36.8;   19.7;   18.1;  12.3;   0.0;   6;   12.183;   0;eor
      Bremen;20150705;   3;   21.7;  21.8;   6.3; 1015.58;   84.21;   3.0;   25.8;   17.1;   16.3;  12.3;   4.4;   6;    2.383;   0;eor
      Bremen;20150706;   3;   19.3;  14.6;   3.3; 1018.03;   67.67;   5.0;   24.3;   14.6;   12.2;  12.2;   0.0;   0;   10.517;   0;eor
      Bremen;20150707;   3;   21.0;  15.9;   4.4; 1009.21;   66.96;   2.7;   28.8;   13.2;   11.5;  11.1;   2.4;   6;    7.550;   0;eor
      Bremen;20150708;   3;   16.3;  14.3;   6.0; 1005.87;   77.54;   6.6;   19.5;   12.9;   12.6;  14.4;   2.5;   6;    3.033;   0;eor
      Bremen;20150709;   3;   13.5;  10.3;   4.8; 1015.75;   67.42;   7.4;   18.3;    8.2;    6.7;  16.6;   2.3;   6;    8.200;   0;eor
      Bremen;20150710;   3;   14.8;  11.2;   5.0; 1021.19;   67.96;   4.2;   20.6;    7.9;    6.5;  10.6;   0.0;   0;    7.817;   0;eor
      Bremen;20150711;   3;   18.5;  13.1;   4.8; 1016.10;   64.67;   2.2;   26.4;   10.5;    8.3;   7.7;   0.0;   6;   10.017;   0;eor
      Bremen;20150712;   3;   16.8;  16.5;   7.3; 1014.93;   86.25;   3.6;   20.8;   14.9;   14.4;  10.8;   5.7;   6;    0.033;   0;eor
      Bremen;20150713;   3;   16.6;  17.4;   7.5; 1013.38;   92.08;   3.1;   19.7;   15.3;   14.8;   8.2;  12.0;   6;    0.250;   0;eor
      Bremen;20150714;   3;   17.0;  16.9;   7.0; 1013.37;   87.42;   3.2;   20.4;   12.6;   11.7;   7.7;   1.2;   6;    0.983;   0;eor
      Bremen;20150715;   3;   17.6;  15.9;   6.3; 1017.91;   80.50;   1.8;   22.4;   12.4;   10.9;   7.0;   0.9;   6;    4.100;   0;eor
      Bremen;20150716;   3;   18.6;  17.0;   5.9; 1017.58;   80.54;   2.5;   22.4;   15.0;   13.0;   8.2;   0.1;   6;    4.117;   0;eor
      Bremen;20150717;   3;   21.9;  18.0;   2.9; 1012.28;   70.92;   4.9;   31.2;   14.2;   12.8;  13.7;  11.8;   6;   11.717;   0;eor
      Bremen;20150718;   3;   19.4;  15.4;   6.0; 1014.77;   69.67;   4.8;   23.9;   13.1;   10.8;  11.1;   0.6;   6;    9.133;   0;eor
      Bremen;20150719;   3;   14.7;  15.1;   6.3; 1010.38;   90.04;   2.8;   17.6;   11.8;    9.7;   9.6;   6.7;   6;    1.267;   0;eor
      Bremen;20150720;   3;   17.9;  13.8;   4.9; 1011.82;   68.50;   3.2;   24.2;    9.9;    8.3;   8.7;   0.0;   6;   11.217;   0;eor
      Bremen;20150721;   3;   21.4;  16.9;   4.4; 1011.20;   68.00;   4.9;   25.3;   14.7;   13.0;  13.9;   0.0;   6;   10.350;   0;eor
      Bremen;20150722;   3;   19.7;  15.7;   3.6; 1012.60;   70.83;   3.6;   26.5;   13.1;   11.4;  10.1;   0.0;   0;    9.517;   0;eor
      Bremen;20150723;   3;   16.7;  14.0;   5.3; 1015.16;   74.92;   3.6;   21.0;   11.7;    9.3;  10.3;   0.0;   6;    5.700;   0;eor
      Bremen;20150724;   3;   18.9;  14.2;   6.9; 1011.45;   66.71;   3.3;   24.8;   11.0;    9.0;   9.3;   7.5;   6;    3.000;   0;eor
      Bremen;20150725;   3;   16.9;  16.8;   6.8;  999.33;   87.29;   6.2;   24.1;   12.5;   11.8;  18.2;  16.0;   6;    3.583;   0;eor
      Bremen;20150726;   3;   15.4;  12.3;   5.7; 1009.44;   71.67;   5.3;   20.4;   11.1;   10.2;  12.3;   1.1;   6;    6.583;   0;eor
      Bremen;20150727;   3;   15.8;  15.8;   7.1;  999.00;   87.58;   5.4;   19.8;   12.5;   12.3;  15.3;   9.0;   6;    1.733;   0;eor
      Bremen;20150728;   3;   15.7;  14.4;   6.7; 1001.30;   80.79;   6.9;   19.4;   13.6;   12.8;  16.1;   0.9;   6;    1.900;   0;eor
      Bremen;20150729;   3;   13.4;  12.6;   6.6; 1003.97;   82.13;   7.4;   17.0;   10.8;   10.1;  18.3;   6.9;   6;    3.433;   0;eor
      Bremen;20150730;   3;   14.1;  12.4;   6.0; 1011.28;   77.17;   7.5;   18.5;   11.4;   10.5;  14.9;   0.6;   6;    5.600;   0;eor
      Bremen;20150731;   3;   13.9;  10.7;   5.0; 1018.25;   68.25;   4.2;   18.4;   10.0;    6.3;   9.9;   0.0;   0;    9.383;   0;eor
      Bremen;20150801;   3;   16.4;  11.4;   5.3; 1016.53;   63.71;   2.6;   23.4;    8.6;    6.1;   7.5;   0.0;   0;   12.267;   0;eor
      Bremen;20150802;   3;   17.2;  12.2;   4.8; 1019.35;   66.29;   2.3;   24.4;    7.7;    6.6;   6.2;   0.0;   0;   14.083;   0;eor
      Bremen;20150803;   3;   22.9;  14.7;   4.1; 1015.21;   55.04;   3.8;   31.3;   13.3;   11.1;  11.1;   0.0;   0;   13.150;   0;eor
      Bremen;20150804;   3;   20.5;  17.5;   6.1; 1012.28;   73.38;   3.6;   27.4;   13.4;   11.4;  11.8;   1.8;   6;    6.417;   0;eor
      Bremen;20150805;   3;   18.5;  14.1;   4.3; 1017.29;   69.83;   2.9;   24.7;   12.1;   10.5;   8.6;   0.0;   0;   12.450;   0;eor
      Bremen;20150806;   3;   23.2;  16.6;   4.5; 1013.87;   60.21;   3.3;   32.4;   13.3;   11.0;   9.8;   0.0;   6;   13.333;   0;eor
      Bremen;20150807;   3;   19.3;  19.3;   5.3; 1016.85;   85.88;   2.2;   24.3;   15.1;   14.0;   8.4;  11.5;   6;    2.883;   0;eor
      Bremen;20150808;   3;   18.1;  16.4;   5.5; 1020.83;   79.08;   4.2;   21.8;    9.5;    8.0;   9.8;   0.0;   0;    6.117;   0;eor
      Bremen;20150809;   3;   18.0;  14.9;   3.1; 1020.62;   74.00;   2.2;   25.5;    7.5;    6.3;   8.1;   0.0;   0;    9.950;   0;eor
      Bremen;20150810;   3;   20.2;  17.1;   6.9; 1016.69;   72.67;   2.7;   25.9;   16.0;   15.1;   7.5;  34.2;   6;    2.833;   0;eor
      Bremen;20150811;   3;   20.0;  18.7;   7.0; 1018.15;   81.38;   3.0;   25.3;   15.4;   15.0;   7.2;   0.0;   0;    8.567;   0;eor
      Bremen;20150812;   3;   19.3;  17.6;   7.3; 1022.30;   78.92;   3.5;   23.5;   17.0;   16.4;   7.2;   0.0;   6;    3.117;   0;eor
      Bremen;20150813;   3;   20.7;  16.5;   4.0; 1017.95;   68.21;   5.3;   25.7;   15.5;   14.4;  10.8;   2.0;   6;   10.783;   0;eor
      Bremen;20150814;   3;   22.2;  21.0;   6.2; 1008.15;   78.13;   2.8;   27.7;   17.2;   16.6;   7.4;   8.6;   6;    3.917;   0;eor
      Bremen;20150815;   3;   21.1;  21.6;   6.3; 1007.03;   86.50;   2.5;   26.0;   17.5;   16.7;  10.3;   0.1;   6;    4.817;   0;eor
      Bremen;20150816;   3;   19.5;  20.8;   7.9; 1010.89;   91.42;   3.9;   22.7;   18.4;   17.9;   9.8;   1.2;   6;    0.150;   0;eor
      Bremen;20150817;   3;   18.6;  20.5;   7.8; 1009.36;   95.50;   2.2;   20.5;   16.0;   16.0;   7.2;  25.1;   6;    0.000;   0;eor
      Bremen;20150818;   3;   15.5;  16.9;   7.8; 1012.86;   95.29;   2.4;   16.3;   14.4;   14.1;   6.7;   8.4;   6;    0.000;   0;eor
      Bremen;20150819;   3;   16.6;  14.9;   6.1; 1019.72;   80.38;   1.4;   22.1;   12.7;   11.7;   5.7;   0.0;   0;    6.633;   0;eor
      Bremen;20150820;   3;   17.9;  15.7;   4.6; 1023.30;   78.38;   1.7;   23.1;   11.6;   10.4;   6.2;   0.0;   0;    6.617;   0;eor
      Bremen;20150821;   3;   19.2;  15.5;   1.2; 1023.84;   72.04;   2.6;   25.3;   13.0;   11.7;   7.2;   0.0;   0;   10.967;   0;eor
      Bremen;20150822;   3;   19.5;  12.6;   1.8; 1020.57;   58.83;   2.8;   25.9;   12.1;    9.2;   8.9;   0.0;   0;   13.333;   0;eor
      Bremen;20150823;   3;   18.9;  12.3;   1.7; 1011.80;   58.21;   5.1;   24.2;   12.1;    9.8;  14.6;   0.6;   6;   12.483;   0;eor
      Bremen;20150824;   3;   19.1;  16.0;   6.0; 1002.89;   72.88;   4.6;   24.1;   14.6;   13.8;  13.2;   0.8;   6;    3.133;   0;eor
      Bremen;20150825;   3;   17.4;  14.4;   6.3; 1008.75;   72.42;   6.1;   20.4;   14.7;   13.9;  15.3;   1.5;   6;    4.033;   0;eor
      Bremen;20150826;   3;   20.6;  16.4;   6.8; 1010.84;   67.75;   5.8;   26.1;   14.8;   13.6;  12.3;   1.2;   6;    9.283;   0;eor
      Bremen;20150827;   3;   17.1;  16.4;   7.5; 1008.64;   84.46;   3.8;   20.8;   13.4;   13.0;  11.7;   7.1;   6;    0.000;   0;eor
      Bremen;20150828;   3;   15.6;  14.6;   5.3; 1016.24;   82.96;   3.4;   20.4;   11.6;    8.7;   7.7;   0.0;   0;    4.417;   0;eor
      Bremen;20150829;   3;   16.7;  13.9;   3.1; 1021.69;   76.38;   1.8;   23.5;    8.4;    6.6;   7.5;   2.6;   6;   10.600;   0;eor
      Bremen;20150830;   3;   18.5;  19.3;   5.9; 1017.32;   89.58;   2.4;   24.0;   13.5;   11.5;   6.2;   5.8;   6;    3.367;   0;eor
      Bremen;20150831;   3;   22.7;  22.9;   6.5; 1010.12;   84.04;   3.3;   29.1;   18.2;   17.8;  12.5;   2.8;   6;    8.300;   0;eor
      Bremen;20150901;   3;   16.8;  16.8;   6.0; 1009.55;   86.75;   4.9;   20.5;   11.6;   10.5;  11.8;   1.3;   6;    0.367;   0;eor
      Bremen;20150902;   3;   13.8;  12.2;   2.7; 1014.11;   78.50;   4.7;   18.7;    8.3;    6.6;  11.7;   0.0;   6;    7.733;   0;eor
      Bremen;20150903;   3;   12.6;  11.6;   4.3; 1012.83;   81.58;   2.8;   19.2;    8.0;    6.0;  13.0;   0.4;   6;    5.467;   0;eor
      Bremen;20150904;   3;   13.6;  12.5;   6.5; 1009.94;   80.92;   5.8;   17.7;    9.9;    8.4;  15.1;   3.3;   6;    1.683;   0;eor
      Bremen;20150905;   3;   13.1;  12.8;   4.3; 1009.82;   85.75;   7.3;   16.6;   10.4;    9.6;  16.8;   7.9;   6;    4.300;   0;eor
      Bremen;20150906;   3;   12.5;  12.5;   6.3; 1016.34;   86.08;   7.7;   16.5;    9.5;    8.3;  18.3;   5.7;   6;    3.750;   0;eor
      Bremen;20150907;   3;   14.3;  12.8;   3.0; 1022.29;   80.92;   3.6;   19.3;    7.9;    6.4;  10.1;   0.5;   6;    9.200;   0;eor
      Bremen;20150908;   3;   13.3;  12.8;   4.2; 1024.05;   84.63;   2.5;   18.3;    7.4;    5.7;   7.7;   0.0;   6;    5.083;   0;eor
      Bremen;20150909;   3;   13.4;  11.2;   2.1; 1025.17;   75.00;   3.3;   18.6;    8.3;    6.0;   8.9;   0.0;   0;    9.467;   0;eor
      Bremen;20150910;   3;   13.5;  11.6;   3.1; 1024.91;   75.83;   3.5;   19.4;    7.3;    5.0;   8.2;   0.4;   6;    9.833;   0;eor
      Bremen;20150911;   3;   13.7;  12.8;   3.7; 1019.91;   82.21;   3.8;   18.5;    9.8;    7.2;   9.3;   0.0;   6;    7.600;   0;eor
      Bremen;20150912;   3;   15.2;  14.4;   6.9; 1014.40;   84.71;   4.0;   20.4;    9.6;    7.8;   9.9;   5.2;   6;    3.133;   0;eor
      Bremen;20150913;   3;   17.3;  18.3;   7.5; 1008.89;   92.63;   2.4;   20.3;   14.9;   14.4;   7.2;   2.7;   6;    0.667;   0;eor
      Bremen;20150914;   3;   16.7;  17.0;   5.7; 1000.81;   89.25;   3.4;   20.2;   12.7;   11.0;  13.0;   3.6;   6;    1.400;   0;eor
      Bremen;20150915;   3;   12.9;  11.5;   4.0; 1002.79;   77.17;   5.2;   15.9;    5.5;    3.2;  15.6;  12.3;   6;    3.517;   0;eor
      Bremen;20150916;   3;   14.7;  14.8;   6.3;  996.45;   86.96;   4.8;   17.5;   10.5;    9.2;  11.7;   2.7;   6;    0.217;   0;eor
      Bremen;20150917;   3;   16.2;  14.6;   6.9;  997.57;   79.58;   6.5;   18.5;   12.4;   11.3;  17.0;   1.4;   6;    0.000;   0;eor
      Bremen;20150918;   3;   14.2;  13.5;   4.8; 1012.90;   84.04;   4.1;   19.2;   10.5;    8.2;  10.8;   1.0;   6;    6.750;   0;eor
      Bremen;20150919;   3;   13.0;  13.3;   5.6; 1019.34;   89.21;   2.2;   17.3;    9.6;    7.7;   8.2;  16.0;   6;    2.817;   0;eor
      Bremen;20150920;   3;   12.3;  12.7;   5.8; 1020.66;   89.21;   3.7;   16.2;    9.2;    8.0;  11.3;   0.4;   6;    2.383;   0;eor
      Bremen;20150921;   3;   13.4;  13.3;   6.9; 1013.40;   87.13;   2.3;   17.6;   10.8;    9.8;   9.3;   0.4;   6;    1.100;   0;eor
      Bremen;20150922;   3;   12.8;  13.3;   6.6; 1001.60;   89.58;   3.0;   15.9;    8.9;    7.9;   9.9;   2.7;   6;    0.900;   0;eor
      Bremen;20150923;   3;   12.2;  12.8;   6.0; 1006.58;   90.04;   2.2;   16.0;    8.8;    6.9;   6.3;   0.0;   6;    1.067;   0;eor
      Bremen;20150924;   3;   13.2;  13.5;   7.1; 1014.82;   89.21;   4.5;   16.5;    9.7;    8.1;  12.3;   1.5;   6;    0.733;   0;eor
      Bremen;20150925;   3;   12.0;  12.3;   5.1; 1020.50;   88.21;   2.5;   17.2;    6.3;    4.6;   7.2;   0.0;   6;    3.083;   0;eor
      Bremen;20150926;   3;   10.1;  10.6;   4.2; 1027.01;   87.04;   1.9;   17.3;    3.9;    2.9;   7.2;   0.0;   6;    2.800;   0;eor
      Bremen;20150927;   3;   10.9;  10.9;   3.3; 1033.15;   84.25;   2.3;   16.5;    3.8;    2.8;   7.4;   0.0;   0;    5.500;   0;eor
      Bremen;20150928;   3;   12.4;  11.4;   5.5; 1037.28;   80.92;   2.4;   17.2;    8.2;    5.0;   6.7;   0.0;   0;    4.500;   0;eor
      Bremen;20150929;   3;   10.6;  10.2;   3.7; 1038.16;   81.67;   3.0;   17.0;    4.9;    2.6;   8.7;   0.0;   0;    8.917;   0;eor
      Bremen;20150930;   3;   11.0;  10.5;   1.4; 1036.50;   81.71;   2.9;   16.9;    4.6;    2.6;   7.2;   0.0;   0;   11.050;   0;eor
      Bremen;20151001;   3;   10.2;   9.8;   0.8; 1032.40;   81.13;   1.7;   17.2;    2.7;    1.0;   6.2;   0.0;   0;   10.967;   0;eor
      Bremen;20151002;   3;    9.8;  10.6;   4.6; 1025.80;   88.08;   1.5;   17.1;    2.6;    1.8;   5.3;   0.0;   0;    7.767;   0;eor
      Bremen;20151003;   3;   11.6;  11.3;   2.8; 1015.26;   84.50;   2.1;   19.0;    4.5;    1.6;   8.2;   0.0;   0;    8.417;   0;eor
      Bremen;20151004;   3;   11.6;  12.3;   3.0; 1014.65;   90.67;   1.9;   17.2;    7.4;    4.9;   7.0;   0.0;   0;    7.500;   0;eor
      Bremen;20151005;   3;   13.1;  12.4;   4.9; 1013.23;   82.63;   3.2;   18.7;    7.5;    5.1;   9.3;   0.5;   6;    6.983;   0;eor
      Bremen;20151006;   3;   14.0;  14.5;   7.4; 1005.03;   90.33;   4.9;   16.0;   12.2;   11.1;  10.5;   4.6;   6;    0.000;   0;eor
      Bremen;20151007;   3;   15.6;  16.6;   7.2; 1009.58;   93.38;   3.1;   18.4;   13.2;   11.7;   7.2;   0.5;   6;    0.283;   0;eor
      Bremen;20151008;   3;   14.3;  15.4;   7.5; 1017.50;   94.54;   2.3;   15.8;   12.5;   12.1;   5.1;   0.5;   6;    0.000;   0;eor
      Bremen;20151009;   3;   12.9;  13.7;   7.3; 1021.57;   91.67;   2.8;   15.0;    8.9;    7.4;   6.2;   0.0;   6;    0.000;   0;eor
      Bremen;20151010;   3;    7.7;   7.7;   2.3; 1022.88;   74.33;   4.2;   12.4;    3.2;    1.6;   9.3;   0.0;   0;   10.233;   0;eor
      Bremen;20151011;   3;    5.3;   5.9;   0.2; 1022.27;   66.79;   5.6;   11.1;    1.1;   -0.3;  13.9;   0.0;   0;   10.450;   0;eor
      Bremen;20151012;   3;    4.4;   5.8;   3.3; 1021.45;   70.25;   4.6;    8.7;    0.8;   -0.9;  11.1;   0.0;   0;    7.050;   0;eor
      Bremen;20151013;   3;    4.3;   6.7;   5.5; 1020.59;   80.38;   3.7;    7.4;    0.7;   -0.9;  10.6;   0.0;   6;    2.550;   0;eor
      Bremen;20151014;   3;    5.5;   8.3;   8.0; 1020.03;   92.67;   3.5;    6.1;    4.8;    4.6;   8.2;   0.9;   6;    0.000;   0;eor
      Bremen;20151015;   3;    6.8;   9.5;   7.9; 1017.72;   95.83;   3.7;    7.9;    6.0;    5.8;   8.7;  10.1;   6;    0.000;   0;eor
      Bremen;20151016;   3;    7.3;  10.1;   8.0; 1016.70;   98.33;   2.3;    8.0;    6.3;    6.1;   5.1;  19.1;   6;    0.000;   0;eor
      Bremen;20151017;   3;    7.5;   9.7;   7.9; 1017.85;   94.08;   1.5;    9.2;    6.2;    5.4;   4.1;   3.1;   6;    0.000;   0;eor
      Bremen;20151018;   3;    7.6;  10.2;   8.0; 1018.10;   97.96;   2.5;    8.2;    6.8;    6.6;   6.2;   2.3;   6;    0.000;   0;eor
      Bremen;20151019;   3;    8.5;  10.4;   5.8; 1021.02;   93.92;   1.8;   11.2;    2.6;    1.8;   6.2;   0.0;   6;    0.500;   0;eor
      Bremen;20151020;   3;    7.3;   9.9;   7.3; 1021.76;   96.75;   1.3;   10.1;    3.0;    2.9;   3.6;   0.0;   0;    0.000;   0;eor
      Bremen;20151021;   3;    9.7;  10.9;   7.3; 1017.48;   90.38;   3.1;   12.3;    6.6;    5.2;   9.1;   0.0;   6;    0.283;   0;eor
      Bremen;20151022;   3;   11.2;  12.6;   7.6; 1012.34;   94.46;   4.6;   13.3;    9.6;    9.3;  16.1;   0.2;   6;    0.000;   0;eor
      Bremen;20151023;   3;   10.5;  10.8;   5.4; 1021.31;   85.50;   3.3;   14.7;    6.7;    4.2;   9.9;   0.0;   0;    4.583;   0;eor
      Bremen;20151024;   3;    9.8;  10.4;   7.1; 1017.26;   86.38;   2.9;   12.4;    7.7;    6.1;   7.2;   0.2;   6;    0.017;   0;eor
      Bremen;20151025;   3;   10.4;  10.6;   5.5; 1022.24;   84.79;   2.8;   14.2;    3.6;    0.8;   9.6;   0.1;   6;    4.667;   0;eor
      Bremen;20151026;   3;    8.1;   9.4;   5.3; 1022.96;   87.00;   3.5;   13.5;    2.3;    0.3;   8.7;   0.0;   0;    8.067;   0;eor
      Bremen;20151027;   3;    7.3;   9.8;   5.2; 1017.52;   95.33;   3.7;    9.8;    5.5;    3.1;   9.8;   0.0;   0;    1.533;   0;eor
      Bremen;20151028;   3;    7.2;   9.8;   7.3; 1012.69;   95.88;   3.7;    8.5;    4.9;    2.6;   8.9;   0.0;   6;    0.000;   0;eor
      Bremen;20151029;   3;    9.2;  11.5;   7.6; 1017.65;   97.88;   1.4;   12.3;    6.4;    5.1;   4.1;   0.0;   0;    0.000;   0;eor
      Bremen;20151030;   3;   10.4;  12.0;   5.8; 1027.00;   95.00;   2.6;   12.9;    7.7;    5.6;   7.9;   0.0;   0;    1.200;   0;eor
      Bremen;20151031;   3;    8.5;  10.0;   5.6; 1028.07;   90.54;   3.9;   11.8;    4.2;    1.6;   9.3;   0.0;   0;    3.717;   0;eor
      Bremen;20151101;   3;    6.7;   9.4;   3.5; 1029.41;   94.46;   1.2;   14.1;    1.0;   -0.3;   4.6;   0.0;   0;    7.233;   0;eor
      Bremen;20151102;   3;    5.9;   9.3;   7.4; 1027.25;   99.83;   1.6;    8.4;    1.7;    0.6;   3.6;   0.0;   0;    0.000;   0;eor
      Bremen;20151103;   3;    3.9;   8.1;   7.9; 1021.18;   99.96;   1.7;    5.8;    2.5;    2.8;   4.1;   0.0;   0;    0.000;   0;eor
      Bremen;20151104;   3;    7.6;   9.6;   5.0; 1018.20;   90.25;   2.0;   14.8;    1.1;   -0.6;   4.6;   0.3;   6;    5.933;   0;eor
      Bremen;20151105;   3;   12.0;  13.1;   7.1; 1018.83;   93.38;   2.3;   15.6;    7.6;    5.2;   5.5;   2.7;   6;    0.533;   0;eor
      Bremen;20151106;   3;   13.9;  15.2;   7.3; 1017.28;   95.38;   3.7;   15.2;   12.4;   11.3;   9.1;   5.4;   6;    0.017;   0;eor
      Bremen;20151107;   3;   16.3;  17.0;   7.0; 1018.24;   92.17;   5.2;   17.9;   14.8;   14.1;  17.7;   8.5;   6;    0.233;   0;eor
      Bremen;20151108;   3;   12.8;  12.4;   5.3; 1022.93;   83.75;   4.9;   15.4;    9.2;    6.6;  17.3;   1.9;   6;    5.500;   0;eor
      Bremen;20151109;   3;   13.3;  12.7;   6.5; 1016.38;   82.75;   7.9;   15.7;   11.3;   10.4;  16.8;   0.1;   6;    1.717;   0;eor
      Bremen;20151110;   3;   14.0;  15.2;   8.0; 1016.67;   94.63;   8.0;   15.2;   12.1;   11.4;  17.8;   1.7;   6;    0.000;   0;eor
      Bremen;20151111;   3;   12.8;  13.5;   7.9; 1019.77;   91.21;   6.1;   15.0;   11.5;   11.0;  13.5;   0.4;   6;    0.000;   0;eor
      Bremen;20151112;   3;   11.8;  11.9;   6.0; 1021.76;   86.21;   4.9;   15.2;    8.8;    5.9;  11.1;   0.0;   6;    4.600;   0;eor
      Bremen;20151113;   3;   10.6;  10.3;   5.2; 1016.82;   79.88;   5.8;   13.7;    4.5;    3.3;  23.5;   3.5;   6;    3.133;   0;eor
      Bremen;20151114;   3;    7.3;   8.6;   5.3; 1017.68;   83.50;   7.5;    8.8;    4.9;    3.6;  18.0;  12.7;   6;    2.267;   0;eor
      Bremen;20151115;   3;   12.2;  13.9;   8.0; 1004.74;   97.00;   8.1;   13.5;    7.9;    7.5;  18.3;  17.0;   6;    0.000;   0;eor
      Bremen;20151116;   3;   11.9;  12.3;   7.3; 1008.74;   88.33;   6.7;   13.1;   10.0;    9.2;  15.3;   3.1;   6;    0.017;   0;eor
      Bremen;20151117;   3;   12.0;  13.0;   7.2; 1002.65;   92.83;   5.2;   15.0;    9.8;    9.3;  21.4;   9.2;   6;    0.000;   0;eor
      Bremen;20151118;   3;   11.6;  11.2;   6.8; 1004.52;   81.96;  10.5;   13.9;    9.3;    8.8;  23.0;   3.7;   6;    1.933;   0;eor
      Bremen;20151119;   3;   10.5;  10.0;   5.6; 1004.97;   78.83;  10.1;   12.3;    7.8;    6.8;  24.9;   1.4;   6;    1.500;   0;eor
      Bremen;20151120;   3;    7.2;   8.7;   5.6; 1000.48;   85.79;   6.6;    8.7;    4.0;    2.9;  12.3;   0.0;   6;    3.417;   0;eor
      Bremen;20151121;   3;    3.7;   7.2;   4.7;  994.62;   89.71;   4.1;    5.7;   -2.1;   -3.4;   8.9;   4.5;   8;    0.000;   0;eor
      Bremen;20151122;   3;    1.2;   6.3;   6.4; 1003.13;   94.63;   5.0;    3.4;   -2.0;   -3.5;  12.7;   3.8;   8;    2.917;   1;eor
      Bremen;20151123;   3;    2.3;   5.9;   5.3; 1019.48;   81.92;   3.4;    4.8;   -1.3;   -2.4;  10.5;   0.0;   0;    5.517;   0;eor
      Bremen;20151124;   3;    3.0;   6.3;   7.5; 1013.01;   82.79;   6.5;    4.3;    1.7;    1.3;  17.1;   3.4;   6;    0.000;   0;eor
      Bremen;20151125;   3;    4.3;   8.0;   6.7; 1003.13;   96.29;   3.9;    7.1;    1.0;   -0.7;   8.4;   0.2;   6;    0.050;   0;eor
      Bremen;20151126;   3;    3.7;   7.4;   3.2; 1014.34;   93.79;   2.6;    8.5;    0.6;   -2.8;   7.2;   0.0;   6;    5.817;   0;eor
      Bremen;20151127;   3;    3.4;   6.9;   4.3; 1014.00;   88.58;   4.4;    6.5;    0.3;   -2.9;  11.0;   2.0;   6;    5.250;   0;eor
      Bremen;20151128;   3;    5.3;   7.4;   5.8; 1005.96;   82.92;   6.7;    7.4;    3.0;    2.6;  14.6;   6.3;   6;    4.200;   0;eor
      Bremen;20151129;   3;    8.4;   9.5;   7.1; 1001.52;   85.75;   9.2;   11.2;    4.7;    3.7;  25.6;   6.7;   8;    0.000;   0;eor
      Bremen;20151130;   3;    6.3;   8.0;   6.6; 1008.23;   82.50;   8.3;   10.9;    3.6;    3.2;  22.6;  10.7;   6;    0.000;   0;eor
      Bremen;20151201;   3;    6.8;   8.9;   6.8; 1018.80;   90.21;   4.7;   11.3;    4.2;    2.8;  11.8;   0.7;   6;    1.317;   0;eor
      Bremen;20151202;   3;   10.3;  10.1;   6.4; 1023.18;   79.83;   5.8;   11.5;    7.7;    5.5;  12.3;   0.0;   0;    0.000;   0;eor
      Bremen;20151203;   3;    8.6;   8.7;   5.2; 1024.57;   77.50;   3.9;   11.0;    6.4;    4.9;   8.4;   0.4;   6;    4.183;   0;eor
      Bremen;20151204;   3;    8.6;   8.8;   6.2; 1021.45;   79.17;   7.3;    9.5;    6.3;    5.2;  15.3;   0.8;   6;    3.233;   0;eor
      Bremen;20151205;   3;    8.2;   7.3;   6.8; 1020.58;   67.21;   8.7;    8.8;    6.9;    5.4;  16.8;   0.0;   0;    0.000;   0;eor
      Bremen;20151206;   3;    9.5;   9.1;   6.6; 1017.67;   75.50;   9.1;   11.7;    6.2;    4.7;  18.0;   0.4;   6;    1.917;   0;eor
      Bremen;20151207;   3;   10.7;  12.0;   7.6; 1028.85;   93.33;   3.3;   11.5;    8.3;    5.8;   8.2;   0.1;   6;    0.000;   0;eor
      Bremen;20151208;   3;    9.2;   9.8;   4.3; 1027.02;   84.46;   3.3;   13.5;    6.3;    3.9;   7.7;   2.0;   6;    6.817;   0;eor
      Bremen;20151209;   3;    7.3;   8.7;   3.0; 1030.98;   84.42;   4.9;   10.2;    4.2;    1.7;  11.1;   0.0;   0;    6.050;   0;eor
      Bremen;20151210;   3;    5.9;   7.1;   4.6; 1027.82;   77.17;   6.0;    7.9;    4.1;    2.5;  12.5;   3.5;   6;    3.750;   0;eor
      Bremen;20151211;   3;    6.2;   8.2;   7.2; 1017.58;   86.71;   6.9;    8.0;    4.6;    3.8;  20.2;   4.0;   6;    0.000;   0;eor
      Bremen;20151212;   3;    5.8;   7.9;   6.1; 1016.39;   85.08;   5.9;   10.0;    4.3;    3.0;  17.5;  13.5;   6;    2.617;   0;eor
      Bremen;20151213;   3;    5.6;   8.1;   5.8; 1016.58;   87.67;   5.3;   10.9;   -0.7;   -2.8;  23.8;   0.0;   6;    3.767;   0;eor
      Bremen;20151214;   3;    3.0;   7.1;   6.3; 1020.81;   92.67;   2.5;    6.4;   -0.9;   -2.1;   6.7;   0.0;   0;    0.000;   0;eor
      Bremen;20151215;   3;    6.2;   8.6;   7.1; 1022.75;   91.21;   1.9;    9.0;    3.8;    1.8;   6.7;   0.0;   0;    0.783;   0;eor
      Bremen;20151216;   3;    8.2;  10.3;   7.5; 1021.57;   93.17;   4.1;   11.6;    4.3;    2.9;   9.6;   0.6;   6;    0.000;   0;eor
      Bremen;20151217;   3;   12.4;  12.8;   7.4; 1018.64;   88.54;   4.6;   13.9;   11.3;    9.9;   9.3;   0.2;   6;    0.083;   0;eor
      Bremen;20151218;   3;   12.1;  11.8;   7.2; 1018.27;   83.25;   5.1;   13.4;   10.9;   10.0;  10.8;   0.0;   6;    0.067;   0;eor
      Bremen;20151219;   3;   11.9;  11.6;   6.9; 1018.22;   83.17;   4.8;   13.6;    9.9;    8.3;  10.1;   0.0;   6;    0.000;   0;eor
      Bremen;20151220;   3;   11.5;  10.7;   7.0; 1014.79;   79.00;   3.7;   13.5;    9.6;    7.5;   8.7;   0.8;   6;    0.083;   0;eor
      Bremen;20151221;   3;   10.4;  10.4;   6.2; 1014.55;   82.08;   7.8;   11.5;    9.2;    7.7;  21.6;   1.3;   6;    2.100;   0;eor
      Bremen;20151222;   3;   11.5;  11.5;   6.5; 1015.98;   83.71;   7.4;   13.9;    7.8;    5.9;  15.8;   0.9;   6;    0.000;   0;eor
      Bremen;20151223;   3;   10.3;   9.6;   5.9; 1018.78;   75.79;   7.9;   13.5;    5.8;    2.9;  17.3;   1.7;   6;    1.517;   0;eor
      Bremen;20151224;   3;    8.8;   9.4;   7.1; 1018.53;   82.75;   5.4;   13.2;    4.8;    2.4;  16.8;   0.9;   6;    1.900;   0;eor
      Bremen;20151225;   3;    8.1;   9.0;   5.9; 1022.03;   82.71;   5.2;   12.7;    5.4;    3.6;  15.4;   2.3;   6;    2.217;   0;eor
      Bremen;20151226;   3;   13.3;  12.0;   6.9; 1019.05;   78.92;   9.1;   14.4;   11.6;   10.1;  16.6;   0.0;   6;    0.733;   0;eor
      Bremen;20151227;   3;   11.0;  10.7;   7.3; 1021.65;   81.54;   6.3;   12.4;    9.0;    8.7;  13.2;   0.9;   6;    0.417;   0;eor
      Bremen;20151228;   3;    8.8;  11.1;   7.8; 1028.15;   97.75;   3.8;    9.9;    7.2;    7.2;  12.7;   0.0;   6;    0.000;   0;eor
      Bremen;20151229;   3;    6.5;   8.9;   7.8; 1026.15;   91.46;   6.2;    7.7;    5.9;    4.5;  13.2;   0.0;   0;    0.000;   0;eor
      Bremen;20151230;   3;    6.3;   8.3;   6.8; 1025.70;   86.21;   5.2;    8.5;    2.6;    1.3;  14.2;   0.0;   0;    4.517;   0;eor
      Bremen;20151231;   3;    4.3;   7.4;   5.5; 1018.30;   87.38;   4.1;    8.2;    1.5;   -2.1;  10.1;   1.0;   6;    0.417;   0;eor
      Bremen;20160101;   3;    4.0;   7.6;   4.8; 1023.35;   92.75;   2.2;    7.1;    1.3;   -2.0;   7.0;   0.0;   6;    4.800;   0;eor
      Bremen;20160102;   3;    2.4;   6.3;   7.1; 1016.32;   85.00;   7.5;    5.0;   -3.2;   -3.1;  15.9;   0.0;   8;    0.000;   0;eor
      Bremen;20160103;   3;   -4.0;   3.8;   7.9; 1008.10;   83.21;   8.7;   -3.2;   -4.6;   -4.9;  15.9;   1.5;   8;    0.000;   1;eor
      Bremen;20160104;   3;   -5.7;   3.2;   7.9;  994.24;   80.29;   6.1;   -4.5;   -6.3;   -6.2;  13.2;   0.6;   8;    0.050;   9;eor
      Bremen;20160105;   3;   -5.4;   3.5;   7.9;  996.93;   84.63;   5.9;   -4.8;   -6.1;   -6.0;  10.8;   3.6;   8;    0.000;   4;eor
      Bremen;20160106;   3;   -5.3;   3.3;   8.0; 1002.52;   80.79;   5.6;   -3.9;   -6.6;   -6.6;  10.3;   0.0;   7;    0.000;   7;eor
      Bremen;20160107;   3;   -3.6;   4.1;   8.0;  996.75;   86.79;   6.5;    3.3;   -5.3;   -5.3;  14.1;   3.3;   8;    0.000;   6;eor
      Bremen;20160108;   3;    4.2;   6.6;   5.3;  996.97;   80.75;   7.9;    7.0;    0.6;   -3.9;  21.1;   0.0;   6;    2.033;   4;eor
      Bremen;20160109;   3;    1.8;   6.0;   4.2; 1000.41;   85.79;   2.8;    4.6;   -1.2;   -4.5;   7.5;   0.1;   6;    2.500;   0;eor
      Bremen;20160110;   3;    4.3;   7.4;   6.9;  991.85;   88.88;   4.2;    7.5;    1.5;    0.2;   8.2;   3.6;   6;    3.017;   0;eor
      Bremen;20160111;   3;    4.0;   7.5;   6.8;  988.23;   92.46;   3.3;    5.1;    1.9;   -0.2;   8.1;   2.9;   6;    0.067;   0;eor
      Bremen;20160112;   3;    5.4;   7.9;   7.0;  990.70;   88.00;   4.7;    6.5;    4.2;    3.3;  13.4;   3.9;   6;    1.550;   0;eor
      Bremen;20160113;   3;    3.5;   7.1;   6.8; 1004.87;   90.08;   4.9;    4.9;    0.6;   -1.6;  14.1;   0.6;   6;    0.850;   0;eor
      Bremen;20160114;   3;    1.7;   6.3;   5.9; 1005.32;   90.83;   4.2;    3.7;   -0.8;   -3.2;  11.1;   5.8;   8;    0.033;   0;eor
      Bremen;20160115;   3;    1.6;   6.2;   7.5; 1008.30;   90.71;   3.6;    2.7;    0.6;    0.1;   8.2;   0.6;   8;    0.000;   0;eor
      Bremen;20160116;   3;    0.0;   5.8;   7.0; 1017.43;   94.04;   2.2;    1.5;   -2.6;   -7.6;   7.2;   2.3;   7;    0.150;   0;eor
      Bremen;20160117;   3;   -2.6;   4.6;   4.7; 1023.47;   90.08;   2.9;   -0.4;   -7.0;   -8.5;   7.9;   0.0;   0;    1.183;   3;eor
      Bremen;20160118;   3;   -5.2;   3.7;   4.3; 1021.08;   89.63;   1.9;   -2.2;   -8.0;   -9.8;   4.6;   0.0;   0;    5.350;   2;eor
      Bremen;20160119;   3;   -4.9;   3.8;   5.2; 1014.48;   87.46;   2.8;   -1.0;   -9.2;  -10.8;   7.7;   1.6;   7;    2.550;   2;eor
      Bremen;20160120;   3;   -0.8;   5.4;   5.3; 1015.73;   92.96;   3.2;    1.6;   -8.9;  -11.8;   6.7;   1.3;   8;    0.667;   4;eor
      Bremen;20160121;   3;   -6.5;   3.6;   6.6; 1027.06;   95.33;   1.5;   -5.2;   -9.4;  -11.4;   3.4;   0.0;   7;    0.000;   2;eor
      Bremen;20160122;   3;   -5.5;   3.6;   5.2; 1026.33;   87.83;   2.7;   -0.6;   -9.8;  -11.5;   8.2;   2.3;   6;    6.317;   2;eor
      Bremen;20160123;   3;    3.9;   7.7;   7.3; 1026.45;   95.08;   4.0;    7.1;   -0.6;   -0.9;  10.3;   0.0;   6;    1.800;   2;eor
      Bremen;20160124;   3;    5.7;   8.6;   7.8; 1027.78;   93.50;   3.7;    8.7;    4.3;    3.0;   8.7;   2.4;   6;    0.000;   0;eor
      Bremen;20160125;   3;    9.7;  11.2;   6.8; 1022.93;   93.17;   4.1;   11.9;    7.7;    4.6;   8.6;   0.0;   0;    1.400;   0;eor
      Bremen;20160126;   3;    9.5;   9.5;   7.3; 1017.64;   80.17;   6.8;   11.1;    6.0;    4.2;  17.7;   1.6;   6;    2.367;   0;eor
      Bremen;20160127;   3;   10.4;  10.9;   7.5; 1009.66;   86.29;   9.3;   11.7;    8.6;    7.7;  17.7;   4.4;   6;    0.000;   0;eor
      Bremen;20160128;   3;    6.4;   7.5;   3.3; 1018.11;   77.42;   6.8;   10.6;    3.5;    0.1;  15.3;   0.0;   6;    7.117;   0;eor
      Bremen;20160129;   3;    7.1;   8.3;   6.1; 1016.78;   81.29;   9.1;    9.6;    3.6;    1.8;  18.3;   0.4;   6;    0.000;   0;eor
      Bremen;20160130;   3;    6.8;   8.7;   5.9; 1004.95;   86.25;   8.2;    9.8;    2.5;    1.3;  18.0;  10.4;   8;    0.000;   0;eor
      Bremen;20160131;   3;    4.1;   6.9;   6.3; 1005.26;   83.42;   6.7;    6.4;    1.9;    0.7;  19.0;   1.4;   6;    1.250;   0;eor
      Bremen;20160201;   3;    9.0;  10.3;   7.6; 1008.96;   89.21;   7.1;   11.8;    5.2;    4.9;  20.2;   1.1;   6;    0.000;   0;eor
      Bremen;20160202;   3;    8.4;   7.4;   6.1; 1007.35;   66.46;  11.3;   10.6;    6.4;    5.3;  21.6;   0.0;   6;    0.233;   0;eor
      Bremen;20160203;   3;    4.6;   6.5;   4.0; 1012.09;   77.21;   8.5;    7.0;    1.7;    0.3;  17.8;   2.9;   6;    5.550;   0;eor
      Bremen;20160204;   3;    2.7;   6.9;   5.3; 1018.50;   92.38;   4.8;    4.1;   -1.0;   -3.2;  11.7;   2.9;   6;    0.000;   0;eor
      Bremen;20160205;   3;    5.2;   8.6;   6.8; 1020.05;   95.42;   3.7;    9.1;   -0.7;   -3.5;   8.7;   4.0;   6;    0.000;   0;eor
      Bremen;20160206;   3;    8.6;   9.2;   6.2; 1008.90;   82.13;   4.8;   10.1;    5.7;    2.7;  11.3;   0.0;   0;    0.000;   0;eor
      Bremen;20160207;   3;    8.4;   7.8;   5.4;  998.29;   70.38;   6.2;   11.6;    5.6;    3.5;  14.2;   0.1;   6;    1.833;   0;eor
      Bremen;20160208;   3;    7.8;   8.0;   6.6;  988.53;   75.21;   9.6;   10.4;    5.0;    3.8;  20.2;  15.2;   6;    2.200;   0;eor
      Bremen;20160209;   3;    5.5;   7.5;   7.2;  985.04;   83.46;   8.0;    7.9;    0.0;    0.0;  21.3;  15.5;   8;    0.633;   0;eor
      Bremen;20160210;   3;    3.9;   7.2;   6.6;  989.21;   88.75;   6.1;    5.8;    1.7;    0.6;  12.9;   1.1;   6;    0.000;   0;eor
      Bremen;20160211;   3;    3.5;   6.5;   3.1; 1000.05;   83.33;   6.4;    7.2;   -0.3;   -2.4;  13.9;   0.0;   0;    6.283;   0;eor
      Bremen;20160212;   3;    1.6;   6.1;   4.1; 1000.69;   89.33;   2.2;    5.8;   -1.8;   -4.3;   5.1;   0.0;   0;    1.550;   0;eor
      Bremen;20160213;   3;    0.7;   5.9;   6.3;  993.55;   92.17;   4.4;    4.2;   -1.9;   -1.4;  10.3;   0.7;   8;    2.800;   0;eor
      Bremen;20160214;   3;    1.2;   6.2;   8.0;  990.65;   93.21;   5.7;    2.6;    0.2;    0.0;  11.3;  13.6;   8;    0.000;   0;eor
      Bremen;20160215;   3;    0.3;   5.3;   6.3; 1015.17;   84.29;   5.3;    1.5;   -4.8;   -5.5;  11.5;   0.0;   8;    0.000;   1;eor
      Bremen;20160216;   3;   -1.6;   4.3;   0.8; 1035.15;   80.88;   1.5;    3.4;   -5.9;   -7.4;   5.3;   0.0;   0;    9.533;   0;eor
      Bremen;20160217;   3;   -0.3;   4.6;   2.8; 1023.48;   76.46;   3.5;    3.4;   -4.2;   -5.3;   8.9;   0.0;   0;    7.867;   0;eor
      Bremen;20160218;   3;    0.2;   5.4;   7.3; 1014.75;   88.67;   2.1;    3.6;   -2.4;   -2.9;   5.1;   0.0;   7;    1.633;   0;eor
      Bremen;20160219;   3;    1.4;   6.2;   5.9; 1017.58;   90.58;   2.9;    3.3;    0.3;   -2.4;   6.9;   0.4;   8;    0.000;   0;eor
      Bremen;20160220;   3;    5.2;   7.9;   7.6; 1006.12;   88.79;   6.5;    8.9;    1.0;   -0.5;  13.4;   5.4;   6;    0.000;   0;eor
      Bremen;20160221;   3;    8.9;  10.4;   7.7; 1002.87;   90.42;   8.2;   11.4;    6.7;    5.8;  18.5;  18.2;   6;    0.000;   0;eor
      Bremen;20160222;   3;    6.4;   8.3;   7.4; 1002.47;   84.75;   7.3;   11.1;    3.2;    2.0;  18.5;   0.3;   6;    0.000;   0;eor
      Bremen;20160223;   3;    3.7;   6.8;   4.1; 1009.13;   85.33;   5.2;    7.4;    0.7;   -0.5;  14.6;   1.3;   8;    4.750;   0;eor
      Bremen;20160224;   3;    1.8;   5.9;   3.6; 1014.14;   85.17;   4.9;    6.1;   -1.4;   -3.8;  13.5;   0.2;   8;    6.717;   0;eor
      Bremen;20160225;   3;    1.0;   5.6;   4.0; 1010.64;   85.46;   4.3;    5.6;   -2.6;   -4.6;  11.7;   0.0;   8;    4.583;   0;eor
      Bremen;20160226;   3;    1.1;   5.7;   4.9; 1012.04;   86.08;   2.9;    5.3;   -2.2;   -4.6;   7.9;   0.0;   0;    4.717;   0;eor
      Bremen;20160227;   3;    1.5;   4.9;   5.2; 1013.24;   73.21;   2.7;    5.4;   -2.0;   -4.0;   8.7;   0.0;   0;    8.083;   0;eor
      Bremen;20160228;   3;    1.7;   5.0;   3.8; 1019.65;   74.42;   3.1;    6.4;   -3.1;   -5.1;   8.2;   0.0;   0;    9.167;   0;eor
      Bremen;20160229;   3;    0.2;   4.8;   1.3; 1024.78;   77.21;   3.7;    3.3;   -2.3;   -5.1;   8.7;   0.0;   0;    8.600;   0;eor
      Bremen;20160301;   3;   -0.7;   5.1;   4.6; 1015.58;   87.13;   3.8;    3.9;   -6.2;   -7.5;  10.6;   2.2;   8;    4.250;   0;eor
      Bremen;20160302;   3;    4.9;   7.5;   6.6;  996.03;   86.58;   5.6;    7.8;    1.2;   -1.1;  18.7;   2.9;   8;    2.033;   0;eor
      Bremen;20160303;   3;    2.8;   6.6;   5.7;  999.08;   88.17;   3.4;    5.4;   -1.2;   -3.4;   9.3;   1.6;   6;    1.317;   0;eor
      Bremen;20160304;   3;    2.4;   6.2;   5.0;  999.02;   85.54;   4.6;    6.2;   -2.0;   -4.0;  13.7;   1.9;   6;    2.883;   0;eor
      Bremen;20160305;   3;    3.6;   7.2;   8.0;  995.58;   91.29;   2.0;    4.8;    2.2;    1.8;   5.3;   0.7;   6;    0.000;   0;eor
      Bremen;20160306;   3;    3.2;   6.4;   6.8;  998.04;   84.54;   3.5;    7.2;   -0.5;   -2.0;  10.8;   0.0;   6;    1.900;   0;eor
      Bremen;20160307;   3;    2.0;   5.8;   4.2; 1003.64;   83.96;   2.8;    6.6;   -0.9;   -4.1;   6.9;   0.0;   0;    3.300;   0;eor
      Bremen;20160308;   3;    1.6;   6.2;   4.7; 1012.48;   89.92;   2.7;    6.4;   -2.8;   -5.0;  10.8;   2.2;   6;    3.050;   0;eor
      Bremen;20160309;   3;    3.3;   5.5;   3.4; 1010.92;   72.58;   4.5;    7.9;   -0.6;   -2.1;  10.5;   0.0;   0;   10.100;   0;eor
      Bremen;20160310;   3;    3.1;   6.2;   4.9; 1021.02;   80.83;   4.0;    7.3;   -0.9;   -2.6;   8.2;   0.0;   0;    1.983;   0;eor
      Bremen;20160311;   3;    3.4;   6.0;   6.3; 1029.59;   77.42;   3.7;    6.2;    0.3;   -1.7;   9.8;   0.0;   0;    3.067;   0;eor
      Bremen;20160312;   3;    3.1;   5.5;   3.8; 1032.76;   73.04;   3.5;    7.1;   -0.5;   -3.7;   8.2;   0.0;   0;    7.217;   0;eor
      Bremen;20160313;   3;    2.7;   5.8;   5.9; 1037.08;   78.00;   4.2;    6.2;   -0.1;   -3.3;   9.8;   0.0;   0;    4.383;   0;eor
      Bremen;20160314;   3;    3.5;   5.8;   5.3; 1034.68;   75.83;   2.4;    9.2;   -2.6;   -5.2;   8.2;   0.0;   0;    7.650;   0;eor
      Bremen;20160315;   3;    5.3;   7.6;   5.6; 1028.71;   85.29;   3.9;    8.2;    1.0;   -1.2;   9.6;   0.0;   6;    0.600;   0;eor
      Bremen;20160316;   3;    4.9;   5.6;   2.4; 1032.23;   66.71;   4.6;   10.0;    0.7;   -2.4;  12.0;   0.0;   0;   10.950;   0;eor
      Bremen;20160317;   3;    5.0;   6.0;   1.0; 1028.65;   71.54;   2.2;   12.6;   -3.6;   -5.5;   8.1;   0.0;   6;   11.400;   0;eor
      Bremen;20160318;   3;    5.2;   7.7;   7.6; 1020.43;   87.13;   4.7;    8.1;    2.3;    2.3;   8.7;   0.0;   6;    0.050;   0;eor
      Bremen;20160319;   3;    5.8;   7.3;   7.3; 1020.19;   79.04;   3.6;    7.8;    3.8;    3.3;   9.1;   0.1;   6;    0.000;   0;eor
      Bremen;20160320;   3;    6.7;   7.9;   6.4; 1016.58;   81.21;   6.6;   10.9;    3.9;    2.9;  14.7;   0.6;   6;    4.483;   0;eor
      Bremen;20160321;   3;    6.8;   8.2;   7.2; 1014.68;   83.00;   6.5;    9.1;    4.8;    3.7;  13.4;   1.6;   6;    0.450;   0;eor
      Bremen;20160322;   3;    6.2;   8.2;   7.1; 1011.44;   86.42;   4.5;    8.8;    4.1;    3.7;  11.8;   1.5;   6;    0.300;   0;eor
      Bremen;20160323;   3;    6.0;   7.4;   5.2; 1010.28;   79.38;   5.5;    9.7;   -0.1;   -3.8;  15.8;   0.0;   6;    3.700;   0;eor
      Bremen;20160324;   3;    4.3;   7.0;   6.3; 1012.33;   83.50;   2.6;    8.5;   -1.4;   -3.8;   7.2;   1.3;   6;    4.200;   0;eor
      Bremen;20160325;   3;    7.2;   9.4;   7.8; 1010.11;   92.13;   4.5;    9.4;    4.4;    2.6;   9.1;   3.1;   6;    0.000;   0;eor
      Bremen;20160326;   3;    8.9;   8.5;   6.5; 1014.29;   75.42;   5.0;   14.9;    2.8;   -0.4;  13.2;   0.0;   0;    9.483;   0;eor
      Bremen;20160327;   3;    8.9;   8.4;   5.1; 1006.16;   74.29;   5.2;   12.1;    6.4;    3.2;  11.8;   3.0;   6;    2.783;   0;eor
      Bremen;20160328;   3;    8.2;   8.2;   4.5;  998.86;   75.46;   7.1;   12.4;    4.5;    1.9;  21.4;   2.2;   6;    2.017;   0;eor
      Bremen;20160329;   3;    6.4;   8.1;   5.5; 1003.47;   84.58;   5.0;    9.7;    2.7;    0.7;  13.5;   9.7;   6;    1.100;   0;eor
      Bremen;20160330;   3;    7.1;   7.9;   6.0; 1007.01;   79.38;   5.5;   11.8;    3.0;    0.5;  18.3;   0.8;   6;    6.050;   0;eor
      Bremen;20160331;   3;    6.2;   7.2;   6.6; 1013.73;   77.75;   2.7;   10.4;    1.1;   -0.8;   8.7;   0.0;   0;    4.433;   0;eor
      Bremen;20160401;   3;    7.0;   5.5;   5.0; 1020.55;   56.92;   2.9;   12.4;    1.7;   -0.4;   8.9;   0.0;   0;   12.067;   0;eor
      Bremen;20160402;   3;    9.8;   7.8;   6.6; 1017.36;   64.58;   3.2;   15.2;    4.2;    3.2;   7.7;   0.0;   6;   10.050;   0;eor
      Bremen;20160403;   3;   14.2;  11.3;   7.1; 1010.21;   70.17;   2.3;   20.4;    8.7;    7.4;   7.2;   0.7;   6;    2.867;   0;eor
      Bremen;20160404;   3;   14.7;  12.5;   6.8; 1006.21;   75.42;   4.2;   20.8;    8.9;    5.4;  12.2;   0.0;   0;    4.100;   0;eor
      Bremen;20160405;   3;   10.5;  11.4;   7.0; 1005.85;   89.67;   3.5;   13.8;    6.0;    4.8;  11.8;   8.2;   6;    0.000;   0;eor
      Bremen;20160406;   3;    9.0;   9.0;   5.1; 1005.81;   79.25;   6.3;   12.6;    5.7;    4.4;  15.9;   2.6;   6;    4.150;   0;eor
      Bremen;20160407;   3;    7.3;   7.4;   2.7; 1006.24;   73.08;   6.5;   11.2;    3.9;    1.9;  16.8;   0.2;   8;    7.550;   0;eor
      Bremen;20160408;   3;    7.0;   8.1;   6.1; 1010.09;   80.67;   3.2;   10.7;    3.4;    0.3;   8.7;   0.1;   6;    1.467;   0;eor
      Bremen;20160409;   3;    8.3;   7.3;   4.3; 1009.23;   69.25;   2.3;   14.5;    0.4;   -1.8;   6.0;   0.0;   6;    7.800;   0;eor
      Bremen;20160410;   3;   11.2;   7.4;   5.5; 1012.78;   57.25;   4.2;   16.2;    7.6;    5.9;   9.4;   0.0;   6;    6.467;   0;eor
      Bremen;20160411;   3;   10.1;   7.6;   2.3; 1015.32;   63.25;   5.2;   15.3;    4.1;    1.8;  12.0;   0.0;   6;   11.600;   0;eor
      Bremen;20160412;   3;   12.3;   9.7;   6.3; 1009.57;   68.38;   3.0;   16.9;    8.3;    6.5;   7.7;   0.6;   6;    5.617;   0;eor
      Bremen;20160413;   3;   10.3;  10.1;   7.1; 1007.53;   81.50;   4.4;   14.0;    8.2;    7.0;  10.1;   0.0;   6;    2.750;   0;eor
      Bremen;20160414;   3;   10.3;   9.5;   5.7; 1010.55;   77.92;   2.5;   15.6;    5.9;    3.6;   7.2;   0.7;   6;    4.950;   0;eor
      Bremen;20160415;   3;    9.5;  10.4;   7.0; 1002.04;   87.04;   3.4;   12.7;    6.9;    3.9;  14.6;   4.5;   6;    0.433;   0;eor
      Bremen;20160416;   3;    9.6;   8.9;   5.9;  999.18;   75.17;   6.1;   15.1;    2.6;    0.1;  16.5;   0.0;   6;    3.400;   0;eor
      Bremen;20160417;   3;    6.1;   6.8;   2.6; 1010.03;   73.54;   4.2;   11.2;    0.7;   -2.1;  11.0;   0.0;   6;    9.183;   0;eor
      Bremen;20160418;   3;    6.9;   7.0;   5.8; 1018.17;   71.79;   5.2;   11.8;    0.0;   -2.8;  12.9;   0.2;   6;    0.333;   0;eor
      Bremen;20160419;   3;    8.9;   7.9;   5.7; 1023.06;   70.29;   7.0;   13.4;    6.2;    5.1;  15.8;   0.0;   6;    5.600;   0;eor
      Bremen;20160420;   3;    7.5;   7.0;   4.5; 1029.79;   68.21;   4.5;   12.2;    0.7;   -2.1;  10.8;   0.0;   0;    7.500;   0;eor
      Bremen;20160421;   3;    7.1;   6.7;   1.2; 1025.40;   70.13;   2.4;   14.8;   -1.7;   -4.0;   8.7;   0.0;   0;   13.567;   0;eor
      Bremen;20160422;   3;    6.8;   6.9;   5.3; 1019.32;   71.75;   4.3;   11.7;    0.9;   -0.6;  10.3;   0.0;   6;    9.067;   0;eor
      Bremen;20160423;   3;    5.2;   6.0;   5.1; 1012.48;   70.08;   5.4;   10.0;   -0.4;   -1.6;  15.6;   0.9;   8;    6.550;   0;eor
      Bremen;20160424;   3;    3.7;   5.9;   4.3; 1010.05;   75.75;   5.1;    7.6;   -1.6;   -3.6;  15.9;   2.9;   8;    9.767;   0;eor
      Bremen;20160425;   3;    1.8;   6.2;   6.3; 1004.13;   89.04;   3.5;    6.4;   -1.9;   -4.1;  15.6;  15.4;   8;    3.533;   0;eor
      Bremen;20160426;   3;    3.3;   6.6;   7.1;  995.15;   85.92;   4.9;    7.2;    0.4;   -0.6;  11.1;   9.1;   8;    2.533;   0;eor
      Bremen;20160427;   3;    4.1;   7.1;   7.0; 1000.75;   87.00;   5.3;    7.7;    0.7;   -0.1;  14.1;   4.0;   8;    1.950;   0;eor
      Bremen;20160428;   3;    5.1;   7.0;   6.2; 1011.73;   80.67;   4.3;    9.9;    1.2;   -1.4;  11.3;   0.5;   8;    3.900;   0;eor
      Bremen;20160429;   3;    6.5;   7.7;   6.6; 1013.49;   80.13;   4.9;   12.1;    0.6;   -1.5;  15.6;   0.8;   6;    2.800;   0;eor
      Bremen;20160430;   3;    7.8;   8.5;   7.3; 1018.63;   80.25;   2.5;   10.6;    5.5;    3.6;   7.7;   2.5;   6;    0.983;   0;eor
      Bremen;20160501;   3;    8.8;   8.1;   4.5; 1025.88;   73.00;   3.7;   14.7;    3.2;    1.0;   8.6;   0.0;   0;    6.183;   0;eor
      Bremen;20160502;   3;   11.7;   9.2;   4.2; 1022.38;   70.29;   1.9;   19.6;    1.4;    0.0;   8.1;   0.1;   6;   11.983;   0;eor
      Bremen;20160503;   3;    9.7;   9.0;   5.1; 1020.44;   75.71;   4.4;   13.4;    2.7;    0.2;  12.7;   2.6;   8;    4.683;   0;eor
      Bremen;20160504;   3;    9.1;   7.3;   1.9; 1028.49;   67.17;   2.1;   15.4;    1.5;   -1.1;   6.7;   0.0;   0;   10.100;   0;eor
      Bremen;20160505;   3;   12.0;   7.4;   4.2; 1025.76;   55.29;   2.9;   18.5;    2.7;   -0.2;   8.9;   0.0;   0;   14.467;   0;eor
      Bremen;20160506;   3;   16.6;   9.9;   5.1; 1016.58;   54.54;   5.0;   23.5;    7.3;    4.6;  12.9;   0.0;   0;   13.850;   0;eor
      Bremen;20160507;   3;   18.6;   9.6;   0.9; 1013.47;   47.42;   4.7;   24.8;   10.1;    6.7;  12.7;   0.0;   0;   14.650;   0;eor
      Bremen;20160508;   3;   19.2;  10.0;   0.3; 1015.85;   45.83;   6.1;   24.3;   13.0;   10.6;  15.6;   0.0;   0;   14.683;   0;eor
      Bremen;20160509;   3;   19.4;  11.0;   1.5; 1016.71;   50.42;   5.9;   24.9;   13.1;   11.1;  13.4;   0.0;   0;   14.617;   0;eor
      Bremen;20160510;   3;   18.9;  10.9;   5.7; 1012.14;   51.29;   4.8;   24.3;   12.1;    9.0;  11.7;   0.0;   0;   13.017;   0;eor
      Bremen;20160511;   3;   19.1;  11.1;   6.2; 1007.55;   51.79;   4.8;   24.6;   13.1;   10.8;  12.3;   0.0;   0;   11.200;   0;eor
      Bremen;20160512;   1;   18.2;  11.9;   5.0; 1003.55;   58.42;   6.4;   24.5;   12.2;   11.0;  13.4;   0.0;   0;   13.300;   0;eor
      Bremen;20160513;   1;   14.3;   9.1;   4.3; 1004.00;   57.75;   5.5;   21.8;    7.9;    6.9;  12.3;   0.0;   6;   13.000;   0;eor
      Bremen;20160514;   1;    8.2;   7.4;   5.8; 1008.95;   68.42;   7.3;   12.3;    5.4;    4.7;  18.3;   6.6;   6;    6.433;   0;eor
      Bremen;20160515;   1;    7.5;   8.2;   4.8; 1014.50;   78.79;   5.7;   12.3;    3.6;    2.6;  15.9;   2.6;   8;    6.167;   0;eor
      Bremen;20160516;   1;    8.7;   7.6;   4.1; 1016.81;   69.75;   5.2;   13.3;    3.2;    1.8;  12.7;   0.2;   6;    9.817;   0;eor
      Bremen;20160517;   1;   10.3;   9.1;   5.7; 1014.63;   73.88;   4.4;   14.4;    6.6;    3.4;  12.2;   0.0;   6;    4.900;   0;eor
      Bremen;20160518;   1;   13.1;  10.1;   4.4; 1008.94;   68.75;   2.9;   19.0;    3.2;    1.3;   9.3;   0.0;   6;    6.350;   0;eor
      Bremen;20160519;   1;   15.6;  11.5;   6.0; 1009.44;   66.54;   2.4;   21.7;    8.6;    5.7;   6.7;   0.0;   0;    6.983;   0;eor
      Bremen;20160520;   1;   13.3;  13.0;   6.9; 1015.30;   84.88;   3.6;   15.7;   10.5;    8.0;  11.3;   1.1;   6;    0.983;   0;eor
      Bremen;20160521;   1;   17.4;  13.8;   6.9; 1013.96;   71.38;   3.9;   22.9;   10.9;    8.1;  11.1;   0.0;   6;    7.667;   0;eor
      Bremen;20160522;   1;   18.9;  15.1;   7.2; 1007.46;   70.17;   4.2;   25.8;   14.4;   13.2;  10.6;   6.9;   6;    7.467;   0;eor
      Bremen;20160523;   1;   15.9;  15.7;   7.4; 1008.98;   87.08;   3.3;   21.4;   12.0;   11.9;  11.0;   0.0;   6;    1.017;   0;eor
      Bremen;20160524;   1;   11.6;  11.7;   8.0; 1013.35;   86.04;   5.4;   12.8;   10.6;   10.4;  13.0;   0.0;   6;    0.000;   0;eor
      Bremen;20160525;   1;   12.1;  11.8;   7.6; 1014.65;   83.96;   2.0;   14.9;   10.1;    7.9;   6.7;   0.0;   6;    0.000;   0;eor
      Bremen;20160526;   1;   13.4;  12.8;   5.6; 1016.49;   83.92;   2.3;   17.6;    8.6;    6.8;   7.0;   0.0;   0;    1.033;   0;eor
      Bremen;20160527;   1;   15.1;  13.4;   6.1; 1016.65;   79.38;   2.2;   20.8;    7.2;    5.5;   6.3;   0.0;   0;    5.167;   0;eor
      Bremen;20160528;   1;   18.2;  14.3;   6.6; 1013.85;   70.08;   3.4;   23.1;   13.6;   13.3;   8.9;   0.0;   0;    5.200;   0;eor
      Bremen;20160529;   1;   15.5;  16.2;   6.4; 1008.83;   91.13;   3.8;   17.9;   13.2;   12.3;   8.6;   3.6;   6;    0.000;   0;eor
      Bremen;20160530;   1;   19.7;  18.6;   5.4; 1004.40;   82.29;   4.2;   26.6;   14.7;   13.7;  15.8;   3.6;   6;    8.550;   0;eor
      Bremen;20160531;   1;   19.9;  17.9;   5.3; 1009.80;   78.58;   2.5;   26.3;   16.1;   14.9;  15.6;  13.0;   6;    7.567;   0;eor
      Bremen;20160601;   1;   20.6;  18.4;   6.3; 1011.38;   77.54;   4.7;   25.9;   16.2;   15.5;  14.2;   0.2;   6;    4.817;   0;eor
      Bremen;20160602;   1;   19.6;  18.7;   5.7; 1010.89;   82.54;   2.9;   23.1;   15.9;   14.7;   9.4;   6.5;   6;    6.217;   0;eor
      Bremen;20160603;   1;   21.2;  17.7;   4.9; 1011.73;   71.75;   3.3;   26.4;   14.3;   13.3;   9.8;   0.0;   0;   10.450;   0;eor
      Bremen;20160604;   1;   22.2;  16.3;   2.3; 1013.16;   63.33;   3.5;   27.8;   15.3;   13.5;  11.0;   0.0;   0;   14.067;   0;eor
      Bremen;20160605;   1;   20.3;  16.0;   1.9; 1016.85;   70.46;   3.1;   27.3;   11.2;   10.3;  12.3;   0.0;   0;   14.733;   0;eor
      Bremen;20160606;   1;   19.7;  17.3;   4.7; 1020.53;   77.29;   2.3;   27.4;   14.5;   13.9;  11.5;   0.5;   6;    9.817;   0;eor
      Bremen;20160607;   1;   20.1;  16.0;   3.1; 1021.02;   69.46;   2.4;   27.6;   13.0;   11.7;   7.9;   0.0;   6;   11.467;   0;eor
      Bremen;20160608;   1;   14.2;  12.7;   6.1; 1019.58;   79.13;   4.9;   18.9;   10.5;    9.8;  11.3;   0.0;   6;    3.950;   0;eor
      Bremen;20160609;   1;   15.5;  13.1;   5.4; 1017.09;   75.08;   4.4;   21.7;    8.1;    6.7;  11.5;   0.0;   0;    8.800;   0;eor
      Bremen;20160610;   1;   13.9;  10.9;   5.5; 1012.69;   70.25;   4.2;   20.1;    6.9;    5.5;   9.8;   0.0;   0;    8.317;   0;eor
