STATIONS_ID; MESS_DATUM; QUALITAETS_NIVEAU; LUFTTEMPERATUR;DAMPFDRUCK;BEDECKUNGSGRAD;LUFTDRUCK_STATIONSHOEHE;REL_FEUCHTE; WINDGESCHWINDIGKEIT; LUFTTEMPERATUR_MAXIMUM;LUFTTEMPERATUR_MINIMUM;LUFTTEMP_AM_ERDB_MINIMUM; WINDSPITZE_MAXIMUM; NIEDERSCHLAGSHOEHE;NIEDERSCHLAGSHOEHE_IND;SONNENSCHEINDAUER; SCHNEEHOEHE;eor
      891;20141130;   3;    0.0;   5.3;   8.0; 1015.73;   86.96;   8.5;    0.8;   -0.7;   -0.7;  14.4;   0.0;   6;    0.000;   0;eor
      891;20141201;   3;   -1.3;   4.8;   6.9; 1016.43;   86.13;   9.8;    0.9;   -3.2;   -3.1;  14.9;   0.0;   0;    0.500;   0;eor
      891;20141202;   3;   -2.9;   4.3;   8.0; 1017.10;   86.21;   4.7;   -2.0;   -3.4;   -3.2;  10.9;   0.0;   0;    0.000;   0;eor
      891;20141203;   3;   -0.5;   5.1;   8.0; 1022.44;   86.75;   4.5;    0.7;   -3.3;   -3.0;  10.1;   0.0;   6;    0.000;   0;eor
      891;20141204;   3;    1.2;   6.0;   8.0; 1018.72;   89.88;   6.2;    2.5;   -1.1;   -1.0;  10.9;   0.6;   6;    0.000;   0;eor
      891;20141205;   3;    2.5;   6.6;   7.8; 1015.10;   90.42;   3.2;    3.8;    1.2;    1.1;   8.4;   0.3;   6;    0.000;   0;eor
      891;20141206;   3;    5.0;   7.9;   4.7; 1019.42;   90.46;   3.5;    7.9;    3.0;    1.1;   7.9;   0.0;   6;    3.083;   0;eor
      891;20141207;   3;    3.8;   7.3;   6.5; 1013.01;   90.33;   5.8;    6.1;    0.5;   -0.4;  14.3;   5.5;   8;    0.000;   0;eor
      891;20141208;   3;    3.5;   6.8;   5.5; 1011.58;   86.88;   5.6;    5.1;    2.1;    0.9;  13.7;   0.1;   6;    2.100;   0;eor
      891;20141209;   3;    2.0;   6.8;   7.7; 1021.04;   96.08;   5.3;    3.9;    0.9;    0.7;  14.9;   2.6;   6;    0.000;   0;eor
      891;20141210;   3;    5.1;   7.2;   4.8; 1007.40;   81.75;   8.0;    6.9;    3.5;    2.7;  19.0;   1.2;   6;    2.333;   0;eor
      891;20141211;   3;    4.5;   7.0;   6.2;  999.16;   83.33;   7.6;    5.5;    3.1;    2.2;  16.5;   7.8;   8;    0.450;   0;eor
      891;20141212;   3;    6.0;   8.1;   7.4;  991.33;   86.04;   7.5;    8.6;    3.7;    2.6;  18.9;   8.0;   6;    0.000;   0;eor
      891;20141213;   3;    4.4;   7.2;   4.2; 1004.02;   85.75;   6.0;    5.8;    2.2;    0.5;  14.5;   2.0;   6;    2.567;   0;eor
      891;20141214;   3;    3.0;   6.5;   4.8; 1010.87;   86.38;   5.3;    4.3;    1.0;   -0.1;  13.2;   2.3;   6;    4.200;   0;eor
      891;20141215;   3;    4.6;   7.5;   7.6; 1006.26;   88.38;   6.3;    5.9;    3.0;    2.2;  13.3;   1.4;   6;    0.117;   0;eor
      891;20141216;   3;    4.9;   7.6;   5.2; 1005.81;   87.13;   6.0;    6.0;    3.4;    1.9;  15.6;   1.2;   6;    2.083;   0;eor
      891;20141217;   3;    4.8;   7.9;   7.3; 1001.12;   90.25;   5.5;    8.1;    3.0;    1.9;  11.1;   4.7;   6;    0.000;   0;eor
      891;20141218;   3;    9.8;  11.7;   7.9; 1002.19;   96.04;   6.9;   11.2;    7.6;    7.2;  17.8;  11.7;   6;    0.000;   0;eor
      891;20141219;   3;    8.4;   9.6;   5.9; 1003.05;   85.17;   8.5;   11.3;    4.8;    2.9;  22.2;   9.1;   8;    0.500;   0;eor
      891;20141220;   3;    6.5;   7.5;   5.4; 1008.21;   76.54;  11.0;    7.8;    4.0;    3.0;  24.4;   3.9;   8;    0.750;   0;eor
      891;20141221;   3;    6.7;   8.6;   6.0; 1016.75;   86.92;   8.0;    8.7;    5.0;    3.8;  17.2;   3.0;   6;    0.000;   0;eor
      891;20141222;   3;   10.0;  11.2;   7.9; 1005.79;   91.42;  12.2;   10.9;    8.2;    7.6;  25.0;  13.5;   6;    0.000;   0;eor
      891;20141223;   3;    9.6;  10.9;   8.0; 1007.06;   91.42;  10.9;   10.5;    9.1;    8.6;  21.4;  12.0;   6;    0.000;   0;eor
      891;20141224;   3;    7.7;   9.3;   5.5; 1006.51;   87.13;   8.1;    9.4;    5.3;    4.0;  17.3;   6.2;   6;    1.850;   0;eor
      891;20141225;   3;    4.3;   6.8;   6.7; 1014.81;   80.71;   8.8;    7.2;    0.5;   -0.9;  20.5;   1.1;   6;    0.700;   0;eor
      891;20141226;   3;    0.3;   5.2;   5.5; 1024.13;   83.42;   3.5;    3.2;   -1.6;   -3.8;   8.7;   0.0;   0;    2.850;   0;eor
      891;20141227;   3;    0.1;   5.1;   6.1; 1010.30;   83.42;   9.5;    1.0;   -1.0;   -2.1;  15.6;   0.0;   0;    0.000;   0;eor
      891;20141228;   3;    1.1;   5.3;   3.8; 1023.32;   80.13;   5.8;    4.1;   -1.3;   -2.7;  13.6;   3.2;   8;    4.217;   0;eor
      891;20141229;   3;    2.4;   6.1;   6.5; 1028.37;   83.58;   6.7;    5.9;    1.0;   -0.3;  16.0;   0.5;   8;    3.000;   0;eor
      891;20141230;   3;    5.6;   7.7;   7.3; 1029.04;   85.08;   5.0;    6.4;    4.7;    2.6;  11.2;   0.9;   6;    0.000;   0;eor
      891;20141231;   3;    6.0;   8.9;   5.2; 1028.85;   94.75;   5.4;    7.4;    3.6;    2.5;  11.5;   0.0;   6;    0.733;   0;eor
      891;20150101;   3;    4.0;   7.0;   7.8; 1025.30;   85.75;   6.8;    5.6;    2.9;    1.9;  18.8;   5.2;   6;    0.000;   0;eor
      891;20150102;   3;    6.7;   7.9;   5.7; 1014.63;   80.00;  10.8;    9.1;    5.0;    3.5;  21.8;   1.4;   8;    2.000;   0;eor
      891;20150103;   3;    5.2;   7.2;   6.5; 1015.20;   82.04;   8.9;    6.8;    3.8;    2.4;  17.3;   7.5;   8;    0.000;   0;eor
      891;20150104;   3;    5.1;   7.1;   3.3; 1024.56;   80.88;   7.1;    6.3;    4.0;    2.4;  15.2;   0.0;   6;    4.850;   0;eor
      891;20150105;   3;    4.3;   7.3;   7.5; 1026.80;   87.88;   5.2;    5.9;    2.0;    1.8;  10.6;   0.0;   6;    0.000;   0;eor
      891;20150106;   3;    3.1;   6.7;   7.8; 1020.72;   87.33;   4.4;    4.2;    2.1;    1.0;   8.6;   1.0;   6;    0.000;   0;eor
      891;20150107;   3;    5.2;   7.6;   5.9; 1020.36;   86.46;   5.4;    6.4;    2.8;    2.5;  13.3;   1.0;   8;    5.283;   0;eor
      891;20150108;   3;    5.5;   8.4;   7.4; 1014.17;   92.25;   6.9;    7.2;    3.2;    2.6;  15.5;   5.1;   6;    0.000;   0;eor
      891;20150109;   3;    7.0;   8.5;   7.4; 1006.70;   85.00;  10.5;    9.7;    5.2;    4.3;  32.2;   7.1;   6;    0.000;   0;eor
      891;20150110;   3;    8.7;   9.1;   6.2;  998.58;   79.54;  12.0;   11.8;    4.9;    3.5;  28.4;   1.2;   8;    0.017;   0;eor
      891;20150111;   3;    5.5;   6.9;   6.8; 1004.79;   76.88;  11.5;    6.6;    2.7;    0.7;  25.1;   4.7;   8;    0.200;   0;eor
      891;20150112;   3;    7.4;   9.0;   7.9; 1004.98;   87.42;   9.4;    8.5;    6.3;    5.4;  18.9;  11.2;   8;    0.000;   0;eor
      891;20150113;   3;    6.9;   9.2;   7.3;  999.29;   92.38;   5.9;    9.4;    4.4;    3.2;  17.3;  13.5;   6;    0.000;   0;eor
      891;20150114;   3;    4.0;   6.9;   6.0; 1002.32;   84.63;   6.0;    5.2;    2.3;    1.1;  17.1;   0.9;   6;    0.617;   0;eor
      891;20150115;   3;    6.1;   8.2;   7.4;  994.73;   85.83;   7.5;    9.4;    2.3;    1.3;  16.2;   7.0;   6;    0.000;   0;eor
      891;20150116;   3;    6.0;   7.1;   4.0;  999.92;   75.71;   6.3;    7.1;    3.9;    2.3;  17.0;   0.5;   8;    4.600;   0;eor
      891;20150117;   3;    3.5;   6.4;   2.6; 1008.93;   81.50;   5.0;    5.3;    1.9;    0.5;  13.1;   0.0;   0;    6.167;   0;eor
      891;20150118;   3;    2.0;   6.2;   7.8; 1010.75;   87.54;   3.9;    2.6;    0.7;    0.4;   9.9;   4.3;   8;    0.000;   0;eor
      891;20150119;   3;    0.6;   6.3;   7.9; 1010.70;   98.75;   1.9;    1.4;    0.3;   -0.3;   4.5;   0.5;   8;    0.000;   2;eor
      891;20150120;   3;    0.8;   6.1;   7.1; 1010.56;   94.13;   1.5;    2.7;   -0.6;   -2.0;   4.5;   0.2;   8;    0.033;   0;eor
      891;20150121;   3;   -0.8;   5.3;   6.7; 1014.37;   92.04;   3.7;    0.6;   -2.2;   -3.3;  10.7;   0.0;   0;    0.883;   0;eor
      891;20150122;   3;   -0.5;   5.3;   4.5; 1020.05;   90.71;   4.5;    1.1;   -2.1;   -3.9;   9.2;   0.0;   0;    1.067;   0;eor
      891;20150123;   3;   -3.2;   4.8;   7.0; 1023.99;   98.08;   2.5;   -1.0;   -5.4;   -6.0;  10.8;   0.2;   7;    0.250;   0;eor
      891;20150124;   3;    1.0;   5.8;   5.3; 1016.20;   88.25;   5.5;    5.1;   -2.3;   -2.9;  11.5;   3.8;   8;    1.633;   0;eor
      891;20150125;   3;    4.0;   7.5;   5.8; 1022.90;   92.25;   4.1;    5.3;    2.5;   -0.9;  10.0;   1.8;   8;    1.300;   2;eor
      891;20150126;   3;    3.9;   7.7;   7.0; 1014.34;   94.96;   5.8;    6.2;    2.3;    1.8;  13.5;   6.0;   8;    0.000;   0;eor
      891;20150127;   3;    4.9;   7.4;   2.5; 1015.20;   86.08;   6.7;    6.1;    4.0;    2.3;  13.9;   0.0;   6;    5.883;   0;eor
      891;20150128;   3;    4.3;   7.5;   7.5;  998.18;   90.42;   7.2;    5.7;    1.8;    0.2;  19.7;  13.3;   8;    0.000;   0;eor
      891;20150129;   3;    2.0;   6.2;   6.9;  978.57;   87.67;   7.0;    3.4;    0.6;   -0.8;  20.3;   1.1;   8;    0.717;   0;eor
      891;20150130;   3;    1.0;   5.8;   7.3;  972.88;   88.04;   2.4;    2.4;   -1.6;   -1.4;   6.5;   0.0;   8;    0.633;   0;eor
      891;20150131;   3;    0.5;   5.8;   7.5;  978.13;   91.21;   2.5;    1.9;   -1.6;   -4.6;   6.1;   0.0;   8;    0.000;   0;eor
      891;20150201;   3;    1.0;   6.2;   7.2;  986.25;   94.33;   4.2;    4.1;   -1.3;   -1.2;  11.8;   0.9;   8;    0.000;   0;eor
      891;20150202;   3;    2.6;   6.1;   5.1;  992.87;   83.38;   5.0;    4.7;    0.4;   -1.6;  13.9;   3.6;   8;    5.367;   0;eor
      891;20150203;   3;    0.4;   5.3;   6.8; 1000.85;   84.00;   5.1;    2.1;   -1.1;   -3.6;  11.6;   0.0;   7;    0.083;   1;eor
      891;20150204;   3;   -0.5;   4.6;   2.3; 1012.65;   77.79;   5.6;    0.3;   -2.4;   -7.0;   9.5;   0.0;   8;    7.717;   1;eor
      891;20150205;   3;   -0.1;   5.2;   4.9; 1024.20;   86.13;   6.3;    1.4;   -1.3;   -2.0;  10.7;   0.0;   8;    1.317;   1;eor
      891;20150206;   3;   -1.3;   5.2;   2.8; 1031.05;   94.33;   3.4;    1.2;   -3.4;   -5.3;   7.6;   0.1;   6;    5.000;   1;eor
      891;20150207;   3;    3.6;   7.3;   7.3; 1025.85;   91.71;   7.3;    5.5;   -0.8;   -0.8;  16.7;   0.2;   8;    0.483;   1;eor
      891;20150208;   3;    3.6;   6.1;   5.0; 1024.95;   76.75;   8.6;    4.9;    1.9;    0.2;  21.3;   0.2;   6;    6.467;   0;eor
      891;20150209;   3;    5.5;   8.5;   7.6; 1021.93;   94.33;   9.0;    6.6;    4.9;    4.4;  14.5;   0.0;   6;    0.600;   0;eor
      891;20150210;   3;    5.5;   8.0;   6.4; 1027.17;   88.63;   6.9;    6.7;    4.1;    3.2;  12.7;   0.0;   6;    3.450;   0;eor
      891;20150211;   3;    3.9;   6.7;   8.0; 1025.95;   83.17;   2.1;    4.5;    3.0;    2.8;   5.2;   0.0;   0;    0.000;   0;eor
      891;20150212;   3;    2.2;   6.2;   8.0; 1020.90;   87.33;   2.2;    3.1;    1.3;    1.3;   5.5;   0.0;   6;    0.000;   0;eor
      891;20150213;   3;    1.7;   6.2;   5.5; 1014.64;   90.79;   4.5;    4.4;   -0.1;   -0.7;   9.0;   0.0;   0;    3.100;   0;eor
      891;20150214;   3;    2.5;   6.6;   4.8; 1011.21;   90.13;   6.1;    5.9;   -0.1;   -0.6;  11.8;   0.0;   0;    6.417;   0;eor
      891;20150215;   3;    2.6;   6.4;   4.8; 1017.54;   87.58;   9.4;    3.7;    0.8;    0.0;  13.2;   0.0;   0;    0.150;   0;eor
      891;20150216;   3;    2.0;   6.1;   5.8; 1019.42;   86.08;   6.5;    3.3;    0.2;   -1.1;  11.9;   0.0;   0;    0.000;   0;eor
      891;20150217;   3;    1.7;   6.6;   3.3; 1028.85;   94.33;   3.7;    5.3;   -1.7;   -2.8;   7.1;   0.0;   6;    0.000;   0;eor
      891;20150218;   3;    3.2;   6.4;   3.6; 1034.48;   84.33;   5.1;    6.3;    0.6;    0.0;  12.4;   0.0;   0;    8.117;   0;eor
      891;20150219;   3;    3.1;   5.9;   1.0; 1022.32;   78.13;   5.7;    6.7;    0.5;   -0.8;  13.0;   0.5;   8;    8.833;   0;eor
      891;20150220;   3;    3.7;   7.3;   7.9; 1005.85;   90.58;   5.1;    5.6;    1.2;    0.5;  13.2;   9.4;   8;    0.000;   0;eor
      891;20150221;   3;    3.4;   7.4;   7.0;  993.57;   94.04;   4.7;    5.2;    1.4;    0.4;  14.8;   5.2;   8;    0.133;   0;eor
      891;20150222;   3;    3.2;   6.4;   4.3; 1003.17;   83.92;   4.9;    6.5;    0.6;   -0.8;  13.0;   3.3;   8;    7.133;   0;eor
      891;20150223;   3;    3.9;   6.9;   6.5;  991.00;   85.54;   6.3;    6.3;    0.5;    0.0;  17.0;   0.5;   8;    1.117;   0;eor
      891;20150224;   3;    4.8;   7.0;   5.0;  998.49;   81.63;   5.8;    6.9;    3.0;    1.7;  14.1;   0.1;   6;    1.233;   0;eor
      891;20150225;   3;    4.1;   6.9;   5.3; 1013.09;   84.58;   4.1;    7.4;    1.9;    0.4;  11.3;   2.1;   6;    3.317;   0;eor
      891;20150226;   3;    5.7;   7.5;   6.7; 1013.71;   82.33;   5.1;    8.2;    3.3;    1.9;  12.1;   7.8;   6;    4.467;   0;eor
      891;20150227;   3;    4.9;   7.9;   5.9; 1011.43;   91.46;   4.6;    6.0;    3.5;    0.5;  10.7;   0.6;   6;    3.617;   0;eor
      891;20150228;   3;    3.9;   6.1;   4.0; 1013.15;   76.63;   4.7;    7.0;    0.6;   -0.7;  12.2;   3.1;   6;    8.100;   0;eor
      891;20150301;   3;    5.9;   7.2;   6.0;  996.18;   77.08;   7.0;    8.7;    3.3;    2.5;  18.3;   4.4;   8;    3.517;   0;eor
      891;20150302;   3;    4.4;   7.0;   6.0;  996.16;   83.29;   8.3;    6.3;    1.4;    0.4;  23.0;   5.2;   8;    4.350;   0;eor
      891;20150303;   3;    3.5;   6.5;   5.2; 1009.47;   83.21;   6.4;    6.4;    1.0;    0.1;  20.4;   6.9;   8;    4.650;   0;eor
      891;20150304;   3;    4.1;   6.9;   5.0; 1016.20;   84.21;   8.1;    6.9;    1.5;    0.2;  19.0;   0.7;   8;    3.483;   0;eor
      891;20150305;   3;    5.3;   7.9;   5.5; 1031.59;   87.96;   5.7;    6.6;    4.2;    2.4;   9.4;   0.0;   6;    0.217;   0;eor
      891;20150306;   3;    6.8;   7.7;   7.5; 1030.65;   78.13;   5.6;    8.4;    5.2;    4.8;  13.2;   0.0;   0;    0.583;   0;eor
      891;20150307;   3;    8.5;   6.9;   6.2; 1024.05;   63.25;   5.9;   12.9;    4.9;    3.9;  14.3;   0.0;   0;    2.683;   0;eor
      891;20150308;   3;    9.3;   7.7;   3.8; 1019.74;   67.21;   5.4;   16.5;    6.1;    4.6;  12.4;   0.0;   6;    9.733;   0;eor
      891;20150309;   3;    6.6;   8.4;   4.7; 1024.13;   86.71;   3.3;    8.8;    4.9;    3.1;   8.0;   1.9;   6;    6.783;   0;eor
      891;20150310;   3;    7.3;   8.8;   3.7; 1024.20;   85.71;   5.8;    9.2;    4.7;    3.0;  11.3;   0.0;   0;    8.767;   0;eor
      891;20150311;   3;    5.5;   8.0;   1.0; 1028.75;   88.17;   5.6;    7.6;    3.8;    1.5;  10.7;   0.0;   0;   10.100;   0;eor
      891;20150312;   3;    5.3;   7.4;   1.8; 1031.42;   83.25;   4.3;    9.5;    2.3;   -1.4;  13.0;   0.0;   0;   10.550;   0;eor
      891;20150313;   3;    3.6;   5.9;   5.0; 1028.95;   75.21;   8.6;    6.5;    1.4;    0.2;  16.3;   0.0;   0;    4.917;   0;eor
      891;20150314;   3;    4.4;   6.9;   7.5; 1029.92;   82.38;   7.8;    6.3;    2.7;    1.6;  12.7;   0.0;   6;    0.000;   0;eor
      891;20150315;   3;    5.4;   7.5;   7.9; 1030.38;   83.58;   8.7;    7.0;    3.5;    2.8;  12.9;   0.0;   6;    0.033;   0;eor
      891;20150316;   3;    7.4;   8.1;   4.4; 1027.18;   79.13;   8.8;   11.2;    5.0;    3.8;  14.8;   0.0;   0;    3.167;   0;eor
      891;20150317;   3;    7.6;   8.8;   3.0; 1026.10;   84.67;   4.5;   11.5;    4.8;    2.1;  10.7;   0.0;   0;    8.550;   0;eor
      891;20150318;   3;    7.4;   8.5;   4.1; 1025.16;   83.38;   2.6;   12.0;    5.3;    2.3;   5.8;   0.0;   0;    9.300;   0;eor
      891;20150319;   3;    6.6;   7.3;   2.2; 1026.69;   75.58;   3.1;   11.2;    3.8;   -0.3;   7.1;   0.0;   0;    7.717;   0;eor
      891;20150320;   3;    4.4;   7.4;   6.8; 1022.32;   88.83;   4.3;    5.3;    3.3;   -0.3;   8.9;   5.8;   6;    0.000;   0;eor
      891;20150321;   3;    4.7;   7.7;   7.7; 1015.78;   89.21;   7.7;    6.3;    3.1;    2.5;  17.1;   1.0;   6;    0.000;   0;eor
      891;20150322;   3;    3.1;   4.4;   3.5; 1026.12;   57.88;   5.5;    5.4;    0.9;   -0.9;  13.2;   0.0;   0;   10.633;   0;eor
      891;20150323;   3;    4.2;   6.2;   5.4; 1014.05;   73.96;   3.5;    7.9;    0.5;   -1.1;   9.8;   0.0;   0;    8.250;   0;eor
      891;20150324;   3;    5.5;   6.9;   5.5; 1007.47;   76.88;   2.6;    9.7;    1.9;   -0.5;   7.1;   0.0;   6;    3.750;   0;eor
      891;20150325;   3;    7.0;   8.1;   7.1; 1005.49;   81.38;   5.5;   11.6;    4.8;    4.1;  12.1;   5.1;   6;    0.217;   0;eor
      891;20150326;   3;    5.9;   7.0;   7.7; 1004.66;   75.38;   4.2;    8.0;    4.5;    4.0;   9.6;   0.5;   6;    0.417;   0;eor
      891;20150327;   3;    6.1;   8.2;   7.4; 1009.70;   87.21;   4.9;    8.1;    4.4;    3.9;  10.3;   0.6;   6;    1.467;   0;eor
      891;20150328;   3;    7.3;   8.5;   6.4; 1012.38;   83.00;   5.0;    9.9;    4.2;    3.1;  12.1;   6.4;   6;    4.733;   0;eor
      891;20150329;   3;    8.3;   9.9;   7.7;  990.68;   90.46;   6.8;    9.8;    5.0;    4.4;  18.7;  14.7;   6;    0.017;   0;eor
      891;20150330;   3;    6.0;   7.3;   6.3;  993.83;   78.33;  11.1;    7.8;    4.2;    3.6;  24.7;   9.5;   8;    4.617;   0;eor
      891;20150331;   3;    5.5;   7.6;   7.1;  987.75;   83.25;  11.7;    8.3;    1.7;    1.0;  29.1;   2.7;   8;    0.100;   0;eor
      891;20150401;   3;    4.9;   6.5;   5.5; 1005.50;   76.04;   9.7;    7.6;    2.2;    1.2;  20.4;   2.9;   8;    6.033;   0;eor
      891;20150402;   3;    4.6;   6.6;   5.2; 1008.95;   77.67;   7.4;    6.9;    1.8;    1.1;  16.6;   0.3;   8;    6.867;   0;eor
      891;20150403;   3;    5.6;   6.2;   5.2; 1017.11;   67.88;   6.0;    7.6;    4.0;    2.3;  11.4;   0.2;   6;    6.200;   0;eor
      891;20150404;   3;    5.5;   6.4;   3.2; 1017.88;   70.92;   5.4;    7.8;    3.9;    0.2;  11.6;   0.0;   0;   11.383;   0;eor
      891;20150405;   3;    6.0;   6.5;   2.7; 1023.61;   69.83;   3.5;    8.6;    3.8;   -1.7;   7.5;   0.3;   6;   11.567;   0;eor
      891;20150406;   3;    7.2;   7.2;   3.0; 1028.88;   72.29;   3.3;   10.5;    5.0;    1.3;   6.2;   0.0;   0;   11.400;   0;eor
      891;20150407;   3;    6.2;   8.2;   7.0; 1031.99;   85.71;   5.2;    8.7;    3.8;    1.7;  13.3;   0.0;   6;    0.000;   0;eor
      891;20150408;   3;    6.5;   9.0;   7.5; 1031.16;   92.71;   5.0;    8.5;    4.7;    1.3;  10.9;   0.0;   6;    1.450;   0;eor
      891;20150409;   3;    6.7;   8.5;   3.6; 1027.13;   87.17;   2.1;    9.6;    3.2;    0.6;   4.5;   0.0;   0;    9.217;   0;eor
      891;20150410;   3;   10.4;   9.7;   2.0; 1019.35;   77.00;   2.2;   15.2;    4.9;   -0.1;   5.9;   0.0;   0;    8.717;   0;eor
      891;20150411;   3;   10.8;   9.6;   3.7; 1013.97;   75.29;   6.0;   17.5;    6.2;    4.3;  18.5;   2.9;   6;    5.833;   0;eor
      891;20150412;   3;   10.0;   7.6;   6.7; 1021.47;   63.42;   7.0;   13.4;    6.2;    5.0;  23.6;   0.0;   6;    9.083;   0;eor
      891;20150413;   3;    7.3;   7.6;   4.1; 1025.63;   74.08;   7.9;    9.7;    5.5;    2.6;  18.4;   0.0;   0;    9.317;   0;eor
      891;20150414;   3;    8.6;   9.3;   7.1; 1021.33;   83.04;   5.5;   14.5;    4.3;    3.5;  13.1;   0.0;   6;    0.017;   0;eor
      891;20150415;   3;   10.8;  10.1;   3.8; 1012.90;   78.42;   7.3;   15.8;    7.0;    6.0;  17.2;   0.0;   6;   11.617;   0;eor
      891;20150416;   3;    7.5;   7.8;   4.6; 1014.73;   74.54;   5.6;   10.0;    5.7;    3.5;  10.5;   0.7;   6;    7.517;   0;eor
      891;20150417;   3;    8.1;   8.1;   3.4; 1017.40;   74.46;   7.1;    9.8;    6.0;    5.1;  13.0;   0.0;   6;   10.433;   0;eor
      891;20150418;   3;    7.9;   7.9;   3.5; 1025.11;   74.08;   5.1;   10.6;    6.1;    4.9;   9.4;   0.0;   6;   11.767;   0;eor
      891;20150419;   3;    8.6;   8.6;   4.3; 1022.49;   77.42;   4.1;   11.1;    6.6;    6.0;   9.6;   0.0;   0;    6.483;   0;eor
      891;20150420;   3;   10.2;  10.1;   2.2; 1026.66;   81.38;   4.2;   13.1;    6.9;    2.5;   8.6;   0.0;   0;   13.267;   0;eor
      891;20150421;   3;    8.7;   9.2;   4.5; 1028.30;   81.46;   6.4;   11.5;    7.4;    5.7;  13.3;   0.0;   0;    7.417;   0;eor
      891;20150422;   3;    8.9;   9.3;   4.3; 1024.17;   82.04;   6.0;   11.6;    6.5;    6.2;  13.9;   0.0;   0;   10.717;   0;eor
      891;20150423;   3;    8.2;   9.3;   6.7; 1017.93;   85.88;   4.0;   11.2;    6.5;    6.7;   8.4;   0.0;   6;    4.500;   0;eor
      891;20150424;   3;   11.3;  10.1;   4.0; 1010.23;   77.00;   2.7;   17.9;    7.0;    5.4;   8.8;   0.0;   6;   11.283;   0;eor
      891;20150425;   3;   11.8;  11.9;   7.5; 1004.37;   86.38;   3.7;   13.1;    9.9;    8.6;   9.7;  13.3;   6;    0.000;   0;eor
      891;20150426;   3;    8.7;  10.1;   7.4; 1005.05;   89.21;   4.9;   10.8;    6.9;    6.5;  12.2;   0.6;   6;    0.267;   0;eor
      891;20150427;   3;    7.7;   7.1;   5.3; 1007.16;   66.96;   6.0;   10.6;    6.1;    4.4;  10.4;   0.0;   0;    7.450;   0;eor
      891;20150428;   3;    7.5;   6.6;   4.2; 1012.69;   64.46;   5.0;   11.0;    4.2;    1.9;  14.9;   0.7;   6;    9.117;   0;eor
      891;20150429;   3;    9.2;   6.3;   5.2; 1014.66;   56.00;   4.7;   12.8;    3.4;    1.9;  12.4;   2.8;   6;    6.733;   0;eor
      891;20150430;   3;    8.6;   8.2;   5.6; 1008.97;   74.75;   3.3;   12.7;    6.0;    4.4;  14.4;   2.9;   6;    6.383;   0;eor
      891;20150501;   3;    7.7;   8.0;   4.7; 1006.43;   76.25;   3.7;   10.5;    5.3;    2.2;   9.2;   0.6;   6;    4.417;   0;eor
      891;20150502;   3;    8.3;   7.7;   3.2; 1010.99;   70.58;   4.4;   10.4;    6.3;    2.5;   8.1;   0.0;   6;    9.267;   0;eor
      891;20150503;   3;   11.8;  10.2;   5.7; 1004.30;   72.25;   6.9;   16.6;    6.4;    5.1;  13.0;   6.4;   6;    7.017;   0;eor
      891;20150504;   3;   13.6;  12.7;   5.1; 1004.26;   81.67;   5.2;   16.3;   11.6;   10.4;  12.9;   4.6;   6;    7.367;   0;eor
      891;20150505;   3;   15.6;  13.7;   5.7;  998.79;   77.13;   6.6;   23.7;   10.5;    8.9;  19.9;  19.2;   8;    4.517;   0;eor
      891;20150506;   3;   12.4;   9.5;   3.6; 1006.83;   66.96;   4.9;   17.4;    9.0;    7.3;  15.8;   3.5;   6;    9.700;   0;eor
      891;20150507;   3;   10.4;   9.7;   4.2; 1012.63;   77.08;   6.5;   12.8;    6.9;    3.7;  14.8;   2.3;   6;    8.217;   0;eor
      891;20150508;   3;   11.0;  10.5;   6.2; 1016.07;   80.00;   4.4;   15.9;    5.1;    3.0;  11.3;   0.9;   6;    7.467;   0;eor
      891;20150509;   3;   12.0;  11.4;   7.5; 1012.00;   80.96;   6.5;   16.1;    8.9;    7.9;  19.2;   4.6;   6;    0.733;   0;eor
      891;20150510;   3;   10.0;   8.6;   5.4; 1022.53;   70.58;   7.2;   12.7;    8.0;    7.1;  20.7;   0.0;   6;    8.233;   0;eor
      891;20150511;   3;   15.8;  10.7;   5.5; 1019.47;   60.00;   4.8;   23.8;    8.6;    7.4;  11.5;   0.0;   0;   10.283;   0;eor
      891;20150512;   3;   12.8;  11.7;   5.1; 1013.55;   78.92;   5.2;   15.2;   10.5;    9.0;  14.8;   5.2;   6;    3.200;   0;eor
      891;20150513;   3;   10.7;   9.6;   5.5; 1014.69;   74.88;   7.8;   12.7;    9.1;    8.6;  15.4;   0.0;   6;    7.683;   0;eor
      891;20150514;   3;    9.1;   8.7;   8.0; 1012.39;   75.71;   4.9;    9.9;    7.7;    7.4;  10.7;   0.0;   6;    0.000;   0;eor
      891;20150515;   3;    8.7;   7.7;   6.6; 1016.41;   68.67;   4.2;   11.0;    7.6;    6.2;   9.2;   0.0;   0;    3.367;   0;eor
      891;20150516;   3;    9.4;   9.5;   7.3; 1017.66;   80.00;   6.1;   11.7;    7.7;    7.4;  15.5;   0.7;   6;    0.117;   0;eor
      891;20150517;   3;   10.9;   9.1;   2.9; 1019.30;   69.42;   7.8;   13.1;    9.0;    7.4;  17.1;   0.0;   6;   13.333;   0;eor
      891;20150518;   3;   11.3;  10.2;   7.6; 1007.03;   76.79;   3.9;   15.2;    9.0;    8.5;  11.7;   9.5;   8;    0.000;   0;eor
      891;20150519;   3;   10.2;   9.5;   5.8; 1002.46;   76.71;   4.5;   13.9;    7.2;    6.5;  19.5;   4.5;   8;    5.433;   0;eor
      891;20150520;   3;    9.7;   9.2;   3.7; 1010.84;   76.17;   4.2;   13.3;    7.0;    5.3;  13.4;   6.4;   8;    7.950;   0;eor
      891;20150521;   3;   10.4;   9.8;   5.6; 1021.02;   77.92;   3.9;   12.8;    8.1;    7.3;  10.1;   0.3;   6;    8.050;   0;eor
      891;20150522;   3;   13.4;  11.0;   4.7; 1022.38;   72.21;   3.7;   18.6;    8.5;    6.4;   9.3;   0.5;   6;   12.000;   0;eor
      891;20150523;   3;   11.2;  10.1;   6.6; 1020.59;   75.83;   6.0;   13.2;    9.5;    8.0;  10.4;   0.4;   6;    6.283;   0;eor
      891;20150524;   3;   11.2;   9.5;   4.3; 1017.90;   70.96;   2.8;   14.8;    8.7;    6.5;   7.7;   0.5;   6;    8.967;   0;eor
      891;20150525;   3;   11.4;  10.3;   6.0; 1012.96;   77.00;   4.3;   13.3;    9.8;    8.9;   9.5;   2.5;   6;    6.850;   0;eor
      891;20150526;   3;   10.7;   9.3;   6.2; 1016.58;   72.13;   6.2;   13.3;    8.9;    6.9;  11.8;   0.2;   6;    4.467;   0;eor
      891;20150527;   3;   11.8;   9.4;   5.9; 1018.75;   68.21;   5.1;   14.0;    9.3;    8.2;  12.3;   0.0;   6;    6.250;   0;eor
      891;20150528;   3;   12.0;  10.2;   5.9; 1009.65;   72.21;   6.0;   14.7;    9.6;    7.6;  15.6;   2.6;   6;    4.017;   0;eor
      891;20150529;   3;   11.0;   9.9;   6.0; 1006.33;   75.75;   4.2;   15.5;    7.2;    6.0;  18.3;   5.5;   8;    3.367;   0;eor
      891;20150530;   3;   10.6;   9.2;   5.3; 1007.77;   72.04;   7.6;   12.5;    8.4;    7.3;  17.1;   0.3;   6;    7.967;   0;eor
      891;20150531;   3;   12.9;  11.2;   7.7; 1007.67;   74.75;   5.2;   17.5;    8.3;    7.7;  15.7;   6.5;   6;    1.317;   0;eor
      891;20150601;   3;   12.4;   9.9;   5.8; 1012.10;   69.17;   4.9;   14.8;   10.1;    8.8;  12.2;   0.6;   6;   10.333;   0;eor
      891;20150602;   3;   14.1;  12.3;   7.8; 1005.62;   75.75;   6.9;   17.1;   10.8;    9.3;  18.5;   0.1;   6;    0.017;   0;eor
      891;20150603;   3;   13.7;  11.7;   4.7; 1016.87;   74.08;   7.5;   15.7;   10.5;    7.9;  16.1;   0.3;   6;    8.433;   0;eor
      891;20150604;   3;   13.3;  10.7;   1.0; 1027.21;   70.21;   3.9;   16.3;    9.3;    4.8;  12.3;   0.0;   0;   15.717;   0;eor
      891;20150605;   3;   18.4;  13.5;   3.5; 1018.54;   62.71;   5.2;   24.1;   11.7;   10.5;  12.3;   2.0;   6;   12.717;   0;eor
      891;20150606;   3;   16.1;  13.6;   4.3; 1019.59;   72.63;   6.0;   21.1;   11.6;    9.2;  13.9;   0.0;   6;   10.567;   0;eor
      891;20150607;   3;   13.5;  10.4;   2.4; 1027.39;   67.46;   5.3;   16.3;   11.4;    9.6;  11.1;   0.0;   0;   14.417;   0;eor
      891;20150608;   3;   12.3;   9.9;   4.7; 1029.16;   69.38;   6.4;   14.1;   10.9;    9.5;  12.6;   0.0;   0;    9.400;   0;eor
      891;20150609;   3;   13.2;  11.3;   4.6; 1028.60;   74.21;   6.1;   15.7;   11.1;   10.0;  10.9;   0.0;   6;    9.217;   0;eor
      891;20150610;   3;   14.5;  11.9;   1.0; 1027.40;   72.54;   5.6;   17.5;   11.6;    7.7;  11.2;   0.0;   0;   15.817;   0;eor
      891;20150611;   3;   14.3;  12.9;   1.7; 1021.78;   79.21;   4.7;   17.0;   11.0;    9.2;   8.2;   0.0;   0;   15.850;   0;eor
      891;20150612;   3;   18.8;  14.5;   1.1; 1012.34;   68.75;   4.0;   24.9;   13.3;   12.1;   7.2;   0.0;   6;   15.783;   0;eor
      891;20150613;   3;   17.8;  16.3;   6.5; 1006.03;   80.21;   3.8;   23.6;   15.1;   14.1;  13.4;  39.2;   6;    0.800;   0;eor
      891;20150614;   3;   13.3;  12.0;   7.7; 1010.16;   78.08;   5.9;   15.5;   11.2;    9.7;  11.0;   0.0;   6;    0.283;   0;eor
      891;20150615;   3;   12.1;   8.9;   6.2; 1018.69;   62.42;   5.8;   14.5;   10.4;    8.8;  11.3;   0.0;   6;    6.333;   0;eor
      891;20150616;   3;   12.3;   9.5;   6.5; 1022.72;   66.25;   5.5;   14.2;   11.3;    8.7;  11.0;   0.0;   6;    4.983;   0;eor
      891;20150617;   3;   14.3;  12.5;   6.8; 1018.60;   77.25;   4.9;   18.8;   10.3;    7.4;  13.2;   5.6;   6;    3.933;   0;eor
      891;20150618;   3;   13.1;  12.2;   7.3; 1011.91;   80.67;   6.8;   14.7;   10.3;    9.3;  14.0;   5.6;   6;    1.233;   0;eor
      891;20150619;   3;   12.2;  11.2;   7.6; 1012.50;   78.58;   7.5;   14.4;   10.4;    9.3;  13.8;   5.5;   6;    0.917;   0;eor
      891;20150620;   3;   12.6;  11.6;   7.3; 1016.08;   79.17;   6.1;   14.8;   10.5;    8.0;  11.9;   0.0;   6;    2.000;   0;eor
      891;20150621;   3;   13.8;  12.0;   6.0; 1012.57;   76.08;   3.1;   17.9;    9.6;    7.0;  10.0;   9.3;   6;    4.367;   0;eor
      891;20150622;   3;   12.7;  11.7;   6.7; 1005.09;   79.79;   3.6;   16.3;   10.8;   10.2;  12.3;   4.6;   6;    3.100;   0;eor
      891;20150623;   3;   13.0;  12.0;   6.8; 1007.13;   80.08;   5.5;   15.5;   10.3;    9.2;  12.2;   0.4;   6;    2.667;   0;eor
      891;20150624;   3;   13.5;  11.8;   7.6; 1016.60;   75.96;   6.6;   16.6;   11.1;   10.0;  14.1;   0.0;   6;    0.550;   0;eor
      891;20150625;   3;   15.5;  14.6;   6.0; 1019.53;   83.08;   3.0;   19.9;   13.2;   12.1;   7.2;   0.0;   6;    5.050;   0;eor
      891;20150626;   3;   16.4;  15.0;   7.8; 1017.13;   79.88;   2.2;   19.2;   13.4;   11.6;   5.2;   0.2;   6;    0.133;   0;eor
      891;20150627;   3;   16.1;  14.7;   7.4; 1013.21;   80.29;   5.7;   18.9;   13.7;   12.5;  15.1;   0.1;   6;    2.333;   0;eor
      891;20150628;   3;   16.3;  13.9;   4.8; 1019.17;   76.17;   3.3;   21.5;   12.1;    9.3;  13.8;   1.3;   6;    9.967;   0;eor
      891;20150629;   3;   17.0;  14.9;   3.9; 1019.15;   77.50;   3.6;   20.4;   14.2;   12.2;   7.4;   0.0;   0;   13.383;   0;eor
      891;20150630;   3;   16.9;  14.9;   2.3; 1021.95;   77.96;   3.4;   18.8;   13.8;   10.9;   6.7;   0.0;   0;   15.900;   0;eor
      891;20150701;   3;   20.3;  16.4;   0.5; 1020.72;   69.17;   6.6;   25.2;   15.2;   13.9;  11.3;   0.0;   0;   15.850;   0;eor
      891;20150702;   3;   22.9;  17.5;   1.3; 1019.54;   63.54;   6.6;   28.2;   17.4;   16.2;  11.4;   2.2;   6;   15.650;   0;eor
      891;20150703;   3;   21.8;  20.6;   3.9; 1022.67;   78.96;   3.5;   26.1;   19.1;   17.7;  13.5;   0.0;   0;   10.433;   0;eor
      891;20150704;   3;   23.5;  21.9;   5.0; 1017.94;   76.29;   3.8;   29.4;   19.4;   18.1;  16.7;   0.6;   6;   11.150;   0;eor
      891;20150705;   3;   20.7;  21.4;   6.7; 1014.54;   87.42;   3.3;   24.4;   17.4;   16.5;  14.5;   6.4;   8;    3.950;   0;eor
      891;20150706;   3;   17.8;  14.5;   2.7; 1016.37;   71.13;   6.8;   20.2;   14.7;   12.4;  15.1;   0.0;   0;   13.183;   0;eor
      891;20150707;   3;   20.0;  15.8;   4.6; 1008.07;   69.08;   3.5;   25.5;   13.9;   12.8;  16.1;   2.1;   6;    6.433;   0;eor
      891;20150708;   3;   16.4;  14.2;   6.2; 1003.20;   75.79;   8.1;   18.5;   12.4;   12.1;  19.0;   7.8;   8;    4.967;   0;eor
      891;20150709;   3;   13.7;  10.1;   6.3; 1013.10;   64.33;  10.5;   15.7;   11.0;    9.5;  19.1;   0.2;   6;    5.783;   0;eor
      891;20150710;   3;   14.4;  10.7;   4.7; 1019.65;   65.25;   6.3;   17.1;   12.2;   10.1;  14.9;   0.0;   0;   10.967;   0;eor
      891;20150711;   3;   17.6;  14.5;   5.1; 1015.46;   72.54;   3.0;   23.5;   11.9;    9.7;   8.2;   0.0;   6;    5.167;   0;eor
      891;20150712;   3;   16.8;  16.7;   7.8; 1013.28;   87.13;   3.9;   18.6;   15.4;   15.2;  10.0;  11.5;   6;    0.000;   0;eor
      891;20150713;   3;   16.9;  16.4;   7.3; 1011.90;   86.04;   2.9;   19.4;   15.1;   14.6;   7.2;   6.4;   6;    3.150;   0;eor
      891;20150714;   3;   16.6;  15.1;   6.7; 1012.59;   80.13;   3.2;   19.6;   13.9;   13.4;   8.4;   0.0;   6;    6.050;   0;eor
      891;20150715;   3;   16.5;  13.4;   5.3; 1017.04;   71.71;   4.4;   19.0;   13.2;   12.5;  10.4;   2.1;   6;    8.183;   0;eor
      891;20150716;   3;   16.1;  14.2;   5.5; 1017.50;   78.08;   5.6;   18.8;   13.7;   13.4;   9.5;   0.0;   0;    7.750;   0;eor
      891;20150717;   3;   19.8;  17.1;   3.7; 1011.77;   73.75;   6.5;   27.9;   15.2;   14.1;  15.3;   2.1;   6;   10.133;   0;eor
      891;20150718;   3;   17.9;  15.1;   4.5; 1013.35;   73.58;   5.5;   20.0;   12.8;   10.2;  14.2;   0.0;   0;   10.583;   0;eor
      891;20150719;   3;   14.3;  13.6;   7.2; 1009.18;   83.50;   3.3;   17.5;   11.6;   11.2;  17.1;   9.9;   6;    0.233;   0;eor
      891;20150720;   3;   17.1;  13.9;   5.3; 1010.33;   71.50;   5.1;   19.2;   14.6;   12.9;  12.0;   1.1;   6;    8.117;   0;eor
      891;20150721;   3;   19.2;  17.6;   4.2; 1009.73;   79.08;   5.5;   20.6;   16.4;   15.1;  15.2;   0.0;   6;   11.750;   0;eor
      891;20150722;   3;   18.3;  15.9;   3.7; 1011.54;   76.38;   4.3;   23.4;   15.0;   12.8;  10.7;  10.5;   6;    7.267;   0;eor
      891;20150723;   3;   15.8;  13.7;   5.6; 1014.23;   76.88;   3.4;   18.4;   12.8;   10.9;   9.6;   1.9;   6;    5.067;   0;eor
      891;20150724;   3;   17.2;  14.2;   6.4; 1011.70;   73.00;   5.0;   22.2;   12.3;   10.3;  13.8;  31.9;   6;    2.600;   0;eor
      891;20150725;   3;   17.1;  16.9;   7.3;  997.68;   86.38;   7.3;   21.8;   13.6;   12.5;  23.7;  11.1;   6;    2.033;   0;eor
      891;20150726;   3;   15.6;  12.5;   5.4; 1007.30;   70.88;   7.0;   18.9;   13.5;   12.2;  19.6;   1.8;   6;    7.517;   0;eor
      891;20150727;   3;   15.3;  15.6;   7.7;  996.91;   89.42;   5.2;   19.1;   12.8;   12.3;  13.9;  11.9;   6;    0.950;   0;eor
      891;20150728;   3;   15.9;  15.5;   7.4;  998.17;   85.71;   7.1;   18.2;   14.4;   13.7;  17.5;  17.5;   6;    1.517;   0;eor
      891;20150729;   3;   14.5;  13.3;   6.8; 1000.41;   80.92;   8.2;   16.9;   12.9;   12.2;  18.0;  11.6;   6;    4.483;   0;eor
      891;20150730;   3;   14.5;  12.5;   7.3; 1008.19;   75.71;   9.8;   16.3;   12.8;   11.7;  19.9;   1.2;   6;    0.783;   0;eor
      891;20150731;   3;   14.3;  10.2;   4.8; 1016.78;   63.04;   5.3;   16.7;   10.7;    7.0;  14.0;   0.0;   6;    7.117;   0;eor
      891;20150801;   3;   15.5;  12.4;   4.6; 1016.30;   70.88;   3.0;   20.8;    9.6;    6.8;   7.0;   0.0;   0;   11.650;   0;eor
      891;20150802;   3;   17.4;  13.8;   4.8; 1018.67;   70.71;   2.6;   21.6;   12.9;    9.1;   6.5;   0.0;   0;   13.567;   0;eor
      891;20150803;   3;   22.6;  15.5;   1.0; 1014.67;   58.13;   4.8;   30.0;   14.8;   13.2;   9.9;   0.0;   0;   13.700;   0;eor
      891;20150804;   3;   19.9;  17.9;   6.2; 1011.33;   77.33;   3.9;   25.5;   14.9;   13.0;  13.2;   2.0;   6;    4.433;   0;eor
      891;20150805;   3;   17.8;  14.9;   2.7; 1016.28;   73.96;   3.8;   21.9;   13.7;   12.5;  10.4;   0.0;   0;   13.917;   0;eor
      891;20150806;   3;   22.7;  17.2;   2.7; 1013.20;   63.88;   4.4;   30.4;   16.2;   14.8;  11.2;   0.0;   0;   13.783;   0;eor
      891;20150807;   3;   19.3;  18.3;   4.8; 1016.14;   82.00;   2.7;   22.3;   17.1;   13.9;   7.1;   0.1;   6;    8.483;   0;eor
      891;20150808;   3;   17.7;  16.4;   5.3; 1020.50;   80.79;   6.2;   19.3;   16.3;   14.7;   9.9;   0.0;   0;    7.600;   0;eor
      891;20150809;   3;   19.2;  15.5;   3.2; 1020.27;   69.83;   4.7;   23.4;   14.6;   11.3;   9.5;   0.0;   0;   12.433;   0;eor
      891;20150810;   3;   19.4;  16.5;   7.6; 1016.35;   73.42;   3.6;   22.4;   17.1;   16.7;   6.9;   4.6;   6;    2.833;   0;eor
      891;20150811;   3;   18.9;  18.7;   7.3; 1017.60;   85.33;   2.8;   21.3;   16.3;   14.6;   7.3;   0.0;   0;    4.317;   0;eor
      891;20150812;   3;   18.4;  15.5;   6.8; 1022.30;   72.71;   5.6;   20.3;   17.1;   15.7;   9.9;   0.0;   0;    2.917;   0;eor
      891;20150813;   3;   19.6;  16.4;   1.6; 1018.48;   72.46;   7.5;   23.8;   15.0;   14.1;  13.3;   0.0;   0;   13.700;   0;eor
      891;20150814;   3;   21.9;  20.3;   6.6; 1007.91;   77.42;   6.0;   26.8;   18.5;   17.7;  13.8;   5.0;   6;    3.267;   0;eor
      891;20150815;   3;   20.3;  21.9;   7.4; 1006.32;   91.71;   2.9;   24.9;   18.5;   17.9;  15.9;  17.5;   8;    0.833;   0;eor
      891;20150816;   3;   18.9;  21.0;   7.8; 1010.59;   95.96;   7.3;   20.2;   18.2;   17.9;  12.4;   1.2;   6;    0.033;   0;eor
      891;20150817;   3;   19.5;  20.3;   7.9; 1009.06;   89.46;   6.6;   20.9;   17.4;   16.2;  13.3;  14.4;   6;    0.067;   0;eor
      891;20150818;   3;   16.7;  18.1;   7.9; 1011.74;   94.75;   5.0;   17.8;   15.2;   15.0;  11.4;  30.0;   6;    0.000;   0;eor
      891;20150819;   3;   16.3;  16.2;   7.4; 1018.92;   87.63;   2.0;   18.4;   14.8;   14.2;   4.5;   1.2;   6;    1.450;   0;eor
      891;20150820;   3;   18.9;  17.7;   5.1; 1022.68;   81.08;   2.5;   22.7;   15.8;   15.0;   4.8;   0.0;   0;    7.950;   0;eor
      891;20150821;   3;   20.4;  15.5;   1.2; 1023.25;   66.79;   3.6;   25.4;   15.3;   13.8;   8.4;   0.0;   0;   12.783;   0;eor
      891;20150822;   3;   20.6;  15.3;   2.2; 1020.44;   63.75;   4.4;   25.5;   16.1;   13.0;   9.3;   0.0;   0;   13.183;   0;eor
      891;20150823;   3;   20.0;  15.3;   1.1; 1012.15;   66.25;   8.9;   23.7;   16.6;   15.2;  13.6;   0.0;   0;   12.950;   0;eor
      891;20150824;   3;   19.5;  16.6;   6.1; 1002.29;   73.42;   7.3;   23.5;   16.8;   15.8;  13.8;   0.8;   6;    2.300;   0;eor
      891;20150825;   3;   17.3;  14.6;   6.5; 1006.40;   74.04;   5.4;   19.9;   15.1;   14.3;  17.9;   6.8;   6;    3.067;   0;eor
      891;20150826;   3;   19.6;  16.9;   7.3; 1009.10;   74.92;   4.9;   24.4;   14.0;   12.9;  12.2;   7.6;   8;    4.700;   0;eor
      891;20150827;   3;   16.6;  16.3;   7.6; 1006.68;   86.08;   3.9;   18.7;   14.2;   13.9;  14.8;   0.1;   6;    0.150;   0;eor
      891;20150828;   3;   16.3;  14.9;   5.0; 1014.45;   80.96;   4.0;   20.1;   13.5;   11.0;  10.6;   1.8;   6;    5.583;   0;eor
      891;20150829;   3;   16.9;  14.4;   4.7; 1020.73;   75.58;   2.4;   22.6;   12.0;   10.0;   7.0;   0.0;   6;    5.183;   0;eor
      891;20150830;   3;   19.1;  17.2;   6.2; 1017.36;   77.38;   4.0;   22.4;   16.6;   13.5;   8.2;   0.4;   6;    4.850;   0;eor
      891;20150831;   3;   19.5;  20.2;   7.0; 1009.54;   89.38;   3.8;   24.0;   16.9;   16.5;  17.4;  20.0;   8;    5.767;   0;eor
      891;20150901;   3;   17.1;  16.5;   6.5; 1007.25;   83.29;   6.5;   19.5;   14.4;   13.2;  13.1;   0.8;   6;    0.500;   0;eor
      891;20150902;   3;   15.1;  13.1;   3.2; 1011.42;   76.79;   6.2;   18.1;   11.6;   10.2;  16.8;   0.3;   6;    7.650;   0;eor
      891;20150903;   3;   13.4;  11.9;   2.9; 1010.94;   78.42;   4.0;   18.1;   10.5;    9.2;  11.7;   1.6;   6;    7.917;   0;eor
      891;20150904;   3;   13.4;  13.0;   6.2; 1007.36;   85.33;   5.0;   17.1;   10.0;    8.6;  13.3;   6.8;   6;    1.417;   0;eor
      891;20150905;   3;   14.5;  12.5;   5.6; 1006.61;   75.75;   9.0;   16.1;   11.4;   10.3;  20.4;  22.7;   6;    4.133;   0;eor
      891;20150906;   3;   14.7;  12.8;   6.2; 1013.96;   76.88;   8.6;   17.0;   11.3;   10.8;  20.5;   0.7;   6;    4.650;   0;eor
      891;20150907;   3;   15.0;  13.1;   2.3; 1021.27;   76.63;   4.3;   17.6;   12.5;    8.6;  10.1;   0.0;   0;   12.250;   0;eor
      891;20150908;   3;   14.9;  13.5;   2.8; 1023.04;   79.79;   3.6;   17.9;   11.8;    7.7;   8.7;   0.1;   6;    7.450;   0;eor
      891;20150909;   3;   15.3;  12.2;   3.0; 1025.05;   70.50;   4.5;   19.0;   12.4;   10.2;   8.2;   0.0;   0;   11.050;   0;eor
      891;20150910;   3;   15.4;  13.1;   5.0; 1024.95;   74.96;   6.0;   19.8;   12.1;   10.5;  10.8;   0.0;   0;    9.200;   0;eor
      891;20150911;   3;   14.8;  14.2;   3.2; 1019.90;   84.50;   8.2;   17.2;   12.9;   11.3;  12.3;   0.0;   6;    6.083;   0;eor
      891;20150912;   3;   16.0;  15.0;   7.0; 1013.85;   82.71;   5.8;   19.7;   12.9;   12.0;  10.3;   3.0;   6;    2.933;   0;eor
      891;20150913;   3;   16.9;  17.7;   7.8; 1008.23;   91.92;   4.0;   20.5;   14.2;   13.4;  10.2;   2.3;   6;    0.783;   0;eor
      891;20150914;   3;   16.2;  17.2;   6.8;  999.57;   93.00;   3.8;   17.8;   13.5;   12.3;  10.0;   6.4;   6;    0.167;   0;eor
      891;20150915;   3;   13.1;  12.0;   4.3; 1000.61;   79.29;   5.6;   15.2;   10.4;    9.2;  14.0;   2.5;   6;    5.150;   0;eor
      891;20150916;   3;   14.6;  14.3;   7.1;  995.11;   84.92;   5.2;   17.7;   11.4;   10.6;  13.6;   1.1;   6;    0.050;   0;eor
      891;20150917;   3;   16.3;  14.9;   7.2;  994.86;   81.04;   6.4;   18.0;   13.3;   12.0;  15.9;   5.4;   6;    0.000;   0;eor
      891;20150918;   3;   14.9;  13.5;   4.7; 1010.80;   80.54;   4.4;   18.5;   12.3;   11.2;  11.2;   0.0;   0;    6.917;   0;eor
      891;20150919;   3;   14.2;  13.4;   5.4; 1017.93;   82.92;   3.5;   17.1;   12.0;   10.9;  11.9;   5.4;   6;    4.417;   0;eor
      891;20150920;   3;   14.2;  12.2;   5.5; 1018.75;   75.17;   5.3;   16.3;   12.0;   10.6;  12.6;   2.2;   6;    5.350;   0;eor
      891;20150921;   3;   13.5;  13.6;   7.7; 1011.80;   87.54;   3.0;   16.6;   11.9;   11.2;   9.4;   5.7;   6;    0.767;   0;eor
      891;20150922;   3;   12.9;  13.3;   7.3; 1000.33;   89.58;   3.2;   16.1;   10.8;    8.6;   9.0;   3.1;   6;    0.417;   0;eor
      891;20150923;   3;   11.8;  13.1;   6.2; 1005.44;   94.67;   1.6;   15.0;    8.4;    7.7;   5.5;   2.3;   6;    0.117;   0;eor
      891;20150924;   3;   12.9;  13.6;   6.7; 1012.52;   91.17;   4.5;   16.8;   10.2;    9.5;  11.9;   3.8;   6;    0.883;   0;eor
      891;20150925;   3;   13.0;  12.5;   3.9; 1018.85;   83.88;   4.1;   16.7;    9.9;    8.2;  10.5;   0.2;   6;    7.467;   0;eor
      891;20150926;   3;   13.5;  12.1;   2.7; 1026.05;   78.46;   3.4;   16.3;   10.9;    8.7;   7.5;   0.0;   0;    8.883;   0;eor
      891;20150927;   3;   13.9;  12.6;   3.9; 1032.33;   79.25;   4.1;   16.6;   11.0;    7.3;   9.9;   0.0;   0;    7.117;   0;eor
      891;20150928;   3;   13.9;  12.6;   4.8; 1036.79;   79.33;   3.2;   16.1;   12.3;    8.8;   7.5;   0.0;   0;    6.167;   0;eor
      891;20150929;   3;   13.4;  11.9;   2.0; 1038.09;   78.96;   4.1;   16.8;   10.4;    5.5;   8.0;   0.0;   0;   10.050;   0;eor
      891;20150930;   3;   13.1;  12.4;   0.6; 1036.40;   82.38;   4.0;   16.3;   10.8;    8.6;   8.2;   0.0;   0;   10.550;   0;eor
      891;20151001;   3;   12.3;  12.2;   2.4; 1031.88;   85.63;   2.2;   15.4;    8.5;    3.7;   6.2;   0.0;   0;    8.567;   0;eor
      891;20151002;   3;   12.4;  13.1;   3.4; 1025.10;   91.29;   2.9;   16.0;    9.3;    5.2;   6.1;   0.0;   0;    6.817;   0;eor
      891;20151003;   3;   13.1;  12.9;   4.1; 1014.95;   86.58;   4.4;   17.7;    9.5;    8.6;   9.1;   0.0;   0;    7.100;   0;eor
      891;20151004;   3;   13.3;  13.2;   3.6; 1013.13;   86.75;   3.4;   16.6;   10.8;    8.5;   8.0;   0.0;   0;    5.750;   0;eor
      891;20151005;   3;   14.1;  13.3;   6.0; 1012.63;   82.96;   4.8;   18.0;   10.0;    8.0;  12.5;   0.0;   6;    5.467;   0;eor
      891;20151006;   3;   13.6;  14.1;   7.7; 1004.93;   90.13;   9.3;   15.0;   12.5;   11.7;  17.1;   2.5;   6;    0.000;   0;eor
      891;20151007;   3;   14.4;  15.5;   8.0; 1008.75;   94.17;   5.2;   15.3;   13.5;   12.8;  11.5;   0.0;   6;    0.000;   0;eor
      891;20151008;   3;   14.4;  15.5;   7.8; 1016.23;   94.25;   3.2;   15.9;   13.2;   12.1;   8.0;   0.7;   6;    0.000;   0;eor
      891;20151009;   3;   13.0;  13.4;   7.4; 1021.04;   89.08;   4.5;   15.2;   10.5;   10.3;   9.4;   0.0;   6;    1.350;   0;eor
      891;20151010;   3;    9.3;   7.9;   2.9; 1022.98;   67.54;   8.2;   12.1;    7.5;    6.0;  14.2;   0.0;   0;    7.833;   0;eor
      891;20151011;   3;    8.2;   7.1;   0.1; 1022.72;   65.17;  10.3;   10.8;    6.0;    4.5;  15.5;   0.0;   0;    9.617;   0;eor
      891;20151012;   3;    7.1;   6.9;   3.5; 1021.58;   68.21;   9.1;    9.1;    5.1;    3.5;  13.3;   0.0;   0;    8.050;   0;eor
      891;20151013;   3;    6.9;   8.1;   7.1; 1020.55;   80.88;   6.6;    8.8;    4.5;    3.3;  12.9;   0.7;   6;    1.150;   0;eor
      891;20151014;   3;    7.3;   8.5;   8.0; 1020.15;   83.21;   8.3;    8.8;    6.2;    5.3;  15.8;   4.1;   6;    0.000;   0;eor
      891;20151015;   3;    8.5;   9.7;   8.0; 1017.97;   87.08;   7.8;   11.3;    7.1;    6.4;  15.7;   1.1;   6;    0.000;   0;eor
      891;20151016;   3;    9.0;  11.0;   8.0; 1016.25;   95.75;   6.4;    9.8;    7.8;    7.5;  10.2;   7.8;   6;    0.000;   0;eor
      891;20151017;   3;    8.9;  10.8;   8.0; 1016.87;   94.46;   2.3;   10.4;    7.6;    7.4;   6.3;   6.4;   6;    0.000;   0;eor
      891;20151018;   3;   10.7;  12.6;   8.0; 1016.71;   97.79;   4.4;   11.4;   10.3;   10.1;   7.9;   2.4;   6;    0.000;   0;eor
      891;20151019;   3;   10.0;  10.8;   4.0; 1020.44;   88.08;   3.5;   12.1;    6.9;    3.5;   8.6;   0.0;   0;    5.867;   0;eor
      891;20151020;   3;    8.8;  10.2;   6.3; 1020.78;   90.67;   1.4;   11.2;    5.2;    2.5;   6.6;   0.0;   6;    3.450;   0;eor
      891;20151021;   3;   10.4;  11.1;   7.8; 1015.40;   87.67;   3.7;   12.0;    8.7;    7.9;   9.8;   0.2;   6;    0.150;   0;eor
      891;20151022;   3;   11.8;  12.5;   7.4; 1009.83;   90.25;   5.8;   13.5;   10.1;    9.6;  14.1;   0.8;   6;    0.033;   0;eor
      891;20151023;   3;   12.0;  11.0;   5.3; 1019.40;   78.63;   4.2;   14.0;   10.5;    8.2;  11.2;   0.0;   0;    4.083;   0;eor
      891;20151024;   3;   11.0;  10.5;   7.8; 1015.55;   79.88;   3.3;   12.6;    9.6;    9.2;   9.8;   0.7;   6;    0.000;   0;eor
      891;20151025;   3;   11.2;  10.7;   4.8; 1020.62;   81.04;   3.7;   13.9;    7.7;    4.7;  10.0;   0.0;   0;    5.550;   0;eor
      891;20151026;   3;    9.2;   9.7;   2.4; 1022.48;   83.25;   4.3;   13.0;    5.4;    3.2;   9.0;   0.0;   0;    7.783;   0;eor
      891;20151027;   3;    9.2;  10.0;   1.9; 1017.04;   86.25;   6.2;   12.4;    6.4;    5.1;  10.5;   0.0;   0;    8.067;   0;eor
      891;20151028;   3;    8.1;   9.9;   5.8; 1012.33;   91.04;   6.9;    9.9;    7.3;    5.5;  13.7;   0.0;   0;    2.067;   0;eor
      891;20151029;   3;    8.9;  10.9;   7.1; 1016.65;   95.17;   2.4;   11.3;    5.7;    4.7;   7.3;   0.0;   0;    0.000;   0;eor
      891;20151030;   3;   11.4;  12.2;   6.2; 1026.20;   91.17;   3.4;   14.7;    8.3;    6.4;  10.0;   0.0;   0;    4.867;   0;eor
      891;20151031;   3;    8.9;  10.1;   6.4; 1027.27;   89.08;   5.5;   11.6;    6.8;    5.1;  12.2;   0.0;   0;    2.433;   0;eor
      891;20151101;   3;    7.9;  10.4;   6.0; 1028.21;   97.58;   2.1;   10.6;    6.4;    5.0;   6.1;   0.0;   6;    1.350;   0;eor
      891;20151102;   3;    8.0;  10.7;   7.9; 1026.50;   99.96;   2.5;    8.9;    6.0;    6.2;   7.1;   0.0;   6;    0.000;   0;eor
      891;20151103;   3;    4.5;   8.5;   8.0; 1020.17;  100.00;   2.5;    6.1;    2.5;    2.7;   6.5;   0.0;   0;    0.000;   0;eor
      891;20151104;   3;    7.3;   9.2;   4.4; 1017.03;   89.75;   3.3;   11.4;    2.4;    1.3;   7.3;   0.0;   6;    7.100;   0;eor
      891;20151105;   3;   11.6;  13.1;   7.2; 1017.27;   95.33;   3.0;   13.4;    9.8;    7.0;   6.8;   9.6;   6;    0.000;   0;eor
      891;20151106;   3;   13.8;  15.0;   7.7; 1015.18;   94.83;   3.7;   14.9;   12.5;   12.0;  10.6;   9.9;   6;    0.000;   0;eor
      891;20151107;   3;   15.1;  15.7;   7.5; 1015.56;   91.42;   6.4;   17.7;   13.2;   11.9;  19.1;   5.8;   6;    0.633;   0;eor
      891;20151108;   3;   12.6;  12.3;   5.3; 1020.79;   84.75;   5.4;   14.9;   11.3;    9.1;  18.0;   3.8;   6;    4.350;   0;eor
      891;20151109;   3;   12.5;  12.7;   6.6; 1013.23;   87.29;   8.0;   14.6;   10.9;   10.2;  17.5;   4.0;   6;    1.600;   0;eor
      891;20151110;   3;   14.7;  14.7;   7.8; 1013.24;   87.88;  10.5;   15.7;   12.2;   11.8;  21.5;   0.2;   6;    0.000;   0;eor
      891;20151111;   3;   13.4;  14.1;   7.9; 1016.79;   91.63;   7.2;   14.7;   12.3;   11.5;  17.2;   0.1;   6;    0.000;   0;eor
      891;20151112;   3;   12.2;  12.3;   4.1; 1019.35;   86.63;   5.8;   13.7;    9.6;    8.0;  13.4;   0.0;   0;    6.350;   0;eor
      891;20151113;   3;   10.8;  10.2;   6.3; 1013.78;   78.46;   6.7;   13.1;    7.3;    5.6;  19.2;   7.6;   8;    3.683;   0;eor
      891;20151114;   3;    8.2;   9.0;   6.9; 1013.83;   82.42;   7.9;    9.9;    7.0;    5.3;  19.6;  14.2;   8;    1.100;   0;eor
      891;20151115;   3;   10.5;  12.6;   7.9; 1002.10;   98.63;   5.6;   12.8;    7.9;    7.5;  19.3;  19.5;   6;    0.000;   0;eor
      891;20151116;   3;   11.9;  12.4;   7.4; 1005.81;   88.96;   6.3;   12.8;    9.6;    8.7;  15.3;   2.9;   6;    0.017;   0;eor
      891;20151117;   3;   11.2;  11.8;   7.5; 1000.08;   88.17;   4.9;   14.3;    9.7;    8.8;  20.2;   6.4;   6;    0.100;   0;eor
      891;20151118;   3;   11.5;  10.8;   7.1; 1000.73;   79.25;   9.5;   13.3;    9.8;    8.8;  23.0;   7.7;   6;    1.783;   0;eor
      891;20151119;   3;   10.6;  10.1;   5.9; 1001.00;   78.38;   9.9;   11.8;    8.4;    7.0;  24.7;   2.6;   6;    1.050;   0;eor
      891;20151120;   3;    7.9;   8.9;   6.5;  997.36;   83.96;   6.7;    9.2;    6.0;    5.2;  18.7;   9.6;   6;    0.250;   0;eor
      891;20151121;   3;    4.9;   7.2;   5.6;  993.10;   83.67;   7.0;    6.0;    3.8;    2.1;  12.7;   6.6;   8;    0.000;   0;eor
      891;20151122;   3;    3.1;   6.1;   5.9; 1002.00;   79.67;  12.0;    4.4;    0.6;   -0.2;  22.5;   1.7;   8;    0.417;   0;eor
      891;20151123;   3;    3.4;   5.8;   4.9; 1017.92;   74.92;   5.7;    5.0;    1.5;    0.0;  13.8;   0.2;   6;    4.367;   0;eor
      891;20151124;   3;    3.2;   6.5;   7.9; 1009.67;   84.33;   6.7;    4.9;    1.9;    1.4;  16.6;   8.5;   8;    0.000;   0;eor
      891;20151125;   3;    5.4;   8.1;   6.6; 1001.10;   90.38;   4.1;    8.0;    2.9;    2.0;   9.4;   3.4;   6;    2.033;   0;eor
      891;20151126;   3;    6.2;   7.7;   2.3; 1012.65;   81.46;   3.6;    8.4;    4.2;    0.9;   7.7;   0.0;   6;    5.633;   0;eor
      891;20151127;   3;    5.2;   7.3;   6.7; 1011.15;   82.50;   5.2;    6.3;    3.4;    2.7;  13.3;   3.6;   6;    1.183;   0;eor
      891;20151128;   3;    6.0;   7.3;   6.3; 1002.68;   77.79;   7.2;    8.6;    4.0;    3.6;  17.0;   7.1;   8;    2.483;   0;eor
      891;20151129;   3;    8.4;   8.9;   7.0;  997.30;   80.67;   9.2;   10.5;    5.5;    4.1;  29.7;   4.5;   8;    0.000;   0;eor
      891;20151130;   3;    6.2;   7.1;   6.7; 1005.14;   75.71;   8.4;    8.7;    3.5;    1.8;  25.6;   4.8;   6;    0.000;   0;eor
      891;20151201;   3;    7.5;   8.2;   6.2; 1016.28;   78.50;   5.7;   10.8;    6.2;    4.2;  16.2;   2.1;   6;    0.883;   0;eor
      891;20151202;   3;   10.3;  10.0;   7.8; 1020.35;   79.67;   6.7;   10.8;    9.8;    9.1;  15.7;   0.0;   6;    0.000;   0;eor
      891;20151203;   3;    9.6;   9.3;   7.7; 1021.97;   77.42;   5.3;   10.8;    8.1;    7.2;  11.8;   0.9;   6;    0.000;   0;eor
      891;20151204;   3;    8.8;   9.0;   6.1; 1017.89;   79.67;   7.7;    9.4;    7.6;    6.3;  18.3;   0.3;   6;    2.617;   0;eor
      891;20151205;   3;    8.7;   8.0;   7.2; 1016.02;   70.83;   9.5;    9.3;    7.9;    7.0;  20.2;   0.0;   0;    0.000;   0;eor
      891;20151206;   3;    9.7;   9.6;   7.7; 1013.75;   79.38;   8.7;   11.6;    8.1;    7.5;  19.1;   0.6;   6;    1.433;   0;eor
      891;20151207;   3;    9.0;  10.7;   7.5; 1027.58;   92.54;   2.6;   10.4;    7.4;    5.0;   6.6;   0.9;   6;    0.000;   0;eor
      891;20151208;   3;    9.7;  10.2;   4.2; 1025.10;   85.29;   4.1;   11.8;    8.0;    7.0;   9.0;   5.0;   6;    5.800;   0;eor
      891;20151209;   3;    8.1;   8.9;   3.3; 1028.17;   81.83;   5.8;   10.3;    6.0;    4.8;  12.0;   0.0;   0;    5.583;   0;eor
      891;20151210;   3;    6.6;   7.7;   7.2; 1024.18;   79.46;   6.7;    8.0;    5.3;    4.6;  14.3;   4.0;   6;    0.033;   0;eor
      891;20151211;   3;    6.4;   8.3;   6.4; 1014.30;   85.92;   6.7;    8.1;    5.1;    3.5;  15.8;   5.2;   8;    1.017;   0;eor
      891;20151212;   3;    6.5;   8.1;   6.3; 1013.20;   83.29;   6.3;    9.5;    4.1;    3.6;  16.2;  21.2;   6;    0.433;   0;eor
      891;20151213;   3;    6.1;   7.9;   4.3; 1014.52;   83.79;   5.6;   10.1;    3.6;    0.3;  20.5;   0.0;   0;    4.750;   0;eor
      891;20151214;   3;    4.0;   7.3;   7.8; 1019.60;   89.71;   3.5;    5.3;    2.3;    0.9;   8.0;   0.0;   0;    0.000;   0;eor
      891;20151215;   3;    5.9;   8.6;   7.9; 1021.90;   93.00;   4.5;    7.2;    4.4;    3.7;  11.5;   0.0;   0;    0.000;   0;eor
      891;20151216;   3;    7.6;   9.8;   7.8; 1020.10;   92.67;   5.5;   11.4;    4.7;    3.7;  11.7;   3.0;   6;    0.000;   0;eor
      891;20151217;   3;   12.2;  12.4;   7.3; 1015.90;   86.88;   5.6;   13.5;   10.7;   10.3;  12.7;   0.9;   6;    0.000;   0;eor
      891;20151218;   3;   11.6;  11.7;   7.5; 1015.70;   85.54;   5.9;   13.1;   10.4;    9.1;  12.2;   0.0;   6;    0.000;   0;eor
      891;20151219;   3;   11.7;  11.7;   7.4; 1015.55;   84.75;   5.4;   13.3;   10.1;    9.4;  13.7;   0.0;   0;    0.000;   0;eor
      891;20151220;   3;   12.0;  10.8;   7.4; 1012.22;   76.92;   5.4;   13.2;   11.2;   10.4;  13.1;   0.0;   6;    0.000;   0;eor
      891;20151221;   3;   10.3;  10.0;   5.9; 1011.09;   79.71;   7.5;   11.9;    9.0;    7.9;  21.5;   3.8;   6;    1.533;   0;eor
      891;20151222;   3;   11.0;  11.5;   6.5; 1012.40;   86.63;   7.6;   13.0;    8.4;    6.7;  17.2;   4.0;   6;    0.000;   0;eor
      891;20151223;   3;   10.2;   9.9;   4.2; 1015.45;   78.54;   7.9;   12.8;    6.8;    5.6;  19.4;   0.9;   6;    1.850;   0;eor
      891;20151224;   3;    9.0;   9.3;   5.8; 1015.80;   81.00;   5.9;   12.9;    6.0;    5.3;  16.8;   0.0;   6;    2.217;   0;eor
      891;20151225;   3;    8.0;   8.5;   4.8; 1019.12;   78.96;   6.2;   12.1;    6.3;    4.9;  14.8;   3.3;   6;    4.417;   0;eor
      891;20151226;   3;   12.7;  12.1;   6.9; 1015.25;   82.29;   9.0;   13.5;   11.7;   10.6;  17.8;   2.8;   6;    0.867;   0;eor
      891;20151227;   3;   10.1;  10.2;   5.6; 1018.86;   82.92;   6.2;   12.0;    6.1;    2.6;  15.0;   1.1;   6;    0.000;   0;eor
      891;20151228;   3;    5.8;   8.5;   6.5; 1027.78;   92.04;   6.7;    6.9;    4.3;    0.6;  15.7;   0.0;   6;    0.000;   0;eor
      891;20151229;   3;    6.0;   8.2;   8.0; 1025.27;   87.46;   7.0;    6.8;    5.2;    5.2;  15.5;   0.0;   0;    0.000;   0;eor
      891;20151230;   3;    6.4;   8.2;   6.5; 1024.15;   84.83;   6.1;    8.1;    3.0;    2.1;  15.5;   0.0;   0;    2.517;   0;eor
      891;20151231;   3;    5.1;   7.4;   5.0; 1016.17;   82.33;   5.1;    8.1;    2.1;    1.1;  12.3;   1.6;   6;    0.000;   0;eor
      891;20160101;   3;    4.9;   7.8;   3.9; 1021.91;   89.50;   3.5;    7.2;    2.5;    1.1;  10.3;   0.1;   6;    4.250;   0;eor
      891;20160102;   3;    2.1;   6.4;   7.8; 1016.43;   88.00;  12.7;    4.9;   -3.7;   -3.5;  21.3;   0.0;   0;    0.000;   0;eor
      891;20160103;   3;   -4.2;   3.6;   8.0; 1007.78;   81.25;  13.8;   -3.2;   -5.4;   -5.1;  20.3;   0.3;   8;    0.000;   0;eor
      891;20160104;   3;   -5.2;   3.4;   7.5;  994.25;   81.38;  13.0;   -4.1;   -6.0;   -5.9;  19.3;   0.0;   7;    0.000;   0;eor
      891;20160105;   3;   -4.0;   3.4;   7.4;  997.02;   75.75;  13.7;   -2.6;   -5.5;   -5.8;  19.4;   0.3;   8;    0.000;   0;eor
      891;20160106;   3;   -3.5;   3.3;   7.7; 1002.60;   70.04;  12.5;   -2.5;   -4.4;   -4.3;  17.7;   0.0;   7;    0.000;   0;eor
      891;20160107;   3;   -3.1;   4.2;   8.0;  996.32;   86.67;  11.9;   -1.6;   -4.8;   -4.6;  18.4;   5.7;   8;    0.000;   0;eor
      891;20160108;   3;    3.4;   6.6;   7.6;  993.64;   84.96;   7.0;    4.7;   -1.8;   -1.6;  21.0;   0.6;   6;    0.000;   1;eor
      891;20160109;   3;    2.6;   6.2;   4.8;  998.67;   84.13;   4.0;    3.9;    0.5;   -0.5;   7.9;   0.0;   6;    3.817;   0;eor
      891;20160110;   3;    4.1;   7.3;   6.3;  990.09;   88.46;   4.3;    6.6;    1.5;    0.4;  10.0;   4.8;   6;    0.683;   0;eor
      891;20160111;   3;    3.1;   7.1;   6.0;  987.13;   93.00;   4.1;    4.7;    2.1;    0.6;   8.7;   1.9;   6;    0.700;   0;eor
      891;20160112;   3;    4.9;   7.9;   7.5;  988.51;   90.67;   4.1;    6.6;    2.7;    2.3;  12.2;   3.1;   6;    1.700;   0;eor
      891;20160113;   3;    3.3;   6.9;   6.8; 1003.22;   89.04;   4.8;    4.9;    1.8;    1.1;  14.6;   0.3;   8;    1.167;   0;eor
      891;20160114;   3;    1.3;   6.2;   6.2; 1003.80;   92.29;   4.4;    3.4;    0.4;   -0.6;  10.5;   9.2;   8;    0.000;   0;eor
      891;20160115;   3;    1.7;   6.2;   7.8; 1008.35;   89.13;   5.6;    2.9;    0.6;   -1.4;   9.9;   0.0;   8;    0.000;   0;eor
      891;20160116;   3;    0.1;   5.7;   6.3; 1016.16;   92.63;   2.4;    1.5;   -1.3;   -7.7;   8.2;   4.6;   8;    0.500;   0;eor
      891;20160117;   3;   -1.6;   4.5;   4.3; 1022.68;   82.54;   5.1;   -0.1;   -3.5;  -10.4;  11.7;   0.0;   7;    5.550;   4;eor
      891;20160118;   3;   -2.5;   4.3;   4.5; 1019.19;   85.13;   4.0;   -0.8;   -5.3;  -10.7;  10.4;   0.7;   7;    4.617;   2;eor
      891;20160119;   3;   -2.5;   4.5;   7.1; 1011.99;   87.00;   4.8;    0.4;   -5.4;   -6.6;  11.3;   2.0;   8;    0.583;   3;eor
      891;20160120;   3;   -0.7;   5.3;   4.8; 1014.43;   92.17;   3.4;    2.6;   -5.5;  -12.0;   8.4;   0.0;   8;    5.417;   5;eor
      891;20160121;   3;   -7.0;   3.5;   7.4; 1025.62;   95.42;   1.8;   -5.4;   -8.3;  -10.4;   3.4;   0.0;   7;    0.417;   4;eor
      891;20160122;   3;   -4.8;   3.9;   6.0; 1024.82;   91.63;   2.3;   -0.9;   -7.1;   -7.7;   8.8;   2.3;   8;    2.817;   4;eor
      891;20160123;   3;    3.7;   7.6;   5.5; 1024.13;   95.17;   5.7;    6.2;   -0.9;   -1.0;  12.7;   0.0;   0;    5.983;   3;eor
      891;20160124;   3;    5.8;   8.8;   7.8; 1025.44;   95.08;   4.6;    8.1;    4.7;    4.0;  11.2;   4.5;   6;    0.000;   0;eor
      891;20160125;   3;    9.6;  11.2;   6.8; 1020.54;   93.83;   5.7;   11.4;    7.4;    7.2;  14.0;   0.0;   0;    0.383;   0;eor
      891;20160126;   3;    8.8;   9.2;   7.3; 1014.50;   81.46;   7.4;   11.0;    6.2;    5.0;  17.8;   2.6;   6;    1.333;   0;eor
      891;20160127;   3;    9.8;  11.2;   8.0; 1005.78;   91.75;   8.6;   11.0;    7.6;    6.9;  18.1;   8.2;   6;    0.000;   0;eor
      891;20160128;   3;    6.2;   7.2;   3.7; 1015.14;   76.04;   7.8;    7.7;    4.5;    3.5;  15.7;   0.5;   6;    5.900;   0;eor
      891;20160129;   3;    7.6;   8.9;   7.8; 1012.39;   84.88;   8.7;    9.9;    4.7;    3.4;  19.9;   5.1;   6;    0.000;   0;eor
      891;20160130;   3;    6.6;   8.4;   6.9; 1001.32;   84.75;   7.7;    9.0;    1.7;    0.7;  22.3;  10.4;   8;    0.000;   0;eor
      891;20160131;   3;    4.5;   7.0;   6.8; 1002.02;   83.17;   7.1;    5.9;    2.6;    1.7;  18.9;   3.8;   8;    1.500;   0;eor
      891;20160201;   3;    8.0;   9.6;   7.8; 1005.85;   89.50;   7.2;   10.4;    5.1;    3.9;  22.5;   3.3;   6;    0.000;   0;eor
      891;20160202;   3;    7.9;   7.4;   6.9; 1003.18;   69.92;  11.0;    9.6;    6.7;    5.3;  22.0;   0.0;   6;    0.100;   0;eor
      891;20160203;   3;    5.1;   6.9;   4.8; 1008.74;   78.21;   8.6;    7.0;    3.1;    1.7;  19.0;   3.8;   8;    1.367;   0;eor
      891;20160204;   3;    3.9;   6.9;   6.0; 1016.18;   85.29;   5.7;    4.7;    3.0;    0.4;  16.5;   3.0;   6;    0.000;   0;eor
      891;20160205;   3;    5.7;   8.5;   7.3; 1017.55;   91.92;   4.4;    8.5;    2.9;    0.9;  11.8;   2.7;   6;    0.000;   0;eor
      891;20160206;   3;    8.7;   9.3;   7.3; 1006.68;   83.04;   4.8;    9.7;    7.4;    5.9;  10.8;   0.0;   6;    0.000;   0;eor
      891;20160207;   3;    8.6;   7.8;   5.5;  995.63;   69.79;   6.2;   11.4;    6.4;    5.2;  15.2;   3.7;   6;    1.983;   0;eor
      891;20160208;   3;    7.4;   7.9;   6.2;  984.75;   76.67;   8.1;   10.0;    5.7;    4.2;  19.9;  14.1;   6;    1.517;   0;eor
      891;20160209;   3;    5.8;   7.7;   7.0;  983.15;   83.33;   7.5;    7.3;    3.1;    2.5;  17.9;  21.4;   8;    1.667;   0;eor
      891;20160210;   3;    4.4;   7.4;   7.3;  986.40;   88.54;   5.6;    5.9;    2.5;    1.3;  13.3;   7.8;   8;    0.000;   0;eor
      891;20160211;   3;    4.7;   7.4;   7.7;  997.30;   86.38;   6.2;    6.1;    4.0;    2.7;  16.0;   5.8;   6;    0.333;   0;eor
      891;20160212;   3;    2.7;   6.8;   6.8;  999.59;   90.92;   2.7;    4.4;    1.4;    1.1;   7.5;   0.6;   6;    3.467;   0;eor
      891;20160213;   3;    1.4;   6.2;   7.8;  993.98;   91.96;   6.9;    2.7;   -0.3;    0.0;  14.0;   0.0;   0;    0.000;   0;eor
      891;20160214;   3;    2.6;   6.3;   7.8;  991.92;   86.33;  11.3;    3.6;    1.4;    1.0;  16.2;   1.1;   8;    0.000;   0;eor
      891;20160215;   3;    0.3;   4.9;   4.8; 1015.35;   78.75;   7.9;    1.5;   -1.4;   -4.9;  15.6;   0.0;   0;    1.167;   0;eor
      891;20160216;   3;    1.1;   4.5;   0.3; 1034.02;   68.13;   3.4;    3.7;   -1.9;   -5.0;   7.9;   0.0;   0;    8.383;   0;eor
      891;20160217;   3;   -0.1;   4.6;   2.4; 1022.95;   75.50;   4.9;    2.8;   -3.3;   -4.3;  10.1;   0.0;   0;    8.217;   0;eor
      891;20160218;   3;    1.0;   5.5;   5.2; 1013.35;   83.92;   3.3;    3.8;   -1.8;   -3.0;   8.3;   0.0;   8;    5.200;   0;eor
      891;20160219;   3;    2.8;   6.5;   4.8; 1015.53;   86.54;   4.0;    6.3;    1.2;    0.0;  10.9;   1.4;   6;    4.600;   0;eor
      891;20160220;   3;    5.2;   7.8;   7.7; 1002.93;   87.88;   7.0;    7.6;    2.3;    1.4;  15.7;   6.0;   6;    0.000;   0;eor
      891;20160221;   3;    7.4;   9.5;   7.5;  999.74;   91.46;   7.9;    9.9;    6.1;    4.8;  21.7;  14.9;   6;    0.000;   0;eor
      891;20160222;   3;    5.8;   7.7;   7.0;  999.76;   83.17;   7.4;    7.2;    4.5;    2.9;  15.5;   0.3;   8;    0.000;   0;eor
      891;20160223;   3;    4.8;   7.1;   2.8; 1006.73;   82.67;   6.0;    6.9;    3.2;    1.3;  13.8;   1.7;   8;    4.400;   0;eor
      891;20160224;   3;    3.0;   6.1;   4.4; 1011.74;   80.29;   5.9;    5.4;    0.6;   -0.3;  15.8;   5.1;   8;    6.033;   0;eor
      891;20160225;   3;    2.1;   6.5;   7.0; 1008.28;   91.63;   5.3;    4.1;    0.5;   -0.1;  13.7;   7.7;   8;    1.883;   0;eor
      891;20160226;   3;    2.4;   6.5;   5.8; 1010.16;   89.71;   3.6;    4.9;    1.1;   -1.1;  10.0;   1.4;   8;    3.233;   0;eor
      891;20160227;   3;    2.5;   6.3;   5.3; 1012.96;   86.08;   2.5;    4.6;    0.3;   -1.8;   5.6;   0.0;   0;    4.700;   0;eor
      891;20160228;   3;    2.1;   6.2;   2.3; 1019.29;   87.96;   2.0;    5.4;   -0.7;   -4.3;   6.2;   0.0;   0;    4.867;   0;eor
      891;20160229;   3;    1.0;   5.4;   2.8; 1024.77;   82.33;   4.8;    3.5;   -2.6;   -3.8;  11.0;   0.0;   0;    2.900;   0;eor
      891;20160301;   3;    0.3;   5.3;   5.7; 1013.68;   83.71;   5.2;    3.4;   -2.1;   -4.0;  14.9;   4.1;   8;    0.317;   0;eor
      891;20160302;   3;    4.2;   7.6;   6.7;  993.78;   92.00;   4.9;    6.7;    1.9;    0.2;  13.8;   7.5;   6;    1.600;   0;eor
      891;20160303;   3;    3.2;   6.6;   6.7;  997.79;   85.75;   3.5;    5.5;    1.2;    0.2;   8.6;   1.8;   8;    0.467;   0;eor
      891;20160304;   3;    2.9;   6.5;   6.0;  998.20;   86.04;   5.9;    5.4;   -0.4;   -1.6;  13.7;   5.5;   6;    2.883;   0;eor
      891;20160305;   3;    3.7;   7.3;   8.0;  994.86;   91.67;   2.6;    4.3;    3.2;    2.7;   7.6;   0.4;   6;    0.000;   0;eor
      891;20160306;   3;    4.2;   6.9;   5.9;  996.44;   84.46;   3.9;    6.7;    2.3;    0.7;  10.6;   0.2;   6;    6.417;   0;eor
      891;20160307;   3;    3.2;   6.5;   4.2; 1001.77;   84.83;   3.9;    6.3;    0.8;   -0.7;  10.0;   0.9;   8;    8.050;   0;eor
      891;20160308;   3;    3.6;   6.6;   5.2; 1010.47;   83.46;   3.7;    6.7;    1.6;    0.3;  11.5;   0.0;   6;    5.117;   0;eor
      891;20160309;   3;    3.8;   5.9;   2.0; 1010.12;   74.33;   5.0;    7.8;    0.2;   -0.7;  11.0;   0.0;   0;    9.867;   0;eor
      891;20160310;   3;    3.6;   6.6;   4.9; 1021.29;   83.58;   5.9;    5.6;    0.4;    0.6;  11.6;   0.0;   0;    1.050;   0;eor
      891;20160311;   3;    3.5;   6.2;   4.2; 1029.42;   78.83;   5.1;    5.8;    1.6;    0.4;   8.8;   0.0;   0;    5.183;   0;eor
      891;20160312;   3;    3.1;   6.0;   1.2; 1032.69;   79.38;   5.4;    5.8;    0.5;   -1.2;  10.9;   0.0;   0;    8.817;   0;eor
      891;20160313;   3;    1.4;   6.0;   4.2; 1037.08;   89.04;   4.1;    4.1;   -0.6;   -1.1;   7.9;   0.0;   0;    1.550;   0;eor
      891;20160314;   3;    3.8;   7.1;   6.9; 1034.02;   88.46;   2.6;    6.5;    0.1;   -1.8;   6.4;   0.0;   6;    0.350;   0;eor
      891;20160315;   3;    5.3;   7.8;   5.7; 1028.82;   88.04;   5.1;    8.2;    2.4;    1.3;  10.9;   0.0;   0;    0.133;   0;eor
      891;20160316;   3;    4.8;   6.6;   1.2; 1032.60;   76.96;   5.5;    8.4;    2.0;    0.1;   9.6;   0.0;   0;    9.233;   0;eor
      891;20160317;   3;    4.5;   6.9;   2.2; 1027.98;   82.58;   3.2;    8.7;   -0.6;   -3.4;   9.9;   0.0;   6;    9.200;   0;eor
      891;20160318;   3;    5.3;   7.8;   8.0; 1019.01;   88.04;   5.3;    6.6;    4.3;    3.3;  11.6;   0.0;   0;    0.000;   0;eor
      891;20160319;   3;    5.6;   7.5;   7.3; 1018.90;   82.83;   4.9;    7.1;    4.3;    2.7;  12.5;   0.3;   6;    0.100;   0;eor
      891;20160320;   3;    6.4;   8.2;   5.3; 1014.62;   85.08;   7.7;    8.0;    4.7;    3.0;  13.6;   0.1;   6;    3.717;   0;eor
      891;20160321;   3;    6.6;   8.6;   7.6; 1012.62;   88.00;   7.8;    8.3;    4.9;    3.9;  13.8;   1.3;   6;    0.167;   0;eor
      891;20160322;   3;    6.4;   8.6;   7.0; 1009.81;   88.88;   6.0;    7.9;    5.6;    4.3;  11.4;   1.0;   6;    1.433;   0;eor
      891;20160323;   3;    5.9;   7.7;   3.8; 1009.13;   82.63;   6.0;    8.0;    4.5;    2.1;  11.9;   0.0;   0;    9.500;   0;eor
      891;20160324;   3;    5.7;   7.6;   5.8; 1010.55;   83.00;   3.6;    7.4;    3.0;   -0.9;   8.0;   1.6;   6;    2.350;   0;eor
      891;20160325;   3;    6.5;   9.2;   6.9; 1008.31;   94.42;   4.4;    7.9;    4.6;    1.2;   9.6;   3.0;   6;    0.000;   0;eor
      891;20160326;   3;    8.3;   8.4;   5.5; 1012.41;   78.75;   5.1;   13.8;    2.7;    1.3;  14.6;   0.0;   6;    6.433;   0;eor
      891;20160327;   3;    8.9;   8.4;   5.9; 1004.16;   73.96;   5.1;   11.1;    6.6;    5.0;  12.8;   3.7;   6;    2.483;   0;eor
      891;20160328;   3;    8.4;   7.9;   4.9;  996.60;   72.67;   6.3;   11.9;    6.0;    3.8;  20.1;   2.2;   6;    3.250;   0;eor
      891;20160329;   3;    6.6;   7.8;   4.9; 1001.25;   80.29;   4.5;   10.4;    3.9;    2.4;  13.0;  10.9;   8;    4.450;   0;eor
      891;20160330;   3;    6.5;   7.8;   4.9; 1005.02;   80.25;   6.6;    9.1;    4.2;    3.2;  16.1;   0.4;   6;    7.017;   0;eor
      891;20160331;   3;    6.4;   7.7;   6.2; 1013.03;   79.96;   4.6;    8.4;    4.5;    2.6;  11.5;   0.0;   0;    4.467;   0;eor
      891;20160401;   3;    5.9;   6.5;   3.2; 1019.91;   69.83;   3.8;    7.9;    3.8;    1.7;  10.4;   0.0;   0;   11.400;   0;eor
      891;20160402;   3;    9.1;   7.5;   5.7; 1016.64;   64.42;   3.5;   14.1;    5.4;    3.7;   8.1;   0.0;   6;    5.067;   0;eor
      891;20160403;   3;   11.0;  10.7;   6.8; 1009.60;   81.29;   3.0;   17.8;    8.2;    7.7;   6.8;   0.8;   6;    1.650;   0;eor
      891;20160404;   3;   13.3;  12.0;   5.3; 1005.14;   79.83;   4.1;   20.4;    8.0;    4.9;  16.3;   2.5;   6;    3.517;   0;eor
      891;20160405;   3;    9.0;  10.6;   6.8; 1004.65;   92.25;   3.6;   12.6;    7.7;    4.8;  12.2;   6.9;   6;    0.000;   0;eor
      891;20160406;   3;    9.2;   9.0;   6.4; 1002.99;   77.54;   6.4;   12.6;    5.6;    3.9;  20.2;   1.0;   6;    5.250;   0;eor
      891;20160407;   3;    7.2;   7.8;   4.5; 1003.45;   76.63;   6.3;    9.7;    5.8;    4.2;  16.0;   2.0;   6;    6.017;   0;eor
      891;20160408;   3;    7.4;   8.4;   4.8; 1008.38;   81.63;   4.3;    9.9;    5.2;    2.1;  10.5;   0.0;   6;    4.717;   0;eor
      891;20160409;   3;    8.3;   8.6;   4.0; 1008.50;   79.13;   3.9;   12.2;    3.5;    1.5;  10.6;   0.0;   6;    5.917;   0;eor
      891;20160410;   3;    9.8;   8.6;   5.0; 1012.66;   71.67;   6.5;   13.0;    7.4;    6.2;  11.1;   0.0;   0;    4.933;   0;eor
      891;20160411;   3;    9.1;   8.4;   3.1; 1015.53;   73.29;   9.6;   12.7;    5.6;    4.4;  14.2;   0.8;   6;   10.567;   0;eor
      891;20160412;   3;    9.4;   9.8;   6.3; 1009.54;   82.79;   6.6;   12.9;    7.1;    6.1;  12.9;   0.0;   6;    1.533;   0;eor
      891;20160413;   3;    8.9;  10.4;   7.5; 1006.55;   90.54;   3.2;   10.7;    7.8;    6.7;   7.3;   0.3;   6;    0.000;   0;eor
      891;20160414;   3;    9.7;   9.9;   6.0; 1009.68;   82.25;   2.1;   13.1;    8.0;    5.8;   8.0;   0.0;   0;    5.700;   0;eor
      891;20160415;   3;    9.6;   9.8;   6.8; 1000.66;   81.33;   3.3;   12.1;    7.1;    5.9;   8.8;   1.7;   6;    0.033;   0;eor
      891;20160416;   3;    9.1;   9.0;   6.0;  997.25;   78.33;   5.9;   13.7;    6.0;    3.9;  17.5;   0.3;   6;    4.167;   0;eor
      891;20160417;   3;    7.5;   7.0;   3.3; 1008.16;   68.00;   6.6;   10.2;    5.8;    3.3;  12.9;   0.1;   6;    8.183;   0;eor
      891;20160418;   3;    8.1;   8.2;   7.2; 1015.61;   75.88;   6.6;   10.7;    5.5;    3.6;  15.9;   0.8;   6;    0.033;   0;eor
      891;20160419;   3;    8.5;   8.1;   4.7; 1021.03;   73.54;   8.7;   10.0;    7.6;    5.6;  16.5;   0.0;   6;    6.717;   0;eor
      891;20160420;   3;    7.8;   7.0;   6.0; 1028.60;   65.92;   6.3;   10.0;    6.4;    4.4;  12.1;   0.0;   6;    4.183;   0;eor
      891;20160421;   3;    7.9;   8.0;   1.0; 1024.63;   75.63;   4.1;   11.0;    4.7;   -0.4;  10.6;   0.0;   0;   13.333;   0;eor
      891;20160422;   3;    7.7;   7.0;   5.2; 1018.31;   66.75;   7.0;   10.1;    6.0;    4.8;  12.6;   0.0;   6;    3.333;   0;eor
      891;20160423;   3;    6.4;   6.1;   5.1; 1011.01;   63.83;   6.9;    9.1;    2.8;    0.8;  15.5;   2.8;   8;    6.350;   0;eor
      891;20160424;   3;    3.7;   6.3;   5.1; 1008.51;   79.46;   3.9;    7.4;    0.7;    0.0;  12.2;  10.6;   8;    5.817;   0;eor
      891;20160425;   3;    3.2;   6.5;   7.0; 1001.73;   85.29;   4.8;    5.7;    0.6;    0.0;  13.3;   8.0;   8;    0.667;   0;eor
      891;20160426;   3;    3.9;   6.6;   6.3;  993.68;   81.58;   3.4;    6.7;    1.6;    0.6;   8.4;   0.1;   6;    4.267;   0;eor
      891;20160427;   3;    5.0;   7.2;   7.1;  998.70;   82.38;   5.6;    7.5;    3.5;    2.8;  15.8;   6.8;   8;    1.517;   0;eor
      891;20160428;   3;    6.0;   7.0;   6.1; 1009.85;   76.00;   5.0;    9.8;    3.1;    3.3;  12.9;   2.5;   6;    6.267;   0;eor
      891;20160429;   3;    6.1;   7.7;   6.6; 1011.51;   81.50;   4.6;    9.7;    2.0;    1.0;  13.9;   1.8;   6;    0.683;   0;eor
      891;20160430;   3;    8.0;   8.1;   5.8; 1017.66;   75.71;   4.1;   10.2;    6.1;    5.0;   8.7;   0.0;   0;    4.750;   0;eor
      891;20160501;   3;    8.2;   8.3;   2.6; 1025.76;   76.13;   5.2;   10.6;    6.5;    4.4;   8.5;   0.0;   0;   12.033;   0;eor
      891;20160502;   3;   12.5;   9.5;   2.8; 1021.36;   67.50;   2.5;   18.9;    5.8;    2.1;   7.8;   0.8;   6;   12.217;   0;eor
      891;20160503;   1;    9.8;   9.4;   5.9; 1019.31;   77.17;   5.2;   11.5;    8.0;    6.1;  12.4;   1.4;   6;    5.033;   0;eor
      891;20160504;   1;    9.4;   9.1;   2.0; 1027.75;   77.42;   3.0;   11.7;    6.8;    3.0;   6.5;   0.0;   0;   13.417;   0;eor
      891;20160505;   1;   12.0;   8.1;   2.6; 1025.44;   59.13;   4.4;   16.2;    6.7;    3.7;  10.8;   0.0;   0;   14.100;   0;eor
      891;20160506;   1;   14.7;  10.8;   3.1; 1016.38;   64.71;   6.0;   22.6;    9.2;    7.8;  11.2;   0.0;   0;   14.033;   0;eor
      891;20160507;   1;   16.7;  11.4;   1.6; 1013.18;   61.25;   5.5;   24.9;   12.0;   10.4;  11.6;   0.0;   0;   14.350;   0;eor
      891;20160508;   1;   17.3;  11.3;   0.8; 1016.07;   58.96;   7.4;   22.3;   12.5;   10.8;  14.3;   0.0;   0;   14.400;   0;eor
      891;20160509;   1;   17.1;  12.5;   1.2; 1017.20;   65.00;   7.0;   21.4;   12.5;   10.3;  13.5;   0.0;   0;   14.400;   0;eor
      891;20160510;   1;   17.0;  12.8;   2.5; 1012.60;   66.63;   6.6;   21.8;   13.2;   11.5;  10.9;   0.0;   0;   13.333;   0;eor
      891;20160511;   1;   17.4;  13.2;   3.3; 1008.17;   66.88;   8.0;   22.0;   13.5;   12.1;  13.4;   0.0;   0;   13.550;   0;eor
      891;20160512;   1;   15.6;  11.6;   2.8; 1004.85;   65.83;   7.5;   20.9;   11.4;    9.9;  11.7;   0.0;   0;   13.867;   0;eor
      891;20160513;   1;   12.3;  10.0;   2.9; 1004.21;   69.71;   6.2;   16.7;    8.8;    7.9;  14.1;   0.0;   6;   13.767;   0;eor
      891;20160514;   1;    8.9;   8.0;   6.4; 1006.67;   69.96;   8.8;   10.8;    6.3;    5.8;  18.2;  12.3;   8;    4.850;   0;eor
      891;20160515;   1;    9.8;   8.0;   4.0; 1012.26;   65.96;   8.4;   12.5;    7.2;    5.9;  14.8;   2.2;   6;    7.883;   0;eor
      891;20160516;   1;    9.3;   7.9;   6.4; 1015.06;   67.54;   6.6;   11.4;    6.5;    5.1;  14.5;   0.3;   6;    4.283;   0;eor
      891;20160517;   1;    9.9;   9.2;   6.4; 1012.99;   75.13;   6.0;   11.9;    7.8;    5.4;  13.5;   0.0;   6;    2.950;   0;eor
      891;20160518;   1;   13.0;  10.6;   4.9; 1007.80;   71.42;   3.7;   18.0;    7.0;    5.8;  11.5;   0.0;   0;    6.883;   0;eor
      891;20160519;   1;   15.6;  12.4;   5.0; 1008.63;   70.67;   3.2;   20.6;   12.0;   10.1;   9.3;   0.2;   6;    9.133;   0;eor
      891;20160520;   1;   13.5;  13.0;   6.9; 1013.34;   83.75;   3.9;   14.7;   11.4;    9.1;  11.0;   1.1;   6;    0.100;   0;eor
      891;20160521;   1;   17.0;  13.4;   6.7; 1012.34;   71.58;   3.7;   22.1;   10.8;    9.0;  10.7;   0.0;   6;    2.167;   0;eor
      891;20160522;   1;   17.9;  14.4;   6.8; 1006.47;   72.04;   4.5;   26.0;   13.8;   13.1;  11.6;   5.4;   6;    4.550;   0;eor
      891;20160523;   1;   14.6;  15.0;   7.7; 1008.42;   90.21;   5.3;   18.6;   11.8;   11.3;  15.0;   1.3;   6;    0.533;   0;eor
      891;20160524;   1;   11.6;  12.1;   7.8; 1011.96;   88.08;   5.3;   12.6;   10.4;   10.1;  12.0;   1.4;   6;    0.000;   0;eor
      891;20160525;   1;   12.5;  12.8;   8.0; 1013.45;   88.38;   2.7;   14.3;   11.0;   10.9;   6.3;   4.7;   6;    0.000;   0;eor
      891;20160526;   1;   12.6;  13.5;   7.7; 1015.62;   92.46;   3.8;   13.6;   11.9;   11.3;   8.2;   0.5;   6;    0.317;   0;eor
      891;20160527;   1;   14.9;  14.2;   6.5; 1016.39;   84.21;   2.6;   18.2;   12.0;   10.8;   6.6;   0.0;   6;    4.717;   0;eor
      891;20160528;   1;   16.1;  13.8;   5.2; 1014.26;   75.50;   4.4;   19.1;   13.3;   11.6;   9.0;   0.2;   6;    4.733;   0;eor
      891;20160529;   1;   14.7;  15.4;   6.9; 1009.45;   91.88;   5.4;   16.6;   12.2;   11.6;  10.9;  15.7;   6;    0.000;   0;eor
      891;20160530;   1;   19.1;  17.6;   4.9; 1005.07;   80.33;   5.3;   23.8;   14.5;   13.4;  11.6;   0.0;   6;   11.683;   0;eor
      891;20160531;   1;   17.8;  18.0;   5.4; 1009.88;   87.75;   4.6;   23.3;   15.4;   14.5;   9.6;   5.6;   6;    4.067;   0;eor
      891;20160601;   1;   19.3;  18.0;   4.8; 1012.22;   80.79;   5.6;   24.2;   16.0;   14.8;  13.8;   0.0;   6;    6.933;   0;eor
