STATIONS_ID; MESS_DATUM; QUALITAETS_NIVEAU; LUFTTEMPERATUR;DAMPFDRUCK;BEDECKUNGSGRAD;LUFTDRUCK_STATIONSHOEHE;REL_FEUCHTE; WINDGESCHWINDIGKEIT; LUFTTEMPERATUR_MAXIMUM;LUFTTEMPERATUR_MINIMUM;LUFTTEMP_AM_ERDB_MINIMUM; WINDSPITZE_MAXIMUM; NIEDERSCHLAGSHOEHE;NIEDERSCHLAGSHOEHE_IND;SONNENSCHEINDAUER; SCHNEEHOEHE;eor
Hannover;20141209;   3;    2.9;   6.2;   6.4; 1017.99;   82.54;   3.2;    4.8;    1.4;   -2.5;  11.1;   0.0;   6;    0.317;   0;eor
Hannover;20141210;   3;    4.5;   6.8;   5.8; 1007.24;   80.04;   6.8;    6.9;    2.3;    0.4;  17.5;   1.8;   6;    0.300;   0;eor
Hannover;20141211;   3;    4.5;   6.9;   5.2;  998.83;   81.58;   6.5;    6.2;    2.0;    0.4;  20.6;   7.4;   6;    0.183;   0;eor
Hannover;20141212;   3;    7.4;   8.5;   7.9;  990.95;   82.92;   7.8;    9.3;    5.1;    3.9;  19.2;   7.0;   6;    0.000;   0;eor
Hannover;20141213;   3;    5.0;   7.1;   7.3; 1001.51;   81.96;   3.9;    6.0;    3.2;    2.0;   9.8;   0.0;   6;    0.000;   0;eor
Hannover;20141214;   3;    2.8;   6.4;   4.6; 1008.43;   85.75;   3.0;    5.0;   -0.3;   -2.8;   7.9;   0.0;   0;    1.400;   0;eor
Hannover;20141215;   3;    3.9;   6.7;   7.2; 1004.76;   82.08;   5.0;    5.6;    0.4;   -1.8;  12.3;   2.2;   6;    0.000;   0;eor
Hannover;20141216;   3;    4.7;   7.3;   6.0; 1003.40;   85.79;   4.3;    6.7;    1.9;   -0.1;  11.3;   0.8;   6;    0.683;   0;eor
Hannover;20141217;   3;    4.7;   7.8;   6.4;  998.77;   89.63;   4.7;    9.0;    0.9;   -1.9;  11.3;   3.2;   6;    0.000;   0;eor
Hannover;20141218;   3;   10.9;  11.8;   7.8; 1000.47;   90.54;   5.5;   12.3;    8.9;    8.0;  14.7;   3.4;   6;    0.000;   0;eor
Hannover;20141219;   3;    9.3;  10.2;   6.3; 1001.45;   85.63;   7.4;   11.7;    5.7;    4.2;  15.6;   6.0;   6;    0.000;   0;eor
Hannover;20141220;   3;    5.5;   7.2;   6.1; 1007.19;   79.92;   8.3;    7.1;    3.4;    2.3;  21.3;   3.1;   6;    0.000;   0;eor
Hannover;20141221;   3;    6.1;   7.8;   6.9; 1015.15;   82.42;   7.0;    8.6;    3.7;    1.8;  18.0;   0.1;   6;    0.000;   0;eor
Hannover;20141222;   3;    9.7;  10.7;   8.0; 1005.45;   88.67;   9.5;   11.0;    8.5;    7.5;  22.3;   7.2;   6;    0.000;   0;eor
Hannover;20141223;   3;   10.4;  10.4;   8.0; 1006.12;   83.13;   7.9;   11.2;    9.6;    8.7;  17.0;   0.1;   6;    0.000;   0;eor
Hannover;20141224;   3;    7.7;   8.9;   6.7; 1004.92;   84.67;   7.0;   10.6;    4.2;    2.4;  18.2;   3.1;   6;    0.000;   0;eor
Hannover;20141225;   3;    4.4;   6.7;   5.9; 1011.51;   80.04;   7.0;    6.6;    1.4;    0.1;  17.8;   1.0;   6;    0.467;   0;eor
Hannover;20141226;   3;   -0.9;   5.2;   5.1; 1019.35;   90.75;   1.7;    1.6;   -3.3;   -5.5;   3.9;   0.0;   0;    2.133;   0;eor
Hannover;20141227;   3;   -1.8;   4.5;   5.3; 1002.90;   83.71;   5.7;   -0.3;   -4.5;   -5.8;  13.4;   0.0;   0;    0.017;   0;eor
Hannover;20141228;   3;   -4.2;   3.9;   3.0; 1017.28;   85.92;   3.3;   -0.1;   -8.3;  -10.7;   9.9;   0.4;   7;    2.817;   0;eor
Hannover;20141229;   3;    0.0;   5.3;   7.3; 1022.59;   87.17;   4.3;    1.6;   -2.7;   -4.5;  11.8;   0.5;   8;    0.283;   0;eor
Hannover;20141230;   3;    2.6;   6.8;   7.8; 1024.50;   91.96;   4.3;    4.1;   -0.4;   -0.5;   9.3;   0.7;   6;    0.033;   0;eor
Hannover;20141231;   3;    4.7;   8.1;   8.0; 1024.90;   95.25;   3.8;    5.9;    3.3;    1.9;   7.7;   0.5;   6;    0.000;   0;eor
Hannover;20150101;   3;    3.6;   6.0;   5.4; 1024.04;   76.79;   4.4;    5.7;    1.0;   -0.8;  11.3;   2.1;   6;    5.033;   0;eor
Hannover;20150102;   3;    6.6;   7.1;   6.4; 1013.93;   72.67;   8.5;    8.8;    5.0;    3.4;  18.7;   1.1;   6;    1.000;   0;eor
Hannover;20150103;   3;    4.1;   6.4;   6.5; 1013.11;   79.08;   7.0;    5.3;    3.0;    1.6;  14.7;   0.3;   6;    0.000;   0;eor
Hannover;20150104;   3;    3.4;   6.8;   5.5; 1020.15;   86.54;   6.4;    5.6;    2.4;    0.4;  13.4;   0.8;   6;    2.250;   0;eor
Hannover;20150105;   3;    2.5;   6.3;   6.7; 1023.30;   85.83;   4.1;    3.6;    1.2;   -0.3;  11.7;   0.0;   6;    0.000;   0;eor
Hannover;20150106;   3;    2.6;   5.9;   8.0; 1016.59;   80.08;   3.1;    3.9;    0.9;   -1.7;   7.5;   0.3;   6;    0.000;   0;eor
Hannover;20150107;   3;    4.2;   7.1;   7.3; 1017.70;   86.38;   4.3;    6.1;    2.9;    0.8;  10.3;   0.4;   6;    1.133;   0;eor
Hannover;20150108;   3;    5.3;   7.8;   7.8; 1012.27;   87.38;   5.7;    7.4;    2.8;    2.1;  15.4;  10.9;   6;    0.000;   0;eor
Hannover;20150109;   3;    7.5;   8.3;   7.7; 1006.05;   79.88;   8.8;    9.9;    5.6;    4.4;  22.3;   7.8;   6;    0.000;   0;eor
Hannover;20150110;   3;    9.6;  10.1;   6.5;  997.79;   81.21;   9.6;   12.3;    4.1;    2.5;  24.7;   2.4;   6;    0.000;   0;eor
Hannover;20150111;   3;    4.2;   6.3;   5.6; 1003.71;   76.25;   8.6;    6.0;    2.6;    1.5;  23.7;   1.8;   8;    1.117;   0;eor
Hannover;20150112;   3;    7.4;   8.2;   7.8; 1004.83;   80.08;   8.5;    9.4;    5.7;    4.7;  18.5;   1.8;   6;    0.000;   0;eor
Hannover;20150113;   3;    9.3;   9.3;   7.3;  997.96;   79.96;   7.1;   12.1;    7.0;    5.4;  17.7;   5.6;   6;    0.000;   0;eor
Hannover;20150114;   3;    4.7;   6.8;   4.9; 1000.31;   79.50;   6.1;    7.6;    2.4;    0.0;  16.3;   0.3;   6;    1.783;   0;eor
Hannover;20150115;   3;    7.1;   7.7;   7.4;  994.73;   75.17;   8.6;   10.5;    2.6;    0.4;  19.7;   0.7;   6;    0.000;   0;eor
Hannover;20150116;   3;    6.7;   6.9;   6.1;  998.03;   70.25;   4.6;    8.3;    4.3;    1.9;  13.2;   0.0;   0;    1.783;   0;eor
Hannover;20150117;   3;    2.8;   6.0;   4.7; 1005.88;   79.29;   3.3;    5.4;   -1.2;   -5.7;   8.6;   0.0;   7;    5.417;   0;eor
Hannover;20150118;   3;    1.4;   5.2;   5.9; 1007.38;   76.54;   3.6;    3.6;   -0.5;   -4.1;   8.2;   0.0;   8;    0.000;   0;eor
Hannover;20150119;   3;    0.5;   5.3;   7.2; 1005.58;   83.79;   2.2;    3.1;   -1.1;   -4.0;   5.7;   0.0;   0;    0.700;   0;eor
Hannover;20150120;   3;   -1.0;   5.3;   6.8; 1005.10;   93.33;   1.5;    1.1;   -3.5;   -6.2;   4.6;   0.0;   0;    0.000;   0;eor
Hannover;20150121;   3;   -2.3;   4.7;   5.6; 1008.35;   90.88;   2.8;    2.1;   -5.1;   -8.1;   9.8;   0.0;   0;    3.050;   0;eor
Hannover;20150122;   3;   -0.6;   5.0;   7.7; 1012.09;   85.92;   3.9;    0.9;   -1.9;   -2.2;   7.7;   0.0;   0;    0.000;   0;eor
Hannover;20150123;   3;   -0.6;   4.8;   7.7; 1018.17;   81.92;   2.4;   -0.2;   -1.4;   -3.1;   7.5;   0.0;   0;    0.217;   0;eor
Hannover;20150124;   3;   -0.8;   5.1;   5.0; 1012.41;   88.08;   3.7;    1.0;   -3.3;   -6.9;   7.7;   2.0;   7;    0.067;   0;eor
Hannover;20150125;   3;    1.3;   6.4;   6.0; 1018.73;   94.46;   3.2;    3.2;   -1.4;   -4.0;   7.0;   0.7;   8;    0.000;   1;eor
Hannover;20150126;   3;    3.4;   7.3;   7.7; 1011.16;   92.88;   4.3;    5.1;    2.1;    0.7;  11.5;   6.7;   6;    0.000;   0;eor
Hannover;20150127;   3;    3.0;   6.9;   5.9; 1010.48;   90.58;   5.4;    5.7;    1.2;   -0.3;  13.0;   0.1;   6;    1.967;   0;eor
Hannover;20150128;   3;    4.0;   6.8;   7.1;  997.38;   83.83;   6.6;    6.0;    2.1;    0.3;  17.7;   4.2;   6;    0.100;   0;eor
Hannover;20150129;   3;    2.0;   5.8;   6.1;  977.47;   82.33;   6.0;    3.1;    0.4;   -1.3;  15.4;   1.9;   8;    0.617;   0;eor
Hannover;20150130;   3;    0.1;   5.9;   7.6;  967.24;   95.67;   2.2;    1.2;   -1.2;   -2.6;   7.7;   3.7;   8;    0.000;   0;eor
Hannover;20150131;   3;    0.6;   5.8;   5.7;  973.26;   90.33;   2.8;    2.6;   -1.8;   -7.5;   9.1;   1.7;   7;    0.417;   1;eor
Hannover;20150201;   3;    1.2;   5.7;   7.1;  982.14;   85.83;   3.2;    2.7;   -0.1;   -1.4;   9.3;   0.0;   7;    0.317;   0;eor
Hannover;20150202;   3;    1.2;   5.9;   7.2;  989.18;   88.58;   4.6;    2.8;   -0.2;   -1.4;  11.5;   1.7;   8;    0.100;   0;eor
Hannover;20150203;   3;    0.2;   5.6;   6.6;  995.01;   89.04;   4.3;    3.1;   -4.2;   -5.8;  13.5;   1.3;   8;    0.517;   0;eor
Hannover;20150204;   3;   -2.4;   4.4;   3.7; 1006.33;   86.08;   2.6;    1.3;   -5.7;   -7.6;   7.5;   0.0;   7;    5.050;   0;eor
Hannover;20150205;   3;   -2.3;   4.5;   5.9; 1016.78;   87.29;   2.5;    0.3;   -5.2;   -7.6;   6.7;   0.0;   7;    0.000;   0;eor
Hannover;20150206;   3;   -3.1;   4.0;   1.4; 1023.57;   84.13;   2.9;    2.0;   -6.5;   -8.3;   7.7;   0.0;   0;    6.383;   0;eor
Hannover;20150207;   3;   -1.0;   5.5;   5.5; 1020.93;   92.63;   4.2;    4.3;   -7.3;   -8.7;  14.2;   0.4;   6;    0.483;   0;eor
Hannover;20150208;   3;    2.2;   4.5;   3.8; 1018.56;   63.17;   5.8;    4.2;   -0.9;   -4.1;  14.9;   0.8;   6;    8.050;   0;eor
Hannover;20150209;   3;    4.9;   8.1;   7.9; 1016.81;   93.63;   6.9;    6.6;    2.9;    2.0;  13.2;   0.9;   6;    0.033;   0;eor
Hannover;20150210;   3;    5.5;   8.1;   7.9; 1021.50;   89.29;   4.8;    6.4;    4.7;    4.1;  10.3;   0.2;   6;    0.000;   0;eor
Hannover;20150211;   3;    3.2;   6.6;   6.2; 1019.95;   85.96;   2.3;    5.2;   -1.6;   -5.0;   6.2;   0.0;   0;    0.133;   0;eor
Hannover;20150212;   3;   -0.2;   5.6;   5.6; 1015.54;   92.96;   1.7;    1.6;   -3.5;   -6.7;   5.7;   0.0;   0;    0.000;   0;eor
Hannover;20150213;   3;    2.2;   5.8;   3.5; 1009.88;   80.79;   3.7;    7.7;   -1.3;   -3.1;   7.7;   0.0;   0;    7.750;   0;eor
Hannover;20150214;   3;    4.4;   6.0;   4.2; 1005.16;   72.21;   2.8;   10.8;   -1.4;   -3.4;   5.7;   0.0;   0;    5.883;   0;eor
Hannover;20150215;   3;    1.1;   5.6;   5.6; 1009.99;   85.04;   5.0;    4.0;   -3.1;   -4.9;  10.5;   0.0;   0;    2.917;   0;eor
Hannover;20150216;   3;    2.2;   6.0;   4.7; 1013.54;   83.92;   4.2;    4.2;   -0.5;   -2.6;   9.6;   0.0;   0;    2.717;   0;eor
Hannover;20150217;   3;    1.3;   6.2;   5.8; 1023.85;   92.08;   2.6;    3.3;   -3.3;   -6.0;   7.7;   0.0;   0;    0.000;   0;eor
Hannover;20150218;   3;    3.4;   6.1;   4.9; 1031.07;   80.17;   2.8;    7.9;    0.7;   -4.6;   6.2;   0.0;   0;    7.717;   0;eor
Hannover;20150219;   3;    2.3;   5.6;   3.0; 1019.95;   78.00;   4.7;    6.0;   -1.8;   -6.0;  11.0;   0.0;   0;    5.283;   0;eor
Hannover;20150220;   3;    4.9;   6.5;   7.1; 1003.41;   74.08;   5.9;    8.6;   -0.3;   -3.0;  14.2;   1.7;   6;    1.467;   0;eor
Hannover;20150221;   3;    5.1;   7.0;   6.5;  990.15;   79.38;   5.7;    7.9;    1.2;   -1.0;  16.1;   0.1;   6;    1.367;   0;eor
Hannover;20150222;   3;    3.0;   5.7;   3.8; 1000.20;   75.63;   3.3;    7.1;    0.3;   -4.6;   9.8;   0.6;   8;    2.983;   0;eor
Hannover;20150223;   3;    3.2;   6.2;   6.8;  989.26;   80.92;   6.5;    4.4;    1.6;   -0.3;  17.1;   1.3;   8;    0.000;   0;eor
Hannover;20150224;   3;    4.5;   6.4;   3.8;  996.78;   76.25;   5.6;    7.1;    2.5;   -1.6;  13.5;   0.0;   6;    2.133;   0;eor
Hannover;20150225;   3;    5.2;   6.3;   5.4; 1009.36;   72.29;   3.6;    8.9;    2.6;   -1.5;   9.1;   0.0;   0;    6.450;   0;eor
Hannover;20150226;   3;    5.8;   6.3;   5.6; 1010.15;   68.25;   4.8;    8.9;    3.3;   -0.6;  12.5;   0.5;   6;    3.133;   0;eor
Hannover;20150227;   3;    4.2;   7.0;   7.0; 1005.82;   85.08;   3.4;    6.7;    0.3;   -2.7;  10.6;   6.2;   6;    0.000;   0;eor
Hannover;20150228;   3;    3.2;   5.4;   3.5; 1010.12;   72.67;   3.9;    7.8;   -1.6;   -4.8;  12.0;   1.2;   6;    8.400;   0;eor
Hannover;20150301;   3;    6.1;   7.1;   7.0;  994.38;   74.75;   5.7;   10.5;    4.1;    0.9;  15.3;   5.0;   6;    2.633;   0;eor
Hannover;20150302;   3;    4.9;   6.3;   5.8;  994.12;   72.83;   7.0;    8.2;    1.7;    0.4;  17.5;   1.2;   6;    2.717;   0;eor
Hannover;20150303;   3;    3.8;   6.4;   5.1; 1006.85;   79.71;   5.9;    7.6;    2.0;    0.3;  14.1;   2.9;   6;    1.733;   0;eor
Hannover;20150304;   3;    3.3;   6.5;   5.9; 1013.23;   83.38;   5.6;    5.7;    1.3;   -0.4;  15.4;   3.9;   6;    0.783;   0;eor
Hannover;20150305;   3;    4.7;   6.9;   7.0; 1026.63;   81.88;   4.2;    7.6;    1.1;   -0.4;  11.7;   0.0;   6;    0.067;   0;eor
Hannover;20150306;   3;    6.3;   6.9;   7.5; 1027.05;   72.33;   3.5;    8.7;    4.6;    3.7;   8.6;   0.0;   6;    0.083;   0;eor
Hannover;20150307;   3;    7.7;   6.4;   6.3; 1022.08;   62.42;   4.5;   12.6;    2.9;   -1.5;  11.1;   0.0;   0;    1.883;   0;eor
Hannover;20150308;   3;   10.8;   6.1;   5.4; 1016.30;   49.00;   3.6;   18.0;    5.4;   -0.4;   7.7;   0.0;   6;    8.767;   0;eor
Hannover;20150309;   3;    8.1;   8.3;   5.5; 1019.02;   77.46;   1.8;   12.8;    3.4;   -1.5;   5.1;   0.0;   6;    4.533;   0;eor
Hannover;20150310;   3;    6.9;   8.4;   5.0; 1018.97;   84.13;   3.3;   11.8;    0.7;   -2.1;  10.3;   1.1;   6;    1.700;   0;eor
Hannover;20150311;   3;    3.9;   6.6;   3.5; 1022.78;   83.42;   3.9;   10.3;   -1.7;   -4.2;  10.3;   0.0;   0;    4.683;   0;eor
Hannover;20150312;   3;    2.4;   6.0;   3.9; 1025.00;   83.71;   2.8;    8.2;   -2.9;   -5.1;   7.5;   0.0;   0;    5.867;   0;eor
Hannover;20150313;   3;    3.1;   5.3;   4.6; 1021.41;   70.63;   4.3;    7.3;   -0.9;   -2.7;  10.6;   0.0;   6;    8.800;   0;eor
Hannover;20150314;   3;    3.7;   6.8;   7.8; 1021.58;   85.50;   3.4;    6.0;    1.9;    1.6;   8.4;   0.0;   6;    0.000;   0;eor
Hannover;20150315;   3;    4.9;   7.5;   7.7; 1022.15;   86.17;   5.6;    6.2;    3.6;    3.2;  11.1;   0.2;   6;    0.000;   0;eor
Hannover;20150316;   3;    7.1;   7.5;   4.7; 1019.76;   75.96;   5.4;   12.5;    1.3;   -0.6;  13.4;   0.0;   0;    3.050;   0;eor
Hannover;20150317;   3;    7.8;   7.8;   5.0; 1019.40;   75.42;   3.5;   14.8;    1.4;   -1.5;   9.9;   0.0;   0;    8.083;   0;eor
Hannover;20150318;   3;    8.6;   7.2;   4.6; 1018.61;   67.42;   2.4;   15.7;    2.4;   -0.5;   7.7;   0.0;   0;    9.000;   0;eor
Hannover;20150319;   3;    6.2;   5.7;   3.1; 1020.01;   62.08;   1.4;   13.6;    0.0;   -4.7;   5.1;   0.0;   0;   10.767;   0;eor
Hannover;20150320;   3;    2.1;   6.0;   1.7; 1016.67;   84.71;   2.5;    8.5;   -2.3;   -6.3;   7.7;   0.8;   6;    9.150;   0;eor
Hannover;20150321;   3;    4.1;   7.3;   7.4; 1009.54;   89.54;   4.4;    9.4;    1.1;    0.3;  12.2;   4.0;   6;    1.700;   0;eor
Hannover;20150322;   3;    1.8;   4.2;   3.5; 1019.33;   61.75;   4.5;    5.8;   -2.3;   -5.0;  12.9;   0.0;   0;   11.117;   0;eor
Hannover;20150323;   3;    4.7;   6.1;   5.3; 1009.08;   70.92;   2.2;   10.7;   -1.1;   -6.2;   7.2;   0.0;   0;    9.417;   0;eor
Hannover;20150324;   3;    6.3;   7.3;   6.4; 1001.85;   77.67;   1.6;   10.5;    2.3;   -0.7;   5.1;   0.0;   0;    0.667;   0;eor
Hannover;20150325;   3;    8.7;   7.7;   7.0;  999.14;   70.88;   5.3;   16.0;    0.7;   -1.4;  13.2;   0.0;   6;    6.850;   0;eor
Hannover;20150326;   3;    5.8;   7.3;   7.8; 1000.13;   79.33;   4.0;    7.6;    4.2;    3.5;   9.9;   1.4;   6;    0.050;   0;eor
Hannover;20150327;   3;    5.9;   7.9;   7.4; 1005.90;   85.04;   5.5;    7.6;    3.7;    1.9;  15.4;   1.6;   6;    0.033;   0;eor
Hannover;20150328;   3;    7.8;   7.7;   6.6; 1009.25;   74.08;   4.2;   11.7;    4.2;    2.9;  11.8;   1.8;   6;    3.867;   0;eor
Hannover;20150329;   3;    9.5;  10.3;   7.7;  988.93;   86.08;   7.2;   11.1;    6.1;    5.2;  24.9;  11.7;   6;    0.000;   0;eor
Hannover;20150330;   3;    5.6;   6.7;   5.4;  991.31;   74.00;   9.2;    9.5;    4.1;    1.9;  25.0;   9.7;   8;    4.017;   0;eor
Hannover;20150331;   3;    6.0;   7.3;   7.0;  986.65;   78.42;  11.3;   10.1;    2.0;    1.4;  30.9;   6.3;   8;    1.600;   0;eor
Hannover;20150401;   3;    3.7;   6.5;   6.7; 1002.45;   81.79;   8.1;    7.2;    0.9;    0.3;  18.9;  10.1;   8;    2.000;   0;eor
Hannover;20150402;   3;    3.3;   6.4;   6.2; 1004.01;   82.88;   6.6;    6.5;    0.6;   -0.1;  15.8;   3.2;   8;    4.000;   0;eor
Hannover;20150403;   3;    5.1;   6.3;   4.8; 1011.60;   73.29;   4.3;   10.0;    0.0;   -4.0;  10.6;   0.0;   0;    2.500;   0;eor
Hannover;20150404;   3;    3.3;   5.7;   5.7; 1011.27;   75.08;   2.4;    9.0;   -1.0;   -4.0;   9.3;   0.3;   6;    4.700;   0;eor
Hannover;20150405;   3;    4.0;   5.0;   3.2; 1017.12;   65.92;   2.9;   10.3;   -3.6;   -5.8;   8.6;   0.0;   6;    9.850;   0;eor
Hannover;20150406;   3;    6.4;   5.4;   4.3; 1022.20;   58.92;   2.8;   12.2;    2.3;   -3.1;   9.3;   0.0;   0;    8.567;   0;eor
Hannover;20150407;   3;    6.5;   7.0;   6.9; 1026.74;   71.46;   4.0;   11.1;   -1.7;   -5.4;  11.7;   0.0;   0;    2.150;   0;eor
Hannover;20150408;   3;    7.7;   8.7;   7.1; 1025.43;   83.25;   3.9;   10.7;    3.4;   -1.3;   8.6;   0.0;   0;    0.100;   0;eor
Hannover;20150409;   3;    9.6;   8.9;   1.9; 1020.85;   76.50;   1.3;   17.7;    0.6;   -2.0;   4.6;   0.0;   0;   11.883;   0;eor
Hannover;20150410;   3;   13.4;   9.8;   1.7; 1013.42;   67.13;   1.8;   20.7;    5.4;    3.0;   5.7;   0.0;   0;   10.900;   0;eor
Hannover;20150411;   3;   12.6;   9.3;   4.9; 1010.51;   64.83;   5.7;   19.0;    5.3;    2.9;  20.7;   0.9;   6;    5.850;   0;eor
Hannover;20150412;   3;   10.3;   6.5;   6.3; 1018.83;   54.04;   4.7;   15.0;    4.1;    0.6;  14.6;   0.6;   6;   11.250;   0;eor
Hannover;20150413;   3;    8.1;   7.0;   6.1; 1020.69;   65.46;   6.3;   13.1;    2.5;   -2.2;  21.9;   0.0;   6;    7.233;   0;eor
Hannover;20150414;   3;   10.4;   8.4;   5.9; 1017.15;   67.21;   3.6;   18.1;    0.8;   -3.6;  13.0;   0.0;   0;    6.850;   0;eor
Hannover;20150415;   3;   14.9;   9.9;   2.0; 1008.48;   61.42;   5.3;   22.3;    6.7;    1.4;  16.1;   0.2;   6;   12.333;   0;eor
Hannover;20150416;   3;    8.9;   7.2;   5.4; 1008.63;   64.46;   3.7;   13.1;    4.3;    2.5;  10.6;   0.0;   0;    8.900;   0;eor
Hannover;20150417;   3;    7.2;   6.8;   5.7; 1010.90;   68.75;   3.6;   12.2;    2.1;    0.1;  10.3;   0.0;   6;    4.617;   0;eor
Hannover;20150418;   3;    7.5;   6.0;   2.2; 1018.38;   60.71;   2.9;   13.5;    0.8;   -3.1;  10.5;   0.0;   0;   10.933;   0;eor
Hannover;20150419;   3;    8.5;   6.8;   3.9; 1016.43;   64.58;   1.8;   15.7;    2.3;   -1.3;   5.7;   0.0;   0;   10.450;   0;eor
Hannover;20150420;   3;   11.1;   7.4;   3.2; 1019.82;   59.92;   3.5;   19.5;    0.9;   -2.7;  10.8;   0.0;   0;   12.950;   0;eor
Hannover;20150421;   3;   10.3;   7.7;   4.1; 1021.83;   67.33;   5.2;   19.3;    2.4;   -2.3;  14.1;   0.0;   0;   12.917;   0;eor
Hannover;20150422;   3;    9.3;   7.9;   5.1; 1018.43;   69.46;   3.7;   15.4;    4.0;    0.2;   9.8;   0.0;   6;    3.333;   0;eor
Hannover;20150423;   3;    7.4;   8.7;   3.8; 1012.31;   86.33;   2.8;   13.8;    3.6;   -0.8;   7.0;   0.0;   0;    5.283;   0;eor
Hannover;20150424;   3;   11.9;   8.6;   3.1; 1005.27;   65.58;   2.2;   19.6;    2.2;   -1.9;   9.8;   0.4;   6;   12.350;   0;eor
Hannover;20150425;   3;   13.1;  11.4;   7.0; 1000.51;   75.50;   2.4;   15.5;   10.2;    4.4;   9.6;   4.5;   6;    0.000;   0;eor
Hannover;20150426;   3;   12.9;  12.2;   6.9;  999.18;   82.96;   3.2;   18.6;   10.1;    6.7;  11.8;  10.2;   6;    4.017;   0;eor
Hannover;20150427;   3;    8.4;   9.0;   7.8;  999.57;   81.17;   3.7;   10.6;    2.7;    0.5;   8.7;   0.7;   6;    0.000;   0;eor
Hannover;20150428;   3;    5.0;   6.2;   3.5; 1007.82;   74.04;   3.3;   12.8;   -1.0;   -3.1;  17.0;   0.5;   6;   10.850;   0;eor
Hannover;20150429;   3;    9.2;   6.1;   4.5; 1010.85;   55.42;   3.8;   14.3;    0.8;   -3.8;  12.9;   0.0;   0;   11.050;   0;eor
Hannover;20150430;   3;    9.4;   8.2;   6.2; 1004.54;   70.46;   3.4;   14.5;    5.4;    1.0;  12.0;   3.2;   6;    3.233;   0;eor
Hannover;20150501;   3;    7.5;   7.6;   4.6; 1001.50;   74.63;   3.0;   12.1;    2.9;   -0.3;   8.6;   0.0;   0;    4.100;   0;eor
Hannover;20150502;   3;    8.3;   6.7;   3.8; 1005.05;   63.92;   2.5;   14.0;    2.3;   -0.8;   8.2;   0.0;   0;   13.083;   0;eor
Hannover;20150503;   3;   11.8;  10.4;   6.2;  999.21;   72.79;   4.8;   18.7;    2.4;    0.3;  13.2;   5.0;   6;    5.867;   0;eor
Hannover;20150504;   3;   16.1;  12.7;   4.4; 1000.19;   70.46;   4.1;   20.6;   12.7;   10.6;  11.1;   0.7;   6;    8.133;   0;eor
Hannover;20150505;   3;   17.2;  13.6;   5.1;  995.54;   68.79;   5.8;   25.3;    8.2;    2.4;  23.0;   1.1;   6;    4.317;   0;eor
Hannover;20150506;   3;   13.4;   9.1;   3.3; 1003.99;   61.00;   5.0;   18.8;    7.9;    2.2;  17.1;   0.1;   6;    7.850;   0;eor
Hannover;20150507;   3;   11.3;   9.6;   4.4; 1009.09;   71.67;   5.0;   14.7;    7.7;    3.8;  14.6;   2.6;   6;    4.800;   0;eor
Hannover;20150508;   3;   13.0;   9.9;   6.7; 1009.73;   69.00;   2.1;   19.3;    5.9;    3.1;   6.2;   0.1;   6;    3.617;   0;eor
Hannover;20150509;   3;   14.5;  11.6;   6.7; 1008.31;   70.79;   4.5;   19.4;   11.4;    9.2;  14.4;   1.5;   6;    3.117;   0;eor
Hannover;20150510;   3;   12.0;   8.4;   4.7; 1017.95;   61.42;   5.6;   16.8;    8.2;    3.8;  14.7;   0.0;   0;    7.833;   0;eor
Hannover;20150511;   3;   16.5;  10.4;   6.4; 1015.54;   56.75;   4.3;   23.5;    6.8;    4.6;  10.3;   0.0;   0;    8.833;   0;eor
Hannover;20150512;   3;   17.4;  12.5;   5.5; 1008.45;   62.71;   5.1;   25.2;    8.7;    3.5;  16.5;   0.0;   0;    3.283;   0;eor
Hannover;20150513;   3;   12.5;   8.9;   4.2; 1010.00;   62.29;   4.7;   17.9;    6.0;    3.5;  13.2;   0.0;   0;    7.633;   0;eor
Hannover;20150514;   3;    8.9;   8.2;   5.5; 1006.85;   72.96;   2.6;   13.4;    3.1;   -1.3;   8.2;   0.0;   0;    0.983;   0;eor
Hannover;20150515;   3;    9.3;   8.0;   1.6; 1010.03;   70.50;   2.5;   15.8;    0.8;   -3.2;   8.7;   0.0;   0;   12.917;   0;eor
Hannover;20150516;   3;    8.5;   9.4;   5.3; 1013.84;   83.71;   3.8;   12.2;    2.4;   -2.3;  11.3;   0.4;   6;    1.083;   0;eor
Hannover;20150517;   3;   10.2;   7.9;   4.7; 1015.34;   65.21;   4.2;   15.6;    4.5;   -0.3;  12.3;   0.0;   6;    5.733;   0;eor
Hannover;20150518;   3;   13.8;   9.3;   6.5; 1002.82;   60.50;   3.1;   20.1;    5.3;   -0.1;  14.4;   0.2;   6;    2.700;   0;eor
Hannover;20150519;   3;   12.0;   8.7;   4.5;  999.13;   62.88;   5.5;   16.4;    8.9;    3.2;  16.1;   0.0;   6;    7.700;   0;eor
Hannover;20150520;   3;   10.8;   8.3;   3.0; 1006.41;   65.38;   3.9;   16.2;    4.6;   -1.4;  13.2;   0.0;   6;   10.817;   0;eor
Hannover;20150521;   3;   10.6;   8.5;   4.4; 1016.35;   68.75;   3.2;   16.4;    3.7;   -2.1;  11.5;   0.0;   6;    7.667;   0;eor
Hannover;20150522;   3;   13.7;   9.9;   4.3; 1017.57;   64.88;   2.4;   19.5;    6.7;    0.9;   8.7;   0.0;   0;    9.217;   0;eor
Hannover;20150523;   3;   13.3;  11.0;   6.9; 1013.78;   72.54;   3.0;   18.3;    5.3;    0.4;   8.7;   0.0;   6;    1.600;   0;eor
Hannover;20150524;   3;   12.2;   9.8;   3.4; 1012.13;   70.63;   1.8;   19.3;    2.4;   -2.0;   7.2;   0.2;   6;   11.250;   0;eor
Hannover;20150525;   3;   10.9;  10.1;   6.3; 1007.38;   77.50;   2.9;   15.2;    6.0;    0.2;   8.2;   0.6;   6;    1.317;   0;eor
Hannover;20150526;   3;   10.2;   9.1;   6.0; 1011.29;   74.04;   4.2;   14.2;    6.3;    3.7;  12.3;   0.4;   6;    2.383;   0;eor
Hannover;20150527;   3;   11.2;   8.8;   5.5; 1014.38;   67.63;   4.1;   15.5;    4.6;    0.4;  13.4;   0.0;   0;    2.650;   0;eor
Hannover;20150528;   3;   13.1;  10.1;   5.6; 1006.04;   68.13;   5.0;   19.7;    6.5;    1.2;  16.1;   2.5;   6;    2.317;   0;eor
Hannover;20150529;   3;   12.7;   9.4;   5.9; 1002.63;   66.17;   3.7;   18.0;    3.9;   -0.9;  14.9;   1.6;   6;    6.683;   0;eor
Hannover;20150530;   3;    9.4;   9.1;   4.3; 1004.87;   77.79;   5.1;   13.8;    5.5;    0.0;  22.3;   2.2;   8;    8.250;   0;eor
Hannover;20150531;   3;   14.2;  10.7;   6.5; 1004.93;   67.46;   5.0;   20.6;    5.4;   -0.1;  13.2;   1.2;   6;    3.017;   0;eor
Hannover;20150601;   3;   13.6;   9.4;   6.8; 1007.75;   61.54;   4.0;   16.9;    9.4;    5.7;  18.7;   0.0;   0;    9.183;   0;eor
Hannover;20150602;   3;   17.0;  12.3;   6.8; 1004.17;   63.71;   6.8;   22.2;   11.4;   10.5;  14.9;   0.1;   6;    1.433;   0;eor
Hannover;20150603;   3;   16.3;  11.6;   5.8; 1012.65;   63.08;   5.8;   19.6;    8.6;    2.9;  14.9;   0.0;   6;    3.483;   0;eor
Hannover;20150604;   3;   14.7;   9.8;   1.5; 1020.93;   62.17;   2.0;   21.1;    6.0;    0.6;   7.0;   0.0;   0;   13.017;   0;eor
Hannover;20150605;   3;   21.8;  12.8;   1.7; 1013.07;   50.46;   3.8;   30.5;    9.6;    7.3;   9.3;   0.0;   6;   14.533;   0;eor
Hannover;20150606;   3;   20.1;  14.5;   5.7; 1014.33;   60.21;   4.3;   24.4;   10.9;    5.7;  13.9;   0.0;   6;    6.500;   0;eor
Hannover;20150607;   3;   15.0;   9.1;   3.9; 1021.50;   57.29;   2.8;   21.9;    7.0;    0.8;   9.4;   0.0;   0;   13.150;   0;eor
Hannover;20150608;   3;   12.5;   8.9;   4.0; 1022.18;   63.67;   3.8;   18.3;    6.1;    0.7;  10.1;   0.0;   0;    8.450;   0;eor
Hannover;20150609;   3;   12.5;   9.0;   5.8; 1021.75;   63.75;   2.6;   17.3;    8.3;    3.9;   7.2;   0.0;   0;    4.300;   0;eor
Hannover;20150610;   3;   15.1;   9.7;   4.4; 1019.99;   59.25;   2.4;   21.6;    6.5;    1.2;   7.2;   0.0;   0;    7.983;   0;eor
Hannover;20150611;   3;   18.3;   8.6;   3.4; 1014.48;   43.08;   2.6;   23.8;   11.5;    8.0;  10.5;   0.0;   0;   14.683;   0;eor
Hannover;20150612;   3;   20.3;  12.9;   2.8; 1005.79;   55.79;   2.6;   27.0;   12.4;    6.4;   7.7;   0.0;   0;   12.833;   0;eor
Hannover;20150613;   3;   20.2;  15.6;   5.2; 1001.28;   66.58;   3.1;   27.4;   15.1;    9.0;  12.3;   0.2;   6;    4.733;   0;eor
Hannover;20150614;   3;   15.3;  13.0;   6.3; 1004.20;   74.67;   3.8;   17.4;   12.3;   11.5;  10.3;   0.0;   6;    0.167;   0;eor
Hannover;20150615;   3;   13.2;   8.3;   4.6; 1012.18;   56.50;   3.9;   18.9;    7.1;    1.5;  12.3;   0.0;   0;   11.433;   0;eor
Hannover;20150616;   3;   11.0;   8.5;   4.9; 1016.89;   66.79;   3.1;   17.0;    4.8;   -0.5;   9.8;   0.0;   6;    5.683;   0;eor
Hannover;20150617;   3;   14.1;   9.8;   6.0; 1014.73;   63.88;   3.1;   20.8;    3.8;   -1.8;   9.8;   1.3;   6;   10.883;   0;eor
Hannover;20150618;   3;   14.9;  12.3;   7.1; 1007.01;   73.33;   5.1;   20.3;   11.3;   10.9;  15.8;   0.0;   6;    3.733;   0;eor
Hannover;20150619;   3;   11.5;  10.7;   6.8; 1008.42;   79.25;   4.6;   16.5;    9.9;    8.5;  11.1;   3.4;   6;    0.250;   0;eor
Hannover;20150620;   3;   12.2;  11.1;   6.9; 1010.82;   78.50;   4.9;   16.5;    9.5;    5.7;  12.3;   0.7;   6;    1.133;   0;eor
Hannover;20150621;   3;   14.4;  12.1;   6.7; 1007.94;   74.58;   2.6;   18.7;   10.0;    8.3;  10.8;   3.0;   6;    2.117;   0;eor
Hannover;20150622;   3;   11.8;  12.6;   6.9; 1000.73;   90.75;   2.8;   15.5;    8.8;    6.1;   8.7;  14.2;   6;    0.733;   0;eor
Hannover;20150623;   3;   12.2;  11.9;   6.9; 1002.55;   84.54;   5.2;   16.6;    9.4;    9.1;  11.8;   1.5;   6;    3.717;   0;eor
Hannover;20150624;   3;   13.4;  11.4;   6.2; 1012.85;   75.21;   4.6;   18.0;   10.4;    9.9;  10.3;   0.0;   6;    2.917;   0;eor
Hannover;20150625;   3;   18.0;  12.6;   6.2; 1014.45;   63.08;   2.7;   23.9;   12.3;    8.4;  10.5;   0.0;   0;    9.050;   0;eor
Hannover;20150626;   3;   19.0;  14.9;   7.3; 1011.58;   69.00;   1.9;   22.7;   13.6;   10.8;   6.9;   7.8;   6;    1.900;   0;eor
Hannover;20150627;   3;   17.9;  15.8;   5.6; 1008.43;   76.83;   4.7;   22.4;   10.8;    7.1;  15.6;   0.8;   6;    4.150;   0;eor
Hannover;20150628;   3;   16.4;  12.7;   4.8; 1014.33;   70.58;   2.4;   22.4;    9.7;    6.0;   7.5;   0.3;   6;   10.950;   0;eor
Hannover;20150629;   3;   20.4;  14.6;   5.0; 1013.17;   62.58;   3.4;   26.0;   14.1;   11.0;  10.6;   0.0;   0;   12.033;   0;eor
Hannover;20150630;   3;   19.4;  12.5;   2.7; 1015.50;   59.13;   1.8;   25.8;   12.0;    8.0;   6.5;   0.0;   0;   15.067;   0;eor
Hannover;20150701;   3;   22.6;  13.5;   1.0; 1014.59;   52.38;   4.5;   29.2;   13.7;   11.5;  12.0;   0.0;   0;   15.250;   0;eor
Hannover;20150702;   3;   26.2;  14.7;   0.3; 1014.16;   44.96;   5.1;   32.8;   17.2;   15.0;   9.9;   0.0;   6;   15.217;   0;eor
Hannover;20150703;   3;   24.4;  18.5;   4.0; 1016.32;   61.71;   2.7;   31.0;   18.3;   16.8;  19.2;   5.3;   6;    9.267;   0;eor
Hannover;20150704;   3;   28.0;  21.2;   4.2; 1011.71;   59.50;   2.6;   36.4;   18.9;   15.9;   8.4;   0.0;   6;   12.450;   0;eor
Hannover;20150705;   3;   23.3;  21.9;   6.0; 1009.29;   78.13;   3.1;   30.0;   18.3;   17.7;  15.6;  20.3;   6;    4.767;   0;eor
Hannover;20150706;   3;   19.2;  15.0;   3.2; 1012.17;   68.83;   4.1;   23.8;   14.9;   10.1;  10.6;   0.0;   0;   11.283;   0;eor
Hannover;20150707;   3;   21.8;  16.1;   4.1; 1003.44;   64.29;   3.3;   29.3;   13.6;    9.2;  10.6;   1.4;   6;    9.017;   0;eor
Hannover;20150708;   3;   17.0;  14.2;   6.6; 1000.45;   73.29;   6.0;   19.5;   13.9;   13.5;  16.5;   6.5;   6;    3.333;   0;eor
Hannover;20150709;   3;   13.5;  10.7;   4.6; 1009.35;   69.63;   7.0;   17.9;    9.6;    7.7;  16.1;   0.2;   6;    7.417;   0;eor
Hannover;20150710;   3;   14.2;  10.6;   4.1; 1014.95;   66.88;   4.6;   19.9;    8.6;    6.9;  12.2;   0.0;   0;    8.000;   0;eor
Hannover;20150711;   3;   18.6;  12.9;   4.0; 1009.91;   63.04;   2.0;   26.1;    9.7;    6.0;   8.7;   0.0;   6;   10.683;   0;eor
Hannover;20150712;   3;   16.9;  15.7;   7.4; 1009.07;   82.04;   4.0;   18.6;   14.8;   11.9;  10.5;   3.8;   6;    0.000;   0;eor
Hannover;20150713;   3;   16.5;  16.7;   7.6; 1007.62;   89.21;   3.6;   18.7;   15.0;   14.4;  10.3;   6.5;   6;    0.400;   0;eor
Hannover;20150714;   3;   17.9;  17.9;   6.9; 1007.01;   87.54;   3.9;   21.9;   14.1;   11.9;  14.7;   1.7;   6;    0.983;   0;eor
Hannover;20150715;   3;   18.6;  15.6;   5.9; 1011.63;   74.04;   2.2;   22.9;   14.2;   12.6;   6.7;   0.5;   6;    5.050;   0;eor
Hannover;20150716;   3;   19.7;  17.3;   4.9; 1011.15;   76.50;   2.8;   23.6;   15.2;   11.9;   8.1;   0.0;   6;    8.517;   0;eor
Hannover;20150717;   3;   23.2;  17.5;   2.7; 1006.36;   65.71;   4.0;   32.1;   14.8;   12.2;  12.5;   0.7;   6;   10.783;   0;eor
Hannover;20150718;   3;   20.0;  16.1;   4.5; 1008.50;   70.50;   3.7;   24.6;   14.7;   10.8;  12.2;   0.3;   6;    5.967;   0;eor
Hannover;20150719;   3;   15.4;  15.5;   6.2; 1004.00;   87.88;   2.8;   19.3;   13.1;   11.1;   8.4;   7.2;   6;    0.100;   0;eor
Hannover;20150720;   3;   18.9;  14.7;   3.9; 1005.86;   68.63;   2.9;   25.3;   11.7;    9.0;   7.7;   2.0;   6;   10.733;   0;eor
Hannover;20150721;   3;   22.1;  18.2;   4.2; 1005.50;   70.42;   4.5;   26.4;   17.2;   13.6;  13.9;   0.3;   6;    8.667;   0;eor
Hannover;20150722;   3;   20.9;  17.2;   5.5; 1006.54;   70.92;   3.4;   25.8;   15.0;   11.1;  10.8;   0.0;   6;    4.833;   0;eor
Hannover;20150723;   3;   17.9;  14.1;   4.9; 1008.77;   70.25;   3.5;   22.5;   13.2;    8.8;  11.1;   0.0;   0;    7.917;   0;eor
Hannover;20150724;   3;   20.0;  14.2;   6.3; 1005.23;   62.50;   4.3;   25.7;   12.4;    9.4;  10.3;   5.3;   6;    3.867;   0;eor
Hannover;20150725;   3;   18.3;  16.1;   6.2;  994.38;   76.92;   7.8;   24.7;   12.5;   11.9;  21.6;   5.6;   6;    5.117;   0;eor
Hannover;20150726;   3;   15.8;  11.4;   5.7; 1003.87;   65.33;   5.1;   20.9;   11.3;   10.3;  15.3;   1.7;   6;    7.933;   0;eor
Hannover;20150727;   3;   15.9;  15.2;   7.2;  994.15;   84.13;   5.2;   19.5;   12.7;   12.1;  16.5;   3.2;   6;    2.217;   0;eor
Hannover;20150728;   3;   15.7;  12.9;   6.4;  996.53;   72.50;   5.8;   19.6;   14.1;   12.2;  17.1;   0.6;   6;    2.617;   0;eor
Hannover;20150729;   3;   14.3;  11.3;   5.6;  999.00;   69.79;   6.3;   17.8;   12.2;   10.6;  19.9;   1.0;   6;    5.400;   0;eor
Hannover;20150730;   3;   14.8;  11.1;   5.1; 1005.33;   67.13;   6.8;   19.8;   11.0;    9.1;  15.8;   0.0;   0;    7.567;   0;eor
Hannover;20150731;   3;   13.4;  10.1;   3.7; 1011.80;   68.13;   3.2;   18.6;    8.5;    5.0;   8.7;   0.0;   0;    6.300;   0;eor
Hannover;20150801;   3;   16.8;  11.1;   5.0; 1009.75;   61.50;   2.8;   25.1;    7.8;    6.3;   9.6;   0.0;   0;   11.283;   0;eor
Hannover;20150802;   3;   18.4;  11.7;   4.9; 1012.70;   59.54;   2.5;   25.9;   11.3;    9.0;   7.7;   0.0;   0;   13.050;   0;eor
Hannover;20150803;   3;   23.2;  13.6;   2.5; 1009.48;   51.46;   3.5;   32.1;   11.9;    9.4;  10.8;   0.0;   0;   13.233;   0;eor
Hannover;20150804;   3;   22.2;  16.9;   5.5; 1006.08;   66.08;   4.2;   32.2;   15.0;   13.7;  13.5;   1.8;   6;    6.783;   0;eor
Hannover;20150805;   3;   19.3;  13.0;   3.6; 1011.24;   62.04;   2.6;   25.8;   11.8;    6.7;   8.6;   0.0;   0;   12.950;   0;eor
Hannover;20150806;   3;   24.4;  15.4;   5.4; 1007.83;   53.17;   3.0;   33.7;   13.1;   11.0;   9.6;   0.0;   0;   12.233;   0;eor
Hannover;20150807;   3;   23.4;  17.8;   3.6; 1010.02;   64.21;   3.5;   31.0;   16.4;   13.9;  10.3;   3.2;   6;   10.833;   0;eor
Hannover;20150808;   3;   19.2;  19.0;   6.0; 1013.67;   85.25;   4.0;   22.6;   12.4;    9.9;  14.4;   1.3;   6;    0.750;   0;eor
Hannover;20150809;   3;   18.9;  14.9;   2.6; 1013.82;   70.71;   2.4;   26.6;    9.2;    5.7;   9.3;   0.0;   6;   10.083;   0;eor
Hannover;20150810;   3;   22.8;  16.8;   5.5; 1009.46;   60.88;   3.2;   29.9;   16.2;   15.0;  12.5;   8.2;   6;    8.233;   0;eor
Hannover;20150811;   3;   20.0;  20.0;   7.0; 1011.26;   85.92;   3.2;   23.5;   17.3;   16.5;  12.2;   0.0;   6;    0.317;   0;eor
Hannover;20150812;   3;   19.5;  19.2;   6.9; 1015.28;   84.92;   2.6;   22.9;   16.1;   13.8;   6.9;   0.0;   6;    0.017;   0;eor
Hannover;20150813;   3;   22.1;  17.1;   3.0; 1011.03;   65.88;   5.3;   28.4;   16.1;   15.2;  12.3;   0.0;   0;   11.900;   0;eor
Hannover;20150814;   3;   22.7;  20.3;   5.3; 1001.74;   73.67;   3.1;   28.9;   19.1;   17.2;  19.9;   2.1;   6;    5.017;   0;eor
Hannover;20150815;   3;   21.9;  20.0;   5.7; 1000.83;   77.58;   2.0;   27.7;   17.0;   14.3;   7.2;   0.0;   6;    2.200;   0;eor
Hannover;20150816;   3;   19.6;  20.5;   7.7; 1003.82;   89.79;   2.6;   22.1;   16.8;   14.3;   7.7;  11.1;   6;    0.000;   0;eor
Hannover;20150817;   3;   17.1;  18.7;   8.0; 1003.08;   95.92;   2.1;   19.6;   14.6;   14.5;   7.2;  38.5;   6;    0.000;   0;eor
Hannover;20150818;   3;   15.0;  16.0;   7.6; 1007.04;   94.04;   2.1;   16.1;   13.7;   13.1;   6.7;   6.6;   6;    0.000;   0;eor
Hannover;20150819;   3;   16.3;  14.9;   6.3; 1013.39;   81.71;   1.8;   21.3;   13.2;   11.5;   8.4;   0.0;   6;    4.450;   0;eor
Hannover;20150820;   3;   18.0;  16.1;   6.0; 1016.98;   79.33;   1.8;   22.9;   12.3;   10.7;   5.7;   0.0;   0;    3.550;   0;eor
Hannover;20150821;   3;   18.9;  13.6;   0.8; 1017.70;   66.33;   2.4;   25.5;   12.2;    9.4;   8.9;   0.0;   0;   12.783;   0;eor
Hannover;20150822;   3;   18.8;  12.0;   0.9; 1014.16;   59.54;   3.0;   25.7;   10.9;    7.8;  11.7;   0.0;   0;   12.917;   0;eor
Hannover;20150823;   3;   18.3;  11.8;   1.7; 1005.50;   58.46;   5.1;   24.3;   11.3;    8.0;  14.1;   4.0;   6;   12.417;   0;eor
Hannover;20150824;   3;   19.7;  16.2;   6.2;  997.53;   71.46;   4.9;   25.8;   14.1;   13.5;  15.4;   1.2;   6;    3.900;   0;eor
Hannover;20150825;   3;   17.4;  13.6;   6.0; 1003.99;   68.29;   5.9;   20.7;   14.5;   13.7;  15.6;   0.4;   6;    3.483;   0;eor
Hannover;20150826;   3;   21.4;  14.5;   6.7; 1006.18;   57.46;   5.7;   26.4;   15.4;   13.9;  14.1;   0.0;   6;    9.867;   0;eor
Hannover;20150827;   3;   18.8;  15.4;   7.8; 1003.05;   72.88;   3.8;   22.4;   13.2;   12.8;  10.1;  16.0;   6;    0.000;   0;eor
Hannover;20150828;   3;   15.5;  14.1;   5.5; 1010.38;   81.08;   2.6;   20.4;   11.7;    7.4;   7.4;   0.0;   0;    4.567;   0;eor
Hannover;20150829;   3;   17.7;  14.2;   2.2; 1015.53;   72.88;   2.0;   23.9;    9.6;    6.1;   8.2;   0.0;   0;   11.383;   0;eor
Hannover;20150830;   3;   21.7;  21.4;   4.5; 1010.45;   82.88;   2.5;   29.9;   15.0;   13.7;  13.9;  15.2;   6;    7.400;   0;eor
Hannover;20150831;   3;   24.6;  21.1;   5.6; 1003.97;   72.17;   3.3;   32.7;   18.9;   18.5;   9.9;   0.0;   0;    8.633;   0;eor
Hannover;20150901;   3;   17.5;  17.2;   5.9; 1003.43;   85.79;   4.0;   21.7;   12.5;   10.8;  12.2;   4.9;   6;    0.000;   0;eor
Hannover;20150902;   3;   14.7;  12.1;   3.4; 1008.48;   74.29;   3.6;   19.5;   10.6;    6.6;   9.8;   0.0;   6;    8.267;   0;eor
Hannover;20150903;   3;   13.1;  12.1;   4.9; 1006.93;   81.25;   1.6;   18.5;    8.9;    5.5;   7.7;   1.4;   6;    4.833;   0;eor
Hannover;20150904;   3;   14.2;  11.3;   5.6; 1005.17;   70.04;   5.0;   18.1;   10.8;    8.7;  12.7;   1.6;   6;    5.733;   0;eor
Hannover;20150905;   3;   13.0;  12.4;   5.2; 1004.03;   82.67;   6.4;   16.3;   10.4;    9.1;  15.6;   1.3;   6;    2.683;   0;eor
Hannover;20150906;   3;   12.6;  11.7;   6.5; 1009.85;   80.71;   7.9;   16.7;   10.4;    8.6;  17.0;   3.6;   6;    1.750;   0;eor
Hannover;20150907;   3;   13.8;  12.4;   4.7; 1015.49;   80.21;   3.9;   18.8;    8.6;    4.4;   9.4;   0.1;   6;    7.083;   0;eor
Hannover;20150908;   3;   13.0;  12.5;   5.4; 1017.39;   84.42;   2.4;   17.9;    8.5;    5.3;   7.2;   0.0;   0;    3.650;   0;eor
Hannover;20150909;   3;   13.2;  11.3;   3.9; 1018.25;   76.33;   3.1;   18.9;    8.5;    6.6;   9.9;   0.0;   0;    8.433;   0;eor
Hannover;20150910;   3;   12.8;  11.0;   2.1; 1017.90;   76.17;   3.8;   19.0;    6.7;    3.2;  10.6;   0.0;   0;    9.583;   0;eor
Hannover;20150911;   3;   12.6;  12.2;   4.3; 1013.25;   84.38;   3.5;   16.8;    7.9;    3.7;  10.1;   0.0;   0;    5.750;   0;eor
Hannover;20150912;   3;   15.1;  14.4;   6.6; 1008.40;   84.92;   3.4;   20.0;   10.0;    7.8;   8.2;   6.1;   6;    3.017;   0;eor
Hannover;20150913;   3;   18.0;  18.0;   6.5; 1002.97;   87.50;   2.7;   20.8;   15.0;   11.9;   6.2;   1.6;   6;    3.433;   0;eor
Hannover;20150914;   3;   16.7;  16.5;   5.4;  995.46;   86.92;   3.7;   20.6;   13.5;   11.2;  13.7;  10.1;   6;    2.100;   0;eor
Hannover;20150915;   3;   13.9;  11.4;   3.2;  998.11;   71.58;   5.8;   16.9;   11.4;    7.5;  15.1;   0.0;   6;    6.600;   0;eor
Hannover;20150916;   3;   15.4;  14.6;   6.9;  991.60;   82.46;   5.4;   19.7;   12.0;   10.1;  14.7;   3.0;   6;    0.067;   0;eor
Hannover;20150917;   3;   16.8;  14.4;   7.2;  993.03;   75.33;   7.3;   19.4;   12.7;   11.1;  16.5;   3.2;   6;    0.467;   0;eor
Hannover;20150918;   3;   14.6;  12.9;   3.3; 1007.49;   78.25;   3.4;   19.5;   10.8;    7.8;   8.9;   0.4;   6;    8.067;   0;eor
Hannover;20150919;   3;   12.6;  13.5;   5.5; 1013.10;   92.13;   2.5;   14.8;    9.3;    6.2;   7.0;  11.8;   6;    0.567;   0;eor
Hannover;20150920;   3;   12.2;  12.9;   6.1; 1014.39;   90.96;   3.3;   16.3;    8.8;    6.5;  10.8;   4.8;   6;    2.950;   0;eor
Hannover;20150921;   3;   13.9;  13.1;   7.0; 1007.73;   83.29;   2.6;   18.2;   11.5;   10.2;   8.4;   0.0;   6;    1.817;   0;eor
Hannover;20150922;   3;   13.0;  12.5;   6.6;  996.04;   83.63;   3.5;   16.8;    9.5;    6.6;   8.9;   1.9;   6;    0.867;   0;eor
Hannover;20150923;   3;   11.8;  12.3;   4.6; 1000.77;   88.96;   2.6;   14.2;    9.3;    5.4;   7.4;   1.8;   6;    2.600;   0;eor
Hannover;20150924;   3;   14.2;  12.6;   5.9; 1009.55;   78.08;   4.3;   16.6;   10.2;    6.9;  10.6;   0.0;   0;    3.267;   0;eor
Hannover;20150925;   3;   12.7;  12.1;   4.3; 1014.18;   83.08;   3.1;   17.1;    8.5;    4.3;   9.6;   0.0;   0;    7.683;   0;eor
Hannover;20150926;   3;   11.6;  11.3;   4.1; 1020.11;   83.79;   1.9;   16.4;    6.2;    2.7;   8.4;   0.0;   0;    6.083;   0;eor
Hannover;20150927;   3;    9.6;  10.0;   2.3; 1026.06;   85.67;   2.2;   16.3;    4.1;    1.4;   6.2;   0.1;   1;    5.967;   0;eor
Hannover;20150928;   3;    9.7;  10.2;   3.9; 1030.29;   86.54;   1.5;   16.7;    4.4;    1.6;   5.7;   0.0;   1;    6.217;   0;eor
Hannover;20150929;   3;    9.8;   9.7;   3.2; 1030.99;   81.58;   3.0;   16.4;    4.3;    0.2;  10.3;   0.0;   0;    7.967;   0;eor
Hannover;20150930;   3;    9.3;   9.7;   3.0; 1029.41;   84.88;   2.5;   16.6;    3.6;    0.1;   7.9;   0.0;   0;    6.467;   0;eor
Hannover;20151001;   3;    9.1;   8.6;   0.7; 1025.55;   78.13;   2.1;   16.1;    2.8;   -1.0;   7.2;   0.0;   0;   10.417;   0;eor
Hannover;20151002;   3;    9.1;   8.6;   2.8; 1018.98;   76.71;   2.0;   17.4;    1.5;   -2.1;   6.5;   0.0;   0;   10.267;   0;eor
Hannover;20151003;   3;   11.1;  10.5;   2.2; 1008.83;   80.54;   2.0;   19.1;    4.0;    0.1;   6.5;   0.0;   0;    9.233;   0;eor
Hannover;20151004;   3;   12.0;  11.9;   4.4; 1008.55;   86.21;   1.5;   17.5;    6.3;    2.7;   6.7;   0.0;   0;    4.350;   0;eor
Hannover;20151005;   3;   13.6;  12.4;   5.4; 1007.26;   80.58;   3.1;   19.0;    7.3;    3.2;   7.7;   0.6;   6;    5.150;   0;eor
Hannover;20151006;   3;   14.2;  14.5;   7.5;  999.41;   88.71;   4.3;   17.6;   11.8;   10.7;  10.1;   7.3;   6;    0.417;   0;eor
Hannover;20151007;   3;   15.4;  16.6;   7.3; 1003.75;   95.00;   2.0;   17.5;   12.9;   10.8;   5.7;   5.0;   6;    0.033;   0;eor
Hannover;20151008;   3;   14.0;  14.8;   7.8; 1011.32;   92.83;   2.3;   15.1;   13.2;   11.4;   9.3;   5.5;   6;    0.000;   0;eor
Hannover;20151009;   3;   11.4;  13.1;   7.5; 1014.72;   95.88;   3.0;   13.5;    6.4;    5.2;   6.2;   1.7;   6;    0.000;   0;eor
Hannover;20151010;   3;    6.9;   7.6;   2.0; 1015.69;   77.42;   4.4;   11.4;    2.5;    0.7;   9.9;   0.0;   0;    9.500;   0;eor
Hannover;20151011;   3;    4.1;   5.6;   0.2; 1015.09;   70.29;   5.1;    9.6;    0.1;   -2.7;  13.9;   0.0;   0;    9.750;   0;eor
Hannover;20151012;   3;    3.2;   5.6;   3.5; 1014.41;   73.58;   4.2;    8.0;   -1.4;   -4.1;  10.6;   0.0;   0;    7.633;   0;eor
Hannover;20151013;   3;    3.6;   6.4;   7.2; 1013.18;   80.00;   3.9;    5.0;    0.9;   -0.6;  13.0;   0.0;   6;    0.000;   0;eor
Hannover;20151014;   3;    3.9;   7.7;   8.0; 1012.70;   94.42;   2.5;    5.6;    2.9;    2.8;   9.8;   4.0;   6;    0.000;   0;eor
Hannover;20151015;   3;    6.2;   9.2;   8.0; 1010.08;   97.13;   3.4;    7.5;    5.5;    5.4;   8.6;  10.2;   6;    0.000;   0;eor
Hannover;20151016;   3;    6.4;   9.5;   7.8; 1010.06;   98.25;   1.9;    7.1;    4.6;    2.2;   4.6;  12.9;   6;    0.000;   0;eor
Hannover;20151017;   3;    6.8;   9.2;   7.6; 1011.44;   93.21;   1.2;    8.9;    5.3;    3.1;   4.1;   0.7;   6;    0.250;   0;eor
Hannover;20151018;   3;    7.6;   9.1;   7.5; 1011.84;   87.96;   2.0;   10.5;    5.7;    5.0;   6.2;   0.2;   6;    1.450;   0;eor
Hannover;20151019;   3;    8.6;  10.7;   7.2; 1013.90;   95.29;   2.2;   12.1;    7.2;    5.9;   5.5;   0.1;   6;    0.900;   0;eor
Hannover;20151020;   3;    8.3;  10.1;   7.5; 1014.88;   93.25;   2.4;   10.9;    6.5;    6.5;   8.2;   0.0;   6;    0.000;   0;eor
Hannover;20151021;   3;    9.6;  10.0;   7.1; 1011.82;   83.83;   3.0;   12.7;    7.2;    6.8;   7.7;   0.0;   6;    1.083;   0;eor
Hannover;20151022;   3;   11.0;  11.8;   7.8; 1006.74;   89.42;   4.2;   12.6;    9.3;    8.9;   9.4;   0.4;   6;    0.000;   0;eor
Hannover;20151023;   3;   10.7;  10.4;   5.0; 1015.26;   81.29;   3.2;   14.2;    6.3;    1.3;   9.3;   0.0;   0;    5.083;   0;eor
Hannover;20151024;   3;    9.2;   9.8;   6.1; 1011.58;   84.42;   2.7;   12.6;    4.6;    0.8;   6.7;   0.0;   6;    2.900;   0;eor
Hannover;20151025;   3;    9.6;  10.4;   7.1; 1015.87;   87.29;   2.0;   13.9;    4.6;    1.3;   6.5;   0.1;   6;    1.467;   0;eor
Hannover;20151026;   3;    7.6;   9.1;   5.5; 1016.65;   87.83;   3.1;   13.8;    2.6;    0.1;   7.7;   0.0;   0;    8.350;   0;eor
Hannover;20151027;   3;    7.5;   9.8;   5.7; 1011.28;   94.79;   3.6;   11.5;    4.9;    2.8;   7.7;   0.0;   0;    3.000;   0;eor
Hannover;20151028;   3;    6.7;   9.6;   7.3; 1006.36;   97.63;   3.8;    8.3;    5.2;    3.3;   9.3;   0.0;   0;    0.000;   0;eor
Hannover;20151029;   3;    8.8;  11.2;   7.3; 1011.27;   97.29;   1.2;   12.2;    3.3;    0.8;   3.6;   0.0;   6;    0.000;   0;eor
Hannover;20151030;   3;   10.0;  11.3;   6.0; 1020.73;   92.63;   2.5;   14.1;    7.0;    4.0;   7.7;   0.0;   0;    1.433;   0;eor
Hannover;20151031;   3;    7.9;   9.7;   6.9; 1022.04;   91.67;   4.1;   10.8;    5.1;    1.5;  10.3;   0.0;   0;    2.467;   0;eor
Hannover;20151101;   3;    7.9;   9.3;   4.4; 1022.98;   88.29;   1.1;   15.0;    2.4;   -0.6;   4.6;   0.0;   0;    8.183;   0;eor
Hannover;20151102;   3;    7.1;   8.6;   4.3; 1020.43;   86.46;   2.1;   16.5;    0.5;   -1.1;   5.7;   0.0;   0;    8.000;   0;eor
Hannover;20151103;   3;    4.6;   7.8;   3.2; 1014.47;   92.13;   1.7;   12.9;   -0.7;   -2.2;   4.6;   0.0;   0;    7.350;   0;eor
Hannover;20151104;   3;    9.3;   9.3;   5.7; 1012.22;   80.04;   2.3;   16.7;    0.3;   -1.2;   5.7;   0.0;   0;    6.483;   0;eor
Hannover;20151105;   3;   13.1;  12.2;   6.7; 1013.17;   80.79;   2.4;   16.5;    9.3;    6.8;   5.3;   0.5;   6;    3.350;   0;eor
Hannover;20151106;   3;   14.2;  13.9;   7.7; 1012.13;   85.71;   3.3;   15.3;   12.8;   10.4;   8.2;   5.8;   6;    0.000;   0;eor
Hannover;20151107;   3;   16.8;  16.4;   7.1; 1013.07;   85.92;   4.5;   18.9;   14.4;   13.3;  18.3;   0.2;   6;    1.250;   0;eor
Hannover;20151108;   3;   13.7;  12.0;   5.7; 1017.33;   76.38;   4.7;   16.0;   11.5;    7.8;  15.8;   1.9;   6;    4.683;   0;eor
Hannover;20151109;   3;   14.4;  12.8;   6.9; 1010.95;   77.33;   6.4;   16.7;   11.7;   10.6;  15.9;   0.0;   6;    1.950;   0;eor
Hannover;20151110;   3;   13.7;  13.5;   8.0; 1011.50;   86.21;   6.9;   14.4;   12.7;   11.9;  16.6;   2.0;   6;    0.000;   0;eor
Hannover;20151111;   3;   12.9;  12.4;   7.7; 1014.37;   83.13;   5.0;   14.1;   11.5;   10.6;  11.1;   0.0;   6;    0.083;   0;eor
Hannover;20151112;   3;   12.4;  11.5;   6.8; 1016.26;   79.42;   4.1;   14.6;   11.1;    5.9;  11.0;   0.0;   6;    1.133;   0;eor
Hannover;20151113;   3;   11.8;  10.0;   5.8; 1011.66;   71.88;   5.4;   14.6;    4.7;    3.7;  26.4;   2.5;   6;    0.367;   0;eor
Hannover;20151114;   3;    7.6;   8.3;   5.7; 1012.70;   79.04;   6.6;    9.1;    4.8;    3.3;  15.1;  12.5;   6;    1.883;   0;eor
Hannover;20151115;   3;   12.0;  13.4;   8.0;  999.63;   95.38;   7.3;   13.3;    7.7;    7.1;  17.0;  28.9;   6;    0.000;   0;eor
Hannover;20151116;   3;   12.2;  11.8;   7.5; 1003.85;   82.71;   6.2;   13.0;   10.9;    8.7;  13.7;   3.0;   6;    0.300;   0;eor
Hannover;20151117;   3;   12.7;  12.8;   7.5;  997.88;   86.88;   5.4;   15.5;   10.9;    8.8;  21.3;   7.1;   6;    0.133;   0;eor
Hannover;20151118;   3;   12.1;  10.2;   5.8;  999.78;   72.75;   9.0;   15.2;    9.8;    8.6;  24.5;   4.1;   6;    2.167;   0;eor
Hannover;20151119;   3;   10.5;   9.7;   6.3; 1000.03;   77.08;   7.5;   12.4;    7.6;    6.5;  18.7;   6.4;   6;    2.067;   0;eor
Hannover;20151120;   3;    7.2;   8.3;   5.4;  995.10;   81.25;   4.8;    8.3;    4.5;    2.5;  11.5;   0.0;   6;    1.700;   0;eor
Hannover;20151121;   3;    4.3;   6.9;   5.4;  988.31;   83.38;   4.0;    6.3;   -0.3;   -1.9;   9.3;   2.1;   8;    1.567;   0;eor
Hannover;20151122;   3;    0.9;   5.9;   6.5;  996.00;   89.83;   5.6;    3.3;   -0.2;   -2.3;  14.6;   2.0;   8;    0.933;   0;eor
Hannover;20151123;   3;    1.7;   5.7;   5.3; 1012.80;   83.42;   2.8;    3.9;    0.2;   -1.7;   6.2;   0.0;   6;    6.600;   0;eor
Hannover;20151124;   3;    3.0;   5.6;   7.3; 1008.47;   73.67;   6.1;    4.4;    1.9;   -0.2;  13.0;   1.5;   6;    0.000;   0;eor
Hannover;20151125;   3;    4.0;   7.5;   7.4;  997.38;   91.29;   3.5;    5.8;    1.5;    1.0;   8.2;   1.0;   6;    0.000;   0;eor
Hannover;20151126;   3;    4.4;   7.6;   4.9; 1007.78;   90.71;   2.7;    6.7;    1.4;   -2.6;   6.2;   0.0;   0;    2.683;   0;eor
Hannover;20151127;   3;    2.9;   6.4;   1.5; 1008.96;   84.83;   4.0;    6.4;    0.5;   -3.6;  10.3;   0.0;   0;    6.633;   0;eor
Hannover;20151128;   3;    4.6;   6.6;   6.0; 1001.01;   78.00;   6.3;    7.3;    1.9;    0.3;  12.7;   4.8;   6;    3.400;   0;eor
Hannover;20151129;   3;    8.1;   9.0;   7.8;  997.38;   83.38;   7.7;   11.2;    4.7;    3.8;  23.1;  15.1;   6;    0.000;   0;eor
Hannover;20151130;   3;    7.1;   8.1;   7.4; 1002.80;   78.46;   6.8;   11.4;    3.6;    3.0;  22.8;  12.4;   6;    0.000;   0;eor
Hannover;20151201;   3;    7.1;   8.7;   6.4; 1012.76;   85.88;   4.5;   11.1;    5.3;    3.4;  13.4;   0.5;   6;    1.450;   0;eor
Hannover;20151202;   3;   10.6;   9.6;   8.0; 1017.78;   75.33;   4.4;   11.4;    9.0;    6.5;  10.5;   0.0;   0;    0.000;   0;eor
Hannover;20151203;   3;    8.8;   7.9;   6.5; 1019.37;   70.25;   3.8;   11.4;    5.8;    2.9;   9.9;   0.0;   6;    4.667;   0;eor
Hannover;20151204;   3;    8.4;   8.5;   6.0; 1016.47;   76.71;   5.8;    9.6;    5.8;    3.4;  13.9;   1.8;   6;    2.367;   0;eor
Hannover;20151205;   3;    8.3;   6.7;   5.8; 1016.65;   61.67;   6.0;    9.8;    7.1;    3.4;  14.1;   0.0;   0;    0.283;   0;eor
Hannover;20151206;   3;    9.6;   8.2;   5.2; 1013.15;   67.50;   6.8;   11.9;    6.8;    3.2;  14.7;   0.0;   6;    0.533;   0;eor
Hannover;20151207;   3;   11.0;  11.5;   7.0; 1023.10;   87.21;   3.2;   11.8;    8.8;    6.0;   9.6;   0.0;   0;    0.000;   0;eor
Hannover;20151208;   3;    9.7;   9.3;   2.3; 1021.68;   77.17;   3.6;   13.0;    6.8;    2.7;  10.5;   0.7;   6;    6.233;   0;eor
Hannover;20151209;   3;    7.6;   8.7;   4.3; 1025.20;   82.54;   4.2;   10.1;    4.3;    0.1;  11.7;   0.0;   0;    3.833;   0;eor
Hannover;20151210;   3;    4.8;   6.5;   4.3; 1023.20;   75.17;   5.1;    7.4;    3.0;   -0.7;  10.8;   1.9;   6;    5.867;   0;eor
Hannover;20151211;   3;    5.9;   7.7;   7.3; 1012.69;   82.67;   6.2;    8.0;    3.3;    1.1;  15.4;   2.9;   6;    0.000;   0;eor
Hannover;20151212;   3;    5.7;   7.6;   5.7; 1011.32;   83.25;   4.8;    9.9;    4.3;    0.9;  14.9;   7.6;   6;    3.600;   0;eor
Hannover;20151213;   3;    5.7;   7.9;   6.7; 1010.29;   86.29;   5.5;   10.4;   -0.4;   -3.7;  21.4;   0.0;   6;    1.883;   0;eor
Hannover;20151214;   3;    3.7;   7.2;   6.3; 1014.74;   89.04;   2.7;    7.6;   -0.5;   -2.5;   7.9;   0.0;   0;    0.000;   0;eor
Hannover;20151215;   3;    6.1;   8.4;   6.4; 1016.33;   89.33;   1.8;    7.7;    2.6;   -0.6;   5.5;   0.0;   0;    0.000;   0;eor
Hannover;20151216;   3;    8.6;  10.0;   7.7; 1016.12;   88.92;   4.2;   11.3;    5.8;    4.5;  10.3;   0.9;   6;    0.000;   0;eor
Hannover;20151217;   3;   12.5;  12.5;   6.7; 1013.40;   85.92;   3.5;   14.4;   11.1;    7.1;   9.3;   0.5;   6;    0.483;   0;eor
Hannover;20151218;   3;   12.3;  11.2;   7.3; 1012.85;   77.92;   4.5;   13.5;   10.3;    7.6;  10.6;   0.0;   6;    0.017;   0;eor
Hannover;20151219;   3;   11.8;  10.7;   5.8; 1013.18;   77.25;   3.9;   13.8;    9.8;    5.9;   9.8;   0.0;   0;    3.833;   0;eor
Hannover;20151220;   3;   11.7;  10.4;   7.1; 1009.68;   75.17;   3.9;   13.4;   10.0;    5.9;   8.7;   2.4;   6;    0.000;   0;eor
Hannover;20151221;   3;   10.8;   9.9;   6.8; 1010.05;   76.13;   6.5;   12.2;    9.8;    8.1;  18.9;   0.6;   6;    2.367;   0;eor
Hannover;20151222;   3;   12.5;  11.2;   6.1; 1011.43;   77.17;   6.8;   14.7;    9.8;    7.7;  14.9;   0.2;   6;    0.000;   0;eor
Hannover;20151223;   3;   11.1;   9.6;   5.8; 1013.80;   72.00;   6.0;   13.8;    6.4;    0.9;  17.0;   0.5;   6;    2.967;   0;eor
Hannover;20151224;   3;    9.7;   9.5;   5.3; 1013.79;   78.50;   5.6;   13.4;    5.3;    0.8;  16.3;   1.0;   6;    1.817;   0;eor
Hannover;20151225;   3;    8.9;   9.2;   6.3; 1016.79;   80.04;   4.8;   13.3;    6.9;    4.1;  13.9;   1.3;   6;    1.233;   0;eor
Hannover;20151226;   3;   13.8;  11.3;   7.1; 1014.39;   71.33;   7.5;   15.1;   12.2;    9.9;  17.1;   0.0;   0;    2.083;   0;eor
Hannover;20151227;   3;   11.6;  10.1;   7.4; 1016.55;   73.96;   5.4;   13.2;    9.3;    6.7;  11.7;   0.1;   6;    0.000;   0;eor
Hannover;20151228;   3;   10.4;  11.1;   7.6; 1021.95;   87.88;   3.7;   12.8;    7.7;    7.6;   9.8;   0.1;   6;    2.600;   0;eor
Hannover;20151229;   3;    6.4;   8.8;   7.5; 1020.46;   91.79;   5.2;    8.5;    4.1;    2.6;  12.9;   0.0;   0;    1.617;   0;eor
Hannover;20151230;   3;    5.6;   7.8;   5.6; 1020.36;   84.75;   4.0;    7.5;    2.5;   -0.1;  10.3;   0.0;   0;    0.000;   0;eor
Hannover;20151231;   3;    3.8;   6.8;   4.8; 1013.30;   83.33;   4.9;    5.6;    2.2;   -0.7;  11.3;   3.6;   6;    0.000;   0;eor
Hannover;20160101;   3;    4.3;   7.6;   5.7; 1017.35;   91.00;   2.5;    6.5;    1.8;   -1.4;   6.7;   0.0;   6;    0.017;   0;eor
Hannover;20160102;   3;    1.4;   6.0;   7.8; 1010.43;   87.92;   7.0;    3.9;   -3.8;   -3.5;  16.1;   0.2;   7;    0.000;   0;eor
Hannover;20160103;   3;   -4.1;   3.8;   7.8; 1002.53;   83.58;   7.6;   -3.6;   -4.7;   -4.4;  14.7;   1.1;   7;    0.000;   1;eor
Hannover;20160104;   3;   -5.8;   3.3;   7.7;  987.81;   83.42;   6.3;   -4.7;   -6.7;   -6.9;  12.7;   0.7;   8;    0.000;   2;eor
Hannover;20160105;   3;   -5.6;   3.5;   8.0;  990.30;   85.88;   6.1;   -5.0;   -6.2;   -6.5;  10.3;   2.8;   8;    0.000;   4;eor
Hannover;20160106;   3;   -6.2;   3.2;   8.0;  995.78;   83.63;   5.4;   -5.4;   -7.0;   -7.2;  10.6;   0.0;   7;    0.000;   7;eor
Hannover;20160107;   3;   -3.5;   4.2;   8.0;  991.06;   87.58;   5.4;    4.2;   -6.0;   -5.9;  11.3;   2.8;   8;    0.000;   6;eor
Hannover;20160108;   3;    4.9;   6.4;   4.5;  992.23;   74.42;   6.5;    6.9;    1.5;   -4.0;  18.3;   0.0;   0;    2.333;   5;eor
Hannover;20160109;   3;    2.8;   6.1;   3.6;  994.94;   82.13;   3.7;    6.5;   -0.4;   -5.4;   9.9;   0.0;   0;    3.783;   0;eor
Hannover;20160110;   3;    5.5;   7.5;   5.7;  986.84;   82.38;   5.1;    8.3;    3.1;    0.4;  13.4;   3.6;   6;    2.200;   0;eor
Hannover;20160111;   3;    4.9;   7.6;   6.9;  982.70;   87.58;   3.4;    5.9;    3.3;   -0.9;   8.2;   4.2;   6;    0.000;   0;eor
Hannover;20160112;   3;    5.6;   7.7;   7.0;  985.43;   84.92;   4.1;    6.6;    4.9;    3.3;  11.5;   2.5;   6;    0.283;   0;eor
Hannover;20160113;   3;    3.6;   6.8;   7.0;  998.55;   85.50;   4.9;    5.8;    1.2;   -3.2;  16.6;   0.5;   6;    0.000;   0;eor
Hannover;20160114;   3;    2.7;   6.2;   5.5; 1000.01;   84.00;   4.8;    4.6;    0.8;   -2.7;  12.9;   1.0;   8;    0.983;   0;eor
Hannover;20160115;   3;    1.2;   6.1;   7.9; 1001.12;   91.92;   2.9;    2.3;   -0.2;   -1.2;   6.9;   0.2;   8;    0.000;   0;eor
Hannover;20160116;   3;   -0.1;   5.6;   7.6; 1010.78;   92.00;   2.4;    1.0;   -1.6;   -4.4;   6.7;   6.3;   7;    0.000;   0;eor
Hannover;20160117;   3;   -2.3;   4.8;   6.8; 1016.07;   93.13;   2.6;   -0.2;   -8.5;  -15.0;   6.2;   0.0;   7;    0.333;  12;eor
Hannover;20160118;   3;   -6.2;   3.5;   4.5; 1014.74;   92.08;   1.0;   -2.4;   -9.8;  -14.4;   4.1;   0.0;   0;    6.533;   9;eor
Hannover;20160119;   3;   -5.5;   3.3;   4.0; 1008.25;   80.96;   2.2;   -1.0;  -11.3;  -17.3;   7.9;   0.7;   7;    6.667;   7;eor
Hannover;20160120;   3;   -0.6;   5.4;   6.4; 1008.88;   92.58;   3.8;    0.9;   -6.2;  -12.6;   8.4;   0.7;   7;    0.000;   8;eor
Hannover;20160121;   3;   -6.2;   3.7;   5.1; 1020.26;   94.83;   1.6;   -2.9;  -11.1;  -16.3;   4.1;   0.0;   7;    1.633;   7;eor
Hannover;20160122;   3;   -4.9;   3.3;   2.8; 1020.38;   78.08;   3.9;   -0.5;  -12.3;  -16.4;  10.3;   3.2;   6;    7.050;   7;eor
Hannover;20160123;   3;    3.6;   7.5;   8.0; 1020.41;   93.63;   4.2;    5.8;   -0.5;   -1.0;   9.6;   0.1;   6;    0.000;   5;eor
Hannover;20160124;   3;    5.7;   8.2;   7.5; 1022.23;   89.38;   3.2;    8.5;    3.6;    1.6;   8.4;   2.2;   6;    0.000;   0;eor
Hannover;20160125;   3;    9.7;  10.9;   7.0; 1017.36;   89.75;   4.0;   12.6;    8.1;    3.2;  11.1;   0.0;   6;    0.233;   0;eor
Hannover;20160126;   3;   10.3;   9.6;   7.3; 1012.64;   76.08;   5.4;   11.4;    8.9;    7.3;  15.9;   0.9;   6;    0.550;   0;eor
Hannover;20160127;   3;   10.7;  10.1;   7.8; 1005.48;   79.04;   7.5;   12.7;    8.7;    7.3;  14.9;   2.9;   6;    0.000;   0;eor
Hannover;20160128;   3;    6.9;   7.6;   4.0; 1012.40;   75.46;   5.9;   10.6;    3.6;   -0.4;  15.4;   0.0;   6;    6.483;   0;eor
Hannover;20160129;   3;    7.1;   7.7;   6.7; 1012.68;   75.71;   7.3;    9.9;    3.1;    0.6;  17.7;   0.1;   6;    0.383;   0;eor
Hannover;20160130;   3;    7.4;   8.4;   6.9; 1000.33;   81.50;   7.6;    9.6;    1.6;    0.8;  22.8;   6.7;   8;    0.000;   0;eor
Hannover;20160131;   3;    4.2;   6.7;   6.0;  999.90;   80.75;   5.5;    6.0;    2.6;    0.9;  13.5;   3.3;   8;    0.450;   0;eor
Hannover;20160201;   3;    9.3;  10.3;   7.5; 1003.92;   88.38;   6.1;   12.1;    5.3;    5.0;  18.9;   4.0;   6;    0.000;   0;eor
Hannover;20160202;   3;    8.4;   7.9;   6.4; 1002.44;   71.50;   8.3;   11.5;    5.4;    3.4;  22.1;   0.5;   6;    0.000;   0;eor
Hannover;20160203;   3;    4.8;   6.3;   4.3; 1006.42;   74.04;   7.1;    6.5;    2.8;    1.5;  16.1;   0.3;   6;    5.200;   0;eor
Hannover;20160204;   3;    3.4;   6.9;   7.0; 1012.23;   88.58;   5.2;    4.3;    2.5;    1.4;  12.5;   1.1;   6;    0.000;   0;eor
Hannover;20160205;   3;    5.7;   8.3;   7.6; 1014.66;   89.88;   3.8;    9.2;    2.7;    1.5;   7.9;   2.8;   6;    0.000;   0;eor
Hannover;20160206;   3;    9.6;   8.8;   7.0; 1003.98;   73.71;   5.3;   11.7;    7.6;    3.6;  12.3;   0.0;   0;    3.633;   0;eor
Hannover;20160207;   3;    9.2;   7.6;   4.9;  993.83;   65.50;   5.6;   12.7;    6.0;    1.4;  12.9;   0.0;   6;    0.167;   0;eor
Hannover;20160208;   3;    7.7;   7.4;   5.9;  985.48;   70.54;   9.3;   10.3;    6.1;    3.4;  19.9;   2.0;   6;    1.117;   0;eor
Hannover;20160209;   3;    6.7;   7.3;   7.6;  980.20;   75.08;   8.5;    9.6;    0.6;   -0.1;  20.7;   5.1;   8;    0.017;   0;eor
Hannover;20160210;   3;    3.9;   6.9;   6.3;  984.03;   85.50;   5.2;    5.4;    2.2;   -0.3;  13.2;   1.4;   6;    0.000;   0;eor
Hannover;20160211;   3;    3.9;   6.7;   4.3;  994.33;   82.42;   5.2;    6.8;    1.8;   -1.4;  14.9;   1.9;   6;    4.100;   0;eor
Hannover;20160212;   3;    2.6;   6.3;   4.7;  994.33;   85.79;   2.2;    6.1;   -0.1;   -4.4;   5.0;   0.0;   0;    1.533;   0;eor
Hannover;20160213;   3;    1.7;   5.6;   3.1;  986.38;   82.21;   4.2;    6.7;   -3.2;   -5.3;  10.5;   0.4;   8;    6.467;   0;eor
Hannover;20160214;   3;    1.1;   6.2;   8.0;  983.02;   94.46;   4.3;    2.9;    0.2;   -0.1;  11.3;   3.0;   8;    0.000;   0;eor
Hannover;20160215;   3;    0.7;   5.8;   7.8; 1006.96;   90.13;   3.4;    2.0;   -0.9;   -1.5;   9.6;   1.5;   8;    0.000;   0;eor
Hannover;20160216;   3;   -1.1;   4.2;   2.8; 1028.34;   76.00;   2.2;    2.3;   -4.8;   -7.4;   5.8;   0.0;   0;    8.133;   0;eor
Hannover;20160217;   3;   -0.7;   4.6;   3.5; 1016.56;   79.58;   4.0;    3.8;   -5.9;   -7.7;  10.5;   0.1;   7;    7.300;   0;eor
Hannover;20160218;   3;    1.0;   5.6;   6.8; 1008.54;   85.63;   1.8;    2.8;   -1.2;   -5.0;   4.5;   0.2;   8;    0.000;   0;eor
Hannover;20160219;   3;    1.3;   5.6;   6.5; 1011.54;   82.96;   2.2;    3.8;   -2.1;   -4.7;   7.0;   0.0;   8;    0.000;   0;eor
Hannover;20160220;   3;    5.0;   7.6;   7.2; 1001.67;   85.21;   6.1;    9.5;    0.8;   -1.6;  15.8;   4.9;   6;    0.000;   0;eor
Hannover;20160221;   3;    9.3;  10.7;   8.0;  997.82;   90.50;   7.1;   11.4;    7.4;    6.7;  19.5;  13.6;   6;    0.000;   0;eor
Hannover;20160222;   3;    6.2;   8.6;   8.0;  996.91;   88.88;   6.6;   10.9;    3.5;    2.7;  19.5;  13.9;   6;    0.000;   0;eor
Hannover;20160223;   3;    4.4;   7.0;   5.9; 1002.93;   83.46;   4.9;    7.9;    1.8;    0.3;  12.9;   0.0;   6;    4.000;   0;eor
Hannover;20160224;   3;    2.8;   5.7;   4.0; 1007.95;   77.46;   4.3;    6.4;    0.8;   -2.7;  13.4;   0.0;   8;    7.317;   0;eor
Hannover;20160225;   3;    1.5;   5.6;   4.1; 1004.58;   82.96;   3.7;    4.6;   -0.8;   -2.7;  13.2;   0.2;   8;    4.283;   0;eor
Hannover;20160226;   3;    1.1;   5.4;   4.9; 1005.82;   81.38;   2.7;    4.9;   -1.9;   -5.3;   8.2;   0.0;   0;    3.950;   0;eor
Hannover;20160227;   3;    0.4;   4.5;   6.3; 1005.96;   73.21;   3.4;    6.3;   -4.0;   -5.7;   9.8;   0.0;   0;    7.733;   0;eor
Hannover;20160228;   3;    0.6;   4.4;   3.8; 1012.00;   70.83;   3.1;    6.3;   -3.7;   -6.5;  10.3;   0.0;   0;    7.650;   0;eor
Hannover;20160229;   3;    0.0;   4.4;   3.7; 1016.78;   74.13;   4.2;    5.0;   -3.3;   -5.6;  11.7;   0.0;   0;    7.817;   0;eor
Hannover;20160301;   3;   -0.2;   4.9;   5.9; 1009.60;   81.29;   3.3;    3.6;   -6.0;   -8.5;  11.0;   1.4;   8;    2.550;   0;eor
Hannover;20160302;   3;    4.7;   7.1;   6.1;  991.23;   82.38;   5.4;    9.5;    2.6;   -3.0;  18.2;   1.0;   6;    1.650;   0;eor
Hannover;20160303;   3;    4.3;   6.2;   5.8;  993.48;   74.67;   3.7;    8.1;    1.8;   -1.4;   9.8;   0.0;   8;    0.933;   0;eor
Hannover;20160304;   3;    3.7;   6.0;   5.6;  993.31;   76.13;   4.8;    7.1;   -0.5;   -5.7;  13.4;   1.6;   6;    3.883;   0;eor
Hannover;20160305;   3;    3.9;   7.6;   7.9;  988.75;   94.67;   2.0;    5.2;    2.7;    1.1;   4.6;   1.6;   6;    0.000;   0;eor
Hannover;20160306;   3;    3.6;   6.6;   7.6;  991.60;   84.21;   3.1;    6.3;    1.8;   -0.9;   7.2;   0.1;   6;    0.633;   0;eor
Hannover;20160307;   3;    2.5;   5.9;   4.9;  997.43;   82.29;   2.2;    6.4;   -2.4;   -5.7;   6.5;   0.0;   0;    3.917;   0;eor
Hannover;20160308;   3;    1.8;   5.6;   2.7; 1006.56;   81.25;   2.6;    6.8;   -3.5;   -7.2;  10.1;   0.0;   0;    5.367;   0;eor
Hannover;20160309;   3;    3.4;   5.0;   1.8; 1004.99;   66.88;   5.0;    9.1;   -0.5;   -5.0;  11.8;   0.0;   0;    9.800;   0;eor
Hannover;20160310;   3;    3.1;   6.3;   6.0; 1013.50;   81.75;   3.1;    6.8;   -2.1;   -4.2;   8.2;   0.0;   0;    1.300;   0;eor
Hannover;20160311;   3;    3.2;   6.0;   7.9; 1022.24;   78.96;   3.8;    4.6;    1.0;    0.3;   7.7;   0.0;   0;    0.000;   0;eor
Hannover;20160312;   3;    3.0;   5.5;   7.8; 1025.61;   73.21;   3.5;    3.8;    2.2;    1.2;   7.9;   0.0;   0;    0.000;   0;eor
Hannover;20160313;   3;    2.5;   5.5;   7.4; 1029.64;   75.04;   4.5;    6.1;    0.6;   -1.4;   8.7;   0.0;   0;    1.517;   0;eor
Hannover;20160314;   3;    3.0;   5.3;   5.0; 1027.37;   70.88;   2.1;    9.7;   -3.7;   -6.5;   5.7;   0.0;   6;    9.683;   0;eor
Hannover;20160315;   3;    5.2;   6.9;   6.5; 1021.07;   78.75;   3.7;    9.8;    0.6;   -1.7;  11.0;   0.0;   6;    1.283;   0;eor
Hannover;20160316;   3;    4.8;   5.5;   4.1; 1024.80;   64.83;   5.3;    9.5;    0.1;   -3.6;  12.3;   0.0;   0;    7.067;   0;eor
Hannover;20160317;   3;    4.5;   5.3;   0.3; 1021.46;   66.04;   2.1;   12.9;   -2.4;   -6.4;   5.8;   0.0;   6;   10.767;   0;eor
Hannover;20160318;   3;    4.0;   7.4;   7.3; 1013.67;   90.71;   4.2;    6.7;   -0.5;   -3.7;   9.1;   0.1;   6;    0.000;   0;eor
Hannover;20160319;   3;    5.6;   7.2;   7.3; 1013.30;   80.71;   3.3;    9.6;    3.6;    2.9;   9.6;   0.1;   6;    1.633;   0;eor
Hannover;20160320;   3;    5.8;   7.6;   6.5; 1009.73;   83.00;   5.8;    9.5;    3.3;    0.5;  12.3;   0.8;   6;    0.650;   0;eor
Hannover;20160321;   3;    6.4;   7.9;   7.5; 1008.00;   82.33;   6.1;    8.5;    4.9;    4.1;  13.2;   0.5;   6;    0.183;   0;eor
Hannover;20160322;   3;    5.8;   7.9;   7.2; 1004.78;   85.38;   4.5;    9.1;    3.4;    1.5;  12.3;   1.2;   6;    0.300;   0;eor
Hannover;20160323;   3;    5.8;   7.2;   5.6; 1003.16;   78.83;   4.7;   10.1;    0.3;   -3.7;  13.2;   0.0;   6;    2.783;   0;eor
Hannover;20160324;   3;    5.3;   6.9;   6.6; 1006.13;   78.00;   3.0;    9.7;    0.7;   -0.6;   8.4;   0.7;   6;    5.817;   0;eor
Hannover;20160325;   3;    7.0;   9.1;   8.0; 1004.27;   90.46;   3.8;    7.7;    5.9;    4.9;   9.1;   6.1;   6;    0.000;   0;eor
Hannover;20160326;   3;    9.1;   8.4;   5.0; 1008.86;   74.38;   5.0;   13.7;    1.8;   -2.5;  12.9;   0.0;   0;   10.750;   0;eor
Hannover;20160327;   3;    9.3;   8.1;   5.8; 1001.18;   69.58;   5.8;   11.8;    6.8;    1.0;  13.2;   1.5;   6;    1.667;   0;eor
Hannover;20160328;   3;    8.7;   7.7;   4.7;  994.67;   68.63;   7.7;   12.2;    6.2;    1.8;  19.0;   3.4;   6;    2.217;   0;eor
Hannover;20160329;   3;    6.5;   7.9;   6.4;  998.25;   81.54;   5.1;   10.1;    3.3;   -1.4;  16.3;   5.3;   6;    1.200;   0;eor
Hannover;20160330;   3;    8.3;   7.6;   6.5; 1001.36;   70.42;   4.7;   11.9;    4.2;    1.5;  13.2;   0.0;   6;    3.867;   0;eor
Hannover;20160331;   3;    7.0;   7.1;   7.6; 1006.77;   71.71;   2.1;   10.1;    4.0;    1.0;   5.8;   0.0;   0;    0.933;   0;eor
Hannover;20160401;   3;    8.2;   6.0;   4.1; 1013.52;   57.75;   2.5;   13.2;    1.6;   -1.1;   6.5;   0.0;   0;   11.467;   0;eor
Hannover;20160402;   3;    9.6;   7.8;   5.4; 1011.19;   65.46;   3.3;   16.0;    1.4;   -1.1;   8.1;   0.0;   0;    9.450;   0;eor
Hannover;20160403;   3;   14.8;  10.5;   7.0; 1004.23;   63.42;   2.4;   20.5;    7.3;    5.1;   7.7;   1.4;   6;    4.067;   0;eor
Hannover;20160404;   3;   14.9;  13.0;   6.8; 1000.40;   77.54;   2.8;   20.1;   10.0;    5.0;  10.6;   1.0;   6;    2.383;   0;eor
Hannover;20160405;   3;   11.6;  11.5;   6.4;  999.73;   84.63;   3.2;   15.8;    8.9;    6.7;  14.2;   2.9;   6;    0.000;   0;eor
Hannover;20160406;   3;   10.9;   9.1;   5.2; 1000.47;   71.17;   5.4;   14.6;    7.0;    4.2;  18.5;   0.8;   6;    6.650;   0;eor
Hannover;20160407;   3;    8.1;   7.1;   2.9; 1000.95;   66.04;   4.9;   12.1;    5.2;    0.0;  14.2;   0.0;   6;    7.700;   0;eor
Hannover;20160408;   3;    7.5;   7.2;   4.7; 1004.13;   70.08;   3.1;   11.2;    3.2;   -2.3;   7.7;   0.0;   0;    1.583;   0;eor
Hannover;20160409;   3;    8.5;   6.6;   3.7; 1002.95;   62.54;   2.3;   13.9;    0.8;   -3.4;   6.7;   0.0;   0;    6.567;   0;eor
Hannover;20160410;   3;   11.2;   7.2;   5.3; 1006.58;   55.38;   4.1;   15.9;    5.2;    1.3;   9.9;   0.0;   0;    8.567;   0;eor
Hannover;20160411;   3;    8.9;   7.4;   3.8; 1008.70;   66.96;   4.9;   13.9;    1.9;   -0.7;  12.2;   0.0;   0;    8.917;   0;eor
Hannover;20160412;   3;   12.2;   9.7;   5.3; 1003.14;   68.88;   2.6;   17.6;    6.6;    2.4;   6.5;   0.0;   0;    6.867;   0;eor
Hannover;20160413;   3;   10.3;   9.4;   6.5; 1001.01;   75.83;   3.1;   14.0;    5.6;    1.3;   8.1;   0.0;   6;    1.183;   0;eor
Hannover;20160414;   3;   10.9;   9.2;   5.8; 1003.98;   71.79;   3.1;   15.6;    7.6;    3.4;   6.7;   2.0;   6;    5.283;   0;eor
Hannover;20160415;   3;    9.6;   9.9;   6.0;  996.49;   82.83;   3.6;   14.6;    5.8;    2.0;  15.6;   6.8;   6;    0.983;   0;eor
Hannover;20160416;   3;   10.6;   8.9;   5.6;  993.79;   70.29;   4.6;   15.3;    6.6;    3.3;  14.7;   0.1;   6;    3.833;   0;eor
Hannover;20160417;   3;    6.6;   7.1;   3.8; 1003.47;   74.00;   3.5;   12.2;    2.2;   -2.2;  11.3;   0.0;   6;    7.067;   0;eor
Hannover;20160418;   3;    7.8;   6.6;   4.5; 1012.33;   64.25;   4.3;   11.8;    1.5;   -3.9;  11.1;   0.0;   6;    5.467;   0;eor
Hannover;20160419;   3;    9.4;   7.5;   5.3; 1016.33;   64.46;   6.4;   14.2;    4.3;    1.9;  15.6;   0.0;   6;    4.383;   0;eor
Hannover;20160420;   3;    7.7;   6.9;   2.9; 1022.71;   67.38;   4.3;   11.9;    1.0;   -3.0;  10.1;   0.0;   0;   10.867;   0;eor
Hannover;20160421;   3;    7.7;   6.4;   1.3; 1018.23;   65.13;   2.0;   15.3;   -0.6;   -5.1;   7.2;   0.0;   0;   12.800;   0;eor
Hannover;20160422;   3;    6.9;   6.6;   5.5; 1012.11;   68.63;   3.3;   13.2;    0.2;   -3.3;   9.8;   0.0;   0;   10.100;   0;eor
Hannover;20160423;   3;    4.9;   5.8;   5.5; 1005.45;   68.96;   4.6;   10.2;    0.8;   -1.3;  14.2;   0.0;   6;    4.183;   0;eor
Hannover;20160424;   3;    3.1;   6.1;   4.6; 1003.58;   79.92;   4.3;    7.6;   -1.0;   -4.6;  16.1;   0.8;   8;    5.900;   0;eor
Hannover;20160425;   3;    4.1;   6.3;   5.6;  998.31;   78.75;   5.0;    9.7;   -0.8;   -3.2;  14.4;   3.1;   6;    3.917;   0;eor
Hannover;20160426;   3;    3.4;   6.5;   6.6;  990.09;   83.96;   5.2;    7.3;    1.0;   -0.3;  13.9;   8.8;   8;    3.283;   0;eor
Hannover;20160427;   3;    4.0;   7.0;   7.0;  994.86;   86.04;   5.3;    7.1;    2.5;    1.2;  15.1;   3.9;   8;    0.783;   0;eor
Hannover;20160428;   3;    5.4;   6.6;   5.0; 1005.60;   74.42;   4.1;   10.5;    1.7;   -1.2;  14.2;   0.3;   8;    4.850;   0;eor
Hannover;20160429;   3;    8.5;   6.5;   6.4; 1008.12;   61.50;   5.7;   14.3;    2.1;   -1.3;  14.7;   0.0;   0;    5.267;   0;eor
Hannover;20160430;   3;    7.7;   8.1;   7.0; 1011.79;   77.96;   3.1;   11.0;    3.1;   -0.5;   9.3;   0.7;   6;    2.550;   0;eor
Hannover;20160501;   3;   10.6;   9.0;   4.0; 1017.85;   72.63;   3.7;   17.9;    4.0;    0.8;   8.7;   0.0;   0;   11.633;   0;eor
Hannover;20160502;   3;   13.1;   8.2;   1.6; 1015.97;   59.92;   2.3;   20.0;    3.1;   -1.1;   7.5;   0.0;   0;   13.350;   0;eor
Hannover;20160503;   3;    9.7;   9.0;   4.9; 1013.68;   74.67;   3.4;   12.5;    2.4;   -2.1;  12.3;   3.9;   6;    2.433;   0;eor
Hannover;20160504;   3;    8.6;   7.1;   3.0; 1021.75;   66.75;   2.1;   15.3;    1.3;   -3.1;   7.2;   0.0;   0;    8.217;   0;eor
Hannover;20160505;   3;   11.7;   7.7;   1.8; 1019.22;   58.50;   3.3;   18.5;    2.6;   -0.7;  10.6;   0.0;   0;   13.883;   0;eor
Hannover;20160506;   3;   16.5;   9.8;   2.6; 1010.61;   55.75;   4.5;   23.5;    6.9;    3.7;  12.9;   0.0;   0;   13.983;   0;eor
Hannover;20160507;   3;   18.2;   9.3;   1.5; 1007.55;   47.83;   5.3;   24.1;    9.2;    4.7;  14.9;   0.0;   0;   14.150;   0;eor
Hannover;20160508;   3;   18.1;   9.7;   0.5; 1009.63;   47.88;   6.1;   23.6;    9.8;    6.7;  17.0;   0.0;   0;   14.017;   0;eor
Hannover;20160509;   3;   18.5;  10.7;   1.0; 1010.27;   52.67;   6.3;   24.6;   10.2;    7.2;  16.6;   0.0;   0;   14.100;   0;eor
Hannover;20160510;   3;   18.3;  10.9;   4.3; 1005.73;   53.83;   5.1;   24.3;   10.8;    8.4;  12.0;   0.0;   0;   12.583;   0;eor
Hannover;20160511;   3;   18.2;  10.8;   5.2; 1001.13;   54.42;   5.2;   24.4;   10.7;    7.6;  14.6;   0.0;   0;   12.533;   0;eor
Hannover;20160512;   1;   18.3;  11.4;   4.0;  996.24;   56.13;   6.1;   24.6;   10.5;    7.3;  13.9;   0.0;   0;   11.683;   0;eor
Hannover;20160513;   1;   15.6;   8.5;   4.8;  996.19;   50.50;   4.2;   22.4;    7.4;    4.0;  12.9;   0.1;   6;   12.083;   0;eor
Hannover;20160514;   1;    8.6;   7.2;   6.2; 1002.04;   65.46;   7.0;   12.7;    5.3;    4.2;  14.7;   4.4;   6;    5.417;   0;eor
Hannover;20160515;   1;    7.0;   8.0;   5.7; 1008.03;   80.71;   6.0;   11.5;    4.7;    3.2;  17.8;   3.7;   6;    4.483;   0;eor
Hannover;20160516;   1;    8.0;   7.6;   5.2; 1010.28;   72.25;   4.2;   12.6;    4.3;    1.4;  11.3;   0.0;   6;    4.750;   0;eor
Hannover;20160517;   1;   10.3;   9.1;   6.1; 1008.42;   73.29;   3.8;   15.1;    6.0;    3.4;  11.8;   0.0;   0;    2.400;   0;eor
Hannover;20160518;   1;   13.4;  10.0;   5.7; 1003.28;   66.33;   3.0;   18.0;    6.4;    0.6;   8.7;   0.0;   6;    1.600;   0;eor
Hannover;20160519;   1;   15.0;  11.1;   5.9; 1003.28;   66.29;   2.5;   21.3;    8.7;    6.7;   7.5;   0.0;   0;    5.067;   0;eor
Hannover;20160520;   1;   14.5;  12.3;   7.1; 1009.67;   74.42;   3.6;   17.2;   10.9;    6.4;  14.1;   0.6;   6;    2.800;   0;eor
Hannover;20160521;   1;   18.0;  13.2;   6.7; 1008.68;   65.79;   3.7;   22.8;   12.7;    8.2;   9.3;   0.0;   0;    7.883;   0;eor
Hannover;20160522;   1;   19.5;  14.0;   6.9; 1001.80;   64.29;   4.2;   27.3;   12.1;    6.8;  17.0;   7.4;   6;   10.767;   0;eor
Hannover;20160523;   1;   17.0;  15.4;   6.6; 1002.43;   80.21;   3.8;   21.4;   12.2;   12.2;   9.3;   0.9;   6;    6.833;   0;eor
Hannover;20160524;   1;   11.7;  12.1;   7.7; 1006.32;   88.38;   5.5;   14.0;   10.2;   10.2;  10.8;   3.9;   6;    0.017;   0;eor
Hannover;20160525;   1;   12.0;  11.3;   7.9; 1008.36;   81.04;   2.2;   14.3;    9.7;    5.2;   5.7;   0.0;   0;    0.000;   0;eor
Hannover;20160526;   1;   14.1;  12.1;   4.5; 1009.66;   76.58;   2.1;   19.7;    7.0;    4.2;   6.7;   0.0;   0;    8.900;   0;eor
Hannover;20160527;   1;   15.7;  13.5;   5.4; 1009.70;   77.54;   2.3;   21.9;    9.5;    5.5;   6.9;   0.0;   0;    5.350;   0;eor
Hannover;20160528;   1;   18.1;  13.8;   5.4; 1007.05;   68.75;   3.4;   23.4;   12.0;   10.6;   8.9;   1.9;   6;    8.200;   0;eor
Hannover;20160529;   1;   16.2;  16.9;   7.8; 1001.52;   91.33;   2.9;   19.3;   14.3;   13.4;   7.5;   7.1;   6;    0.350;   0;eor
Hannover;20160530;   1;   19.3;  19.3;   6.7;  997.42;   86.54;   3.7;   25.8;   14.3;   11.6;  11.0;   6.4;   8;    7.500;   0;eor
Hannover;20160531;   1;   19.2;  16.8;   4.5; 1003.20;   77.92;   2.2;   25.9;   13.7;    9.8;  10.5;  25.7;   6;   11.467;   0;eor
Hannover;20160601;   1;   17.7;  19.2;   6.8; 1004.17;   94.42;   2.7;   23.4;   14.4;   12.2;  15.4;  24.3;   6;    0.567;   0;eor
Hannover;20160602;   1;   17.9;  18.4;   6.1; 1004.12;   90.25;   2.3;   22.6;   14.2;   10.6;  11.1;   6.6;   6;    2.233;   0;eor
Hannover;20160603;   1;   19.6;  16.6;   4.2; 1004.93;   75.13;   2.7;   26.0;   13.9;    9.8;   9.3;   0.0;   6;    8.450;   0;eor
Hannover;20160604;   1;   20.3;  16.1;   2.7; 1006.36;   70.13;   2.4;   26.7;   12.6;    9.2;   8.6;   0.0;   6;   10.700;   0;eor
Hannover;20160605;   1;   21.4;  16.2;   1.4; 1009.71;   66.50;   2.0;   28.7;   13.4;   10.0;   6.2;   0.2;   6;   12.683;   0;eor
Hannover;20160606;   1;   20.4;  16.6;   3.5; 1013.68;   71.46;   2.5;   27.0;   13.6;   10.1;   7.7;   0.0;   6;   10.617;   0;eor
Hannover;20160607;   1;   20.8;  14.8;   6.2; 1014.60;   62.21;   2.8;   27.6;   14.4;   10.7;   8.2;   0.4;   6;   10.500;   0;eor
Hannover;20160608;   1;   15.3;  13.5;   3.5; 1012.38;   78.46;   4.0;   18.7;   11.6;    8.5;  11.3;   0.0;   6;   11.817;   0;eor
Hannover;20160609;   1;   15.0;  13.6;   6.2; 1010.37;   80.63;   3.9;   20.9;    9.7;    5.5;  10.5;   0.0;   6;    5.783;   0;eor
Hannover;20160610;   1;   14.3;  11.0;   5.7; 1006.02;   69.29;   3.7;   20.4;    8.4;    4.6;   9.8;   0.0;   0;    7.250;   0;eor
