STATIONS_ID; MESS_DATUM; QUALITAETS_NIVEAU; LUFTTEMPERATUR;DAMPFDRUCK;BEDECKUNGSGRAD;LUFTDRUCK_STATIONSHOEHE;REL_FEUCHTE; WINDGESCHWINDIGKEIT; LUFTTEMPERATUR_MAXIMUM;LUFTTEMPERATUR_MINIMUM;LUFTTEMP_AM_ERDB_MINIMUM; WINDSPITZE_MAXIMUM; NIEDERSCHLAGSHOEHE;NIEDERSCHLAGSHOEHE_IND;SONNENSCHEINDAUER; SCHNEEHOEHE;eor
Kempten;20141209;   3;    0.0;   5.5;   6.8;  941.93;   89.96;   1.2;    2.8;   -2.4;   -4.4;   5.2;   0.0;   0;    1.067;   0;eor
Kempten;20141210;   3;   -0.4;   4.7;   5.2;  941.30;   78.71;   2.4;    3.6;   -5.1;   -7.1;   8.1;   1.2;   4;    0.400;   0;eor
Kempten;20141211;   3;    3.7;   6.3;   7.6;  936.37;   79.50;   4.0;    4.8;    2.5;    0.5;  13.7;   0.8;   4;    0.033;   0;eor
Kempten;20141212;   3;    5.0;   5.1;   5.0;  931.15;   58.29;   3.2;    7.7;    2.7;   -1.0;  11.3;   0.0;   0;    6.283;   0;eor
Kempten;20141213;   3;    4.8;   5.5;   2.8;  931.65;   64.21;   2.2;   11.0;    0.2;   -2.9;   6.4;   0.0;   0;    4.233;   0;eor
Kempten;20141214;   3;    5.6;   6.5;   7.6;  935.34;   70.92;   1.9;    9.3;    2.4;   -0.4;   5.6;   0.0;   4;    1.267;   0;eor
Kempten;20141215;   3;    6.7;   8.0;   7.8;  935.50;   81.04;   1.8;    9.5;    4.4;    2.5;   5.4;   1.1;   4;    0.050;   0;eor
Kempten;20141216;   3;    5.3;   8.2;   7.9;  931.94;   91.96;   1.6;    6.4;    3.8;    2.9;   4.4;   2.7;   4;    0.000;   0;eor
Kempten;20141217;   3;    3.4;   7.0;   7.5;  931.88;   89.17;   2.8;    5.3;    1.7;    0.0;   9.6;   5.9;   4;    0.033;   0;eor
Kempten;20141218;   3;    7.8;   9.5;   7.7;  936.93;   88.96;   3.6;   10.3;    5.0;    4.3;  11.6;   6.0;   4;    0.000;   0;eor
Kempten;20141219;   3;    9.5;   8.7;   5.5;  938.94;   73.92;   4.6;   11.9;    6.4;    5.4;  17.9;  15.3;   4;    2.883;   0;eor
Kempten;20141220;   3;    5.0;   7.2;   7.7;  942.87;   80.92;   4.2;    7.7;    2.2;    1.2;  14.1;   1.6;   4;    0.117;   0;eor
Kempten;20141221;   3;    2.8;   5.9;   5.1;  948.90;   79.54;   3.0;    5.2;    1.0;   -1.6;  10.6;   0.0;   0;    3.167;   0;eor
Kempten;20141222;   3;    5.5;   4.6;   2.5;  945.27;   54.42;   3.5;   10.7;    0.6;   -1.8;  12.7;   0.0;   0;    5.467;   0;eor
Kempten;20141223;   3;    6.8;   3.7;   0.3;  942.57;   40.42;   2.8;   14.0;   -0.1;   -3.2;  10.4;   0.0;   0;    5.750;   0;eor
Kempten;20141224;   3;    4.5;   5.1;   1.5;  941.43;   60.33;   3.3;    7.9;    1.1;   -3.5;  12.3;   1.0;   4;    1.800;   0;eor
Kempten;20141225;   3;    3.6;   6.4;   7.5;  942.66;   82.04;   3.3;    7.8;    0.6;   -0.9;  12.4;   4.1;   4;    0.000;   0;eor
Kempten;20141226;   3;   -0.8;   5.2;   7.3;  943.93;   90.00;   2.1;    1.0;   -4.5;   -1.7;   7.8;   7.7;   4;    0.000;   1;eor
Kempten;20141227;   3;   -2.5;   4.8;   6.9;  923.18;   92.75;   2.7;    1.5;   -8.3;   -2.8;  11.5;  12.4;   4;    0.000;   7;eor
Kempten;20141228;   3;   -4.1;   4.1;   7.6;  929.74;   88.71;   2.3;   -0.7;  -10.3;   -0.4;   9.4;   3.2;   4;    0.000;  19;eor
Kempten;20141229;   3;   -8.7;   2.9;   5.8;  946.45;   87.08;   2.3;   -5.0;  -16.6;   -1.4;  10.5;   4.9;   4;    0.000;  19;eor
Kempten;20141230;   3;   -3.7;   4.3;   7.8;  949.42;   92.38;   2.2;   -2.6;   -5.0;   -0.4;   6.3;   9.5;   4;    0.000;  24;eor
Kempten;20141231;   3;   -2.6;   4.6;   7.6;  949.93;   91.79;   1.2;    0.3;   -9.7;   -0.2;   3.7;   0.3;   4;    0.000;  43;eor
Kempten;20150101;   3;   -8.1;   3.0;   3.0;  951.22;   88.29;   1.5;   -1.5;  -13.0;   -0.4;   4.1;   0.0;   0;    7.167;  33;eor
Kempten;20150102;   3;   -0.3;   5.5;   5.3;  949.75;   88.17;   2.6;    6.4;   -9.2;   -0.5;  10.6;   6.8;   4;    2.117;  26;eor
Kempten;20150103;   3;    3.6;   7.4;   7.7;  943.11;   92.67;   3.6;    7.8;    0.9;    0.0;  17.7;  30.7;   4;    0.100;  10;eor
Kempten;20150104;   3;    0.8;   5.2;   7.5;  947.46;   80.21;   2.6;    2.8;   -0.7;   -1.3;  10.5;   0.1;   4;    1.167;   0;eor
Kempten;20150105;   3;   -1.0;   4.1;   3.1;  949.03;   73.96;   1.8;    6.4;   -4.1;   -6.0;   5.8;   0.0;   0;    6.433;   0;eor
Kempten;20150106;   3;   -0.7;   4.0;   1.9;  942.10;   71.13;   1.8;    6.5;   -5.3;   -7.1;   4.7;   0.0;   0;    6.433;   0;eor
Kempten;20150107;   3;    2.0;   5.1;   6.5;  945.89;   72.92;   2.2;    4.5;   -0.5;   -4.0;   7.8;   0.0;   4;    0.200;   0;eor
Kempten;20150108;   3;    4.8;   5.8;   6.9;  946.98;   67.79;   3.5;    7.7;   -0.9;   -3.2;  17.2;   1.8;   4;    0.333;   0;eor
Kempten;20150109;   3;    6.3;   7.4;   7.4;  945.77;   77.08;   5.7;    9.0;    4.9;    2.5;  20.7;  12.1;   4;    0.000;   0;eor
Kempten;20150110;   3;   11.8;   9.8;   5.4;  938.65;   70.83;   7.0;   14.5;    8.6;    7.4;  19.6;   9.0;   4;    6.300;   0;eor
Kempten;20150111;   3;    2.6;   6.2;   7.0;  939.57;   82.17;   5.0;   10.5;    0.0;   -0.7;  15.3;   6.5;   4;    1.083;   0;eor
Kempten;20150112;   3;    3.2;   4.3;   6.3;  943.41;   57.83;   3.5;    7.7;    1.0;   -2.8;  10.1;   0.0;   0;    0.150;   0;eor
Kempten;20150113;   3;    3.5;   3.9;   2.3;  936.27;   51.96;   2.7;   12.4;   -1.5;   -5.3;   6.8;   0.0;   4;    7.383;   0;eor
Kempten;20150114;   3;    3.7;   6.2;   6.8;  935.26;   78.50;   3.6;    8.4;   -0.2;   -2.5;  16.3;   9.5;   4;    0.033;   0;eor
Kempten;20150115;   3;    1.8;   5.5;   6.0;  931.00;   80.21;   2.1;    7.3;   -1.8;   -3.4;   6.0;   0.0;   0;    2.850;   0;eor
Kempten;20150116;   3;    2.1;   5.8;   5.8;  925.93;   81.21;   1.7;    7.1;   -3.0;   -4.3;   6.0;   4.9;   4;    0.967;   0;eor
Kempten;20150117;   3;    0.9;   6.2;   7.7;  931.76;   95.38;   1.3;    4.4;    0.0;    0.0;   6.9;  15.8;   4;    0.000;   0;eor
Kempten;20150118;   3;   -0.3;   5.4;   7.8;  933.29;   90.58;   1.3;    0.9;   -2.2;   -0.3;   4.0;   0.0;   0;    0.000;  11;eor
Kempten;20150119;   3;   -3.8;   4.0;   5.4;  928.92;   87.00;   1.5;    3.4;   -7.7;   -2.9;   3.6;   0.0;   0;    7.300;   8;eor
Kempten;20150120;   3;   -1.9;   4.8;   7.5;  927.63;   89.63;   1.2;    2.0;   -5.6;   -2.4;   3.9;   0.0;   4;    0.133;   6;eor
Kempten;20150121;   3;   -1.7;   4.6;   7.8;  926.65;   85.29;   1.9;   -0.2;   -3.2;   -1.9;   5.3;   0.0;   4;    0.483;   3;eor
Kempten;20150122;   3;   -2.0;   4.8;   8.0;  928.89;   90.17;   1.1;    0.4;   -3.5;   -2.3;   3.8;   0.0;   4;    0.000;   3;eor
Kempten;20150123;   3;   -1.3;   5.0;   8.0;  936.79;   90.50;   1.5;   -0.4;   -2.0;   -1.4;   3.6;   0.1;   4;    0.000;   2;eor
Kempten;20150124;   3;   -0.9;   5.0;   7.8;  937.76;   87.92;   1.5;    0.6;   -1.8;   -2.0;   5.4;   3.1;   4;    0.000;   1;eor
Kempten;20150125;   3;   -1.8;   4.5;   7.8;  943.59;   84.42;   1.7;    0.0;   -3.7;   -1.6;   6.3;   0.7;   4;    0.000;   7;eor
Kempten;20150126;   3;   -1.7;   4.1;   6.8;  940.93;   76.71;   2.6;    1.1;   -3.8;   -1.3;   9.7;   3.7;   4;    3.717;   4;eor
Kempten;20150127;   3;   -0.1;   5.1;   7.5;  938.20;   84.63;   2.9;    1.7;   -1.1;   -0.4;   9.7;   3.0;   4;    0.367;   7;eor
Kempten;20150128;   3;   -0.4;   4.7;   6.5;  932.68;   79.88;   2.6;    2.0;   -3.7;   -0.8;  11.6;   9.4;   4;    2.933;  10;eor
Kempten;20150129;   3;    0.1;   5.7;   7.4;  912.92;   91.88;   2.6;    1.6;   -1.8;   -0.2;   9.8;   6.5;   4;    0.000;  14;eor
Kempten;20150130;   3;   -1.4;   4.7;   7.3;  899.58;   84.38;   3.9;    0.4;   -2.8;    0.0;  19.0;   2.4;   4;    0.000;  20;eor
Kempten;20150131;   3;   -0.5;   4.5;   6.4;  904.52;   77.29;   2.8;    2.6;   -2.1;   -0.1;   9.6;   0.0;   4;    5.867;  27;eor
Kempten;20150201;   3;   -1.6;   4.5;   7.0;  911.41;   83.63;   3.1;    0.6;   -6.1;   -0.6;  12.2;   7.1;   4;    1.133;  21;eor
Kempten;20150202;   3;   -1.7;   4.8;   7.8;  919.08;   88.46;   3.1;    0.3;   -3.6;   -0.2;  10.3;   6.3;   4;    0.100;  35;eor
Kempten;20150203;   3;   -4.5;   3.7;   5.6;  920.32;   84.04;   1.5;   -0.9;  -10.0;   -0.2;   6.2;   0.0;   0;    6.800;  36;eor
Kempten;20150204;   3;   -4.0;   3.6;   7.0;  925.59;   79.13;   2.2;   -1.5;   -7.3;   -0.2;   7.8;   0.0;   4;    4.933;  29;eor
Kempten;20150205;   3;   -4.7;   3.6;   7.9;  928.48;   83.83;   3.0;   -3.5;   -5.5;   -0.2;  12.5;   0.1;   4;    0.000;  24;eor
Kempten;20150206;   3;   -4.7;   3.5;   7.3;  932.18;   81.67;   3.8;   -3.5;   -6.4;   -0.3;  11.1;   0.0;   4;    0.000;  23;eor
Kempten;20150207;   3;   -5.9;   3.1;   6.4;  939.99;   78.67;   2.4;   -2.8;  -11.5;   -0.4;   8.4;   0.0;   4;    3.083;  20;eor
Kempten;20150208;   3;   -5.8;   3.4;   6.3;  941.80;   86.38;   2.3;   -1.2;  -11.7;   -0.7;   6.8;   2.5;   4;    0.050;  18;eor
Kempten;20150209;   3;   -3.8;   3.5;   7.8;  945.85;   74.79;   2.6;   -0.1;  -12.6;   -0.8;   9.7;   0.0;   4;    0.000;  20;eor
Kempten;20150210;   3;   -3.1;   3.8;   0.7;  945.15;   79.08;   1.7;    4.6;  -10.1;   -0.5;   4.5;   0.0;   0;    8.867;  18;eor
Kempten;20150211;   3;   -4.8;   3.6;   1.5;  941.78;   83.29;   1.3;    6.2;  -10.3;   -1.5;   2.7;   0.0;   0;    7.167;  16;eor
Kempten;20150212;   3;   -4.0;   3.5;   0.9;  939.60;   76.79;   1.3;    9.5;  -12.9;   -2.0;   4.3;   0.0;   0;    8.967;  15;eor
Kempten;20150213;   3;   -2.7;   3.4;   0.1;  935.93;   70.67;   1.8;    9.0;  -10.9;   -2.4;   4.3;   0.0;   0;    9.033;  14;eor
Kempten;20150214;   3;   -1.6;   3.9;   4.4;  928.88;   73.33;   1.8;    4.6;   -7.0;   -1.7;   5.7;   0.0;   0;    1.633;  14;eor
Kempten;20150215;   3;   -4.9;   3.6;   4.6;  928.80;   84.50;   1.3;    0.7;   -9.0;   -2.7;   4.5;   0.0;   0;    5.500;  13;eor
Kempten;20150216;   3;   -4.3;   3.5;   1.9;  935.30;   78.46;   1.3;    6.8;  -11.9;   -2.7;   2.9;   0.0;   0;    8.983;  13;eor
Kempten;20150217;   3;   -4.3;   4.0;   3.9;  945.87;   86.83;   1.7;    2.2;  -10.7;   -3.2;   5.5;   0.0;   4;    7.200;  13;eor
Kempten;20150218;   3;   -2.6;   4.5;   8.0;  952.92;   88.42;   1.7;   -0.9;   -3.4;   -0.4;   5.1;   0.0;   4;    0.000;  13;eor
Kempten;20150219;   3;   -1.4;   4.1;   3.3;  946.70;   76.08;   1.7;    6.0;   -5.9;   -1.2;   5.5;   0.0;   4;    7.067;  12;eor
Kempten;20150220;   3;    1.7;   3.6;   0.0;  935.22;   56.46;   2.1;   11.5;   -5.7;   -3.7;   6.4;   0.0;   0;    9.467;  12;eor
Kempten;20150221;   3;   -0.5;   4.3;   4.2;  920.82;   72.63;   1.7;    7.2;   -8.4;   -5.0;   6.6;   5.9;   4;    0.083;  10;eor
Kempten;20150222;   3;   -0.3;   5.5;   7.7;  926.37;   91.42;   1.3;    0.9;   -1.7;    0.0;   4.2;   0.9;   4;    0.000;  17;eor
Kempten;20150223;   3;   -0.1;   5.5;   6.1;  922.29;   89.13;   2.3;    4.2;   -7.3;   -0.1;   8.2;   5.0;   4;    2.117;  16;eor
Kempten;20150224;   3;    1.5;   5.4;   7.2;  927.93;   79.25;   2.7;    3.3;   -2.4;   -0.8;   8.6;   0.2;   4;    0.000;  11;eor
Kempten;20150225;   3;    0.3;   5.0;   6.0;  936.27;   81.08;   1.9;    4.7;   -5.5;   -3.5;   4.6;   0.0;   4;    0.883;  10;eor
Kempten;20150226;   3;   -1.9;   3.7;   0.5;  936.30;   72.58;   2.0;    5.9;   -8.1;   -5.0;   4.4;   0.0;   0;    9.750;   8;eor
Kempten;20150227;   3;   -2.3;   4.6;   6.0;  930.81;   84.67;   2.3;    1.6;   -9.0;   -4.8;   7.2;   8.0;   4;    0.067;   8;eor
Kempten;20150228;   3;    0.8;   5.6;   6.3;  936.64;   86.96;   1.1;    4.3;   -2.5;    0.0;   4.1;   0.0;   4;    3.467;  19;eor
Kempten;20150301;   3;    3.4;   6.7;   6.8;  929.76;   84.71;   2.8;    8.1;   -3.8;   -2.2;  15.1;  13.3;   4;    0.000;  11;eor
Kempten;20150302;   3;    4.0;   7.0;   7.0;  929.16;   85.13;   4.9;    7.5;    0.1;   -1.0;  16.8;  12.2;   4;    0.033;   0;eor
Kempten;20150303;   3;    3.3;   4.7;   4.9;  939.66;   62.29;   2.9;    8.2;   -2.1;   -4.6;  10.5;   3.3;   4;    9.083;   0;eor
Kempten;20150304;   3;    1.2;   5.3;   7.3;  942.78;   80.79;   2.1;    5.0;   -0.9;   -2.3;   9.3;   0.5;   4;    0.167;   1;eor
Kempten;20150305;   3;   -0.3;   4.8;   7.5;  949.78;   80.96;   1.7;    1.8;   -1.6;   -3.0;   6.3;   0.7;   4;    0.167;   0;eor
Kempten;20150306;   3;   -0.1;   4.1;   2.5;  951.98;   69.75;   1.7;    5.5;   -4.9;   -5.4;   4.0;   0.0;   0;   10.167;   0;eor
Kempten;20150307;   3;    1.0;   4.2;   1.6;  948.66;   67.38;   2.0;   10.2;   -5.9;   -7.2;   4.5;   0.0;   0;   10.000;   0;eor
Kempten;20150308;   3;    3.5;   4.9;   0.3;  942.85;   66.63;   2.1;   14.2;   -4.5;   -5.6;   6.5;   0.0;   0;   10.200;   0;eor
Kempten;20150309;   3;    4.6;   5.2;   1.0;  942.04;   65.54;   1.7;   13.8;   -2.2;   -3.8;   5.2;   0.0;   0;    9.667;   0;eor
Kempten;20150310;   3;    5.2;   5.2;   2.8;  943.09;   62.92;   2.0;   13.8;   -2.5;   -5.0;   5.8;   0.4;   4;    8.267;   0;eor
Kempten;20150311;   3;    3.3;   6.4;   6.1;  943.85;   83.00;   1.5;    7.3;   -3.1;   -4.8;   6.6;   3.3;   4;    1.900;   0;eor
Kempten;20150312;   3;    0.9;   4.6;   0.9;  943.77;   72.92;   1.9;    7.1;   -5.1;   -7.6;   7.3;   0.0;   0;    9.167;   0;eor
Kempten;20150313;   3;    0.7;   4.7;   0.6;  937.57;   74.71;   1.5;    7.2;   -4.6;   -6.8;   6.3;   0.0;   0;    8.400;   0;eor
Kempten;20150314;   3;    0.4;   4.9;   3.0;  938.08;   78.25;   1.7;    6.7;   -5.4;   -7.5;   6.0;   0.0;   0;    5.017;   0;eor
Kempten;20150315;   3;    3.0;   5.8;   3.8;  937.96;   77.50;   1.9;    9.8;   -1.1;   -3.9;   6.3;   0.0;   0;    7.100;   0;eor
Kempten;20150316;   3;    5.4;   6.1;   7.2;  938.43;   69.29;   1.6;   12.3;   -0.8;   -2.7;   5.1;   0.0;   0;    0.617;   0;eor
Kempten;20150317;   3;    8.4;   6.0;   5.4;  939.83;   59.04;   2.2;   17.5;    1.3;   -0.3;   5.3;   0.0;   0;    5.333;   0;eor
Kempten;20150318;   3;    8.3;   6.6;   2.4;  940.72;   62.54;   2.0;   16.3;    1.4;   -1.7;   5.5;   0.0;   0;   10.100;   0;eor
Kempten;20150319;   3;    6.2;   5.9;   0.8;  940.67;   66.96;   1.6;   14.6;   -1.0;   -3.3;   5.9;   0.0;   0;   10.800;   0;eor
Kempten;20150320;   3;    5.2;   5.4;   0.4;  938.88;   65.79;   1.8;   14.3;   -2.2;   -4.6;   5.3;   0.0;   0;   10.967;   0;eor
Kempten;20150321;   3;    4.9;   6.8;   6.0;  933.86;   79.08;   2.3;   11.5;    0.5;   -2.5;   9.3;  13.1;   4;    0.750;   0;eor
Kempten;20150322;   3;    2.3;   6.6;   7.8;  935.18;   91.25;   2.1;    3.9;    0.3;    0.0;   9.6;   0.1;   4;    0.000;   0;eor
Kempten;20150323;   3;    4.6;   6.8;   4.7;  933.16;   81.00;   1.6;    9.5;    0.8;   -1.3;   5.0;   0.0;   0;    5.217;   0;eor
Kempten;20150324;   3;    7.2;   6.4;   2.8;  926.87;   67.92;   1.8;   15.9;   -0.9;   -2.6;   5.7;   0.0;   0;    8.383;   0;eor
Kempten;20150325;   3;    7.8;   6.8;   3.8;  921.85;   67.29;   2.3;   16.0;    0.0;   -1.9;   5.9;   0.1;   4;    5.800;   0;eor
Kempten;20150326;   3;    4.6;   6.9;   8.0;  927.52;   81.58;   2.8;    6.2;    3.0;    2.7;   8.0;   1.7;   4;    0.000;   0;eor
Kempten;20150327;   3;    4.2;   6.7;   7.5;  936.25;   82.04;   2.6;    7.3;    1.8;   -0.9;   9.8;   1.3;   4;    1.367;   0;eor
Kempten;20150328;   3;    6.4;   5.9;   4.8;  938.65;   65.38;   2.8;   12.6;    1.2;   -1.4;  10.3;   0.2;   4;    9.317;   0;eor
Kempten;20150329;   3;    8.0;   8.7;   7.7;  929.93;   80.88;   5.2;   11.0;    6.5;    5.3;  16.3;  23.0;   4;    0.500;   0;eor
Kempten;20150330;   3;    7.0;   7.8;   7.5;  926.36;   77.88;   5.6;    9.1;    5.0;    3.9;  18.9;  14.3;   4;    0.667;   0;eor
Kempten;20150331;   3;    8.9;   7.9;   6.1;  927.44;   69.83;   7.8;   14.4;    4.6;    2.7;  27.6;   6.3;   4;    1.383;   0;eor
Kempten;20150401;   3;    2.5;   5.4;   7.0;  937.20;   74.63;   5.3;    5.5;   -0.8;   -0.8;  18.2;   5.5;   4;    1.167;   1;eor
Kempten;20150402;   3;    1.8;   6.2;   7.8;  935.33;   89.13;   4.9;    4.7;    0.6;   -0.2;  18.2;  16.7;   4;    0.000;   2;eor
Kempten;20150403;   3;    4.2;   5.3;   5.3;  937.26;   67.67;   2.2;    9.2;   -0.4;   -2.1;   7.2;   4.4;   4;    7.833;   0;eor
Kempten;20150404;   3;    1.5;   6.4;   7.8;  930.60;   93.75;   1.2;    3.6;    0.7;    0.2;   6.0;  10.4;   4;    0.000;   0;eor
Kempten;20150405;   3;    0.5;   5.3;   5.9;  936.43;   83.42;   2.0;    4.3;   -3.9;   -4.9;   7.9;   0.2;   4;    2.000;   0;eor
Kempten;20150406;   3;   -0.1;   4.9;   5.6;  943.19;   81.29;   2.0;    4.1;   -4.0;   -6.1;   9.8;   1.1;   4;    3.233;   0;eor
Kempten;20150407;   3;    1.2;   4.4;   1.3;  950.41;   69.25;   1.9;    7.7;   -5.4;   -7.0;   7.0;   0.0;   0;   12.117;   0;eor
Kempten;20150408;   3;    5.1;   4.4;   0.2;  948.60;   55.54;   2.0;   13.6;   -2.8;   -5.8;   5.1;   0.0;   0;   11.900;   0;eor
Kempten;20150409;   3;    7.8;   5.8;   0.2;  944.43;   59.88;   2.2;   18.4;   -2.3;   -4.4;   9.7;   0.0;   0;   12.267;   0;eor
Kempten;20150410;   3;   12.2;   6.1;   1.0;  940.78;   47.88;   2.5;   20.9;    4.6;    0.8;   6.1;   0.0;   4;   11.517;   0;eor
Kempten;20150411;   3;   11.3;   7.4;   6.7;  942.81;   56.58;   3.2;   15.7;    6.7;    4.0;  13.2;   0.2;   4;    2.567;   0;eor
Kempten;20150412;   3;   11.7;   8.4;   3.0;  946.91;   63.96;   2.1;   18.8;    5.7;    3.2;   7.5;   0.0;   0;   10.850;   0;eor
Kempten;20150413;   3;   11.3;   8.1;   2.5;  947.14;   63.25;   2.9;   18.0;    5.1;    1.9;  12.8;   0.0;   0;    6.200;   0;eor
Kempten;20150414;   3;   11.1;   7.2;   0.7;  946.68;   58.92;   2.6;   18.3;    4.2;    1.1;   8.9;   0.0;   0;   12.017;   0;eor
Kempten;20150415;   3;   13.4;   6.5;   0.5;  939.54;   47.38;   2.3;   22.6;    3.7;    1.0;   5.6;   0.0;   0;   12.183;   0;eor
Kempten;20150416;   3;   15.0;   7.0;   4.0;  934.41;   42.83;   2.6;   22.2;    6.9;    2.9;   8.3;   1.4;   4;    7.850;   0;eor
Kempten;20150417;   3;   10.2;  10.8;   7.8;  932.78;   86.54;   2.5;   12.9;    5.8;    5.5;   8.4;  18.1;   4;    0.000;   0;eor
Kempten;20150418;   3;    5.3;   5.6;   4.6;  938.84;   64.08;   2.5;    9.6;   -0.4;   -3.4;   8.8;   0.0;   0;    4.600;   0;eor
Kempten;20150419;   3;    6.6;   5.1;   0.1;  936.69;   56.50;   2.1;   14.8;   -2.3;   -4.5;   8.8;   0.0;   0;   12.733;   0;eor
Kempten;20150420;   3;    7.7;   5.8;   1.0;  941.28;   60.42;   2.0;   15.8;   -1.3;   -3.5;   7.1;   0.0;   0;   12.650;   0;eor
Kempten;20150421;   3;    9.4;   6.1;   0.1;  945.35;   58.21;   2.1;   18.5;   -0.1;   -1.9;   5.8;   0.0;   0;   12.800;   0;eor
Kempten;20150422;   3;   11.8;   5.8;   0.6;  941.03;   47.96;   2.5;   21.0;    2.3;    0.2;   9.3;   0.0;   0;   12.750;   0;eor
Kempten;20150423;   3;    5.9;   5.9;   1.2;  935.93;   66.29;   1.9;   12.7;   -0.6;   -2.3;   9.0;   0.0;   0;   12.483;   0;eor
Kempten;20150424;   3;    9.1;   6.3;   0.1;  933.76;   60.67;   2.6;   19.4;   -1.7;   -3.2;  11.1;   0.0;   0;   12.600;   0;eor
Kempten;20150425;   3;   11.6;   8.8;   4.9;  931.53;   66.50;   2.6;   18.5;    3.8;    1.8;   8.5;   4.4;   4;    2.967;   0;eor
Kempten;20150426;   3;   13.6;  10.8;   3.4;  928.25;   71.63;   1.9;   19.6;    8.2;    5.6;   5.7;   0.0;   0;    9.483;   0;eor
Kempten;20150427;   3;   13.2;  11.0;   4.8;  921.17;   73.96;   1.9;   20.6;    4.8;    2.7;   7.6;  20.2;   4;    7.117;   0;eor
Kempten;20150428;   3;    6.3;   8.7;   6.6;  932.77;   89.79;   2.5;   10.8;    0.8;   -1.3;   9.2;   3.5;   4;    0.167;   0;eor
Kempten;20150429;   3;    7.6;   7.1;   1.6;  935.98;   71.08;   2.1;   15.2;   -0.8;   -2.4;   7.8;   0.1;   4;   11.583;   0;eor
Kempten;20150430;   3;   10.1;   7.5;   6.0;  934.40;   63.25;   3.2;   15.3;    6.7;    5.6;   9.4;   6.6;   4;    4.983;   0;eor
Kempten;20150501;   3;    9.4;  10.8;   7.5;  926.55;   90.96;   2.5;   12.6;    6.9;    6.7;   9.3;  21.4;   4;    0.000;-999;eor
Kempten;20150502;   3;   11.1;  11.6;   7.4;  929.91;   87.83;   2.3;   16.2;    8.2;    8.1;   8.2;  23.3;   4;    1.467;-999;eor
Kempten;20150503;   3;   13.2;  13.3;   7.3;  928.83;   88.13;   2.2;   16.9;    8.9;    8.6;  11.2;   9.2;   4;    0.000;-999;eor
Kempten;20150504;   3;   15.8;  14.7;   7.2;  930.99;   82.75;   2.1;   19.8;   12.5;   11.2;   6.2;   0.1;   4;    1.417;-999;eor
Kempten;20150505;   3;   17.5;  12.8;   6.9;  928.71;   66.58;   2.6;   25.3;   11.9;   10.9;   9.7;   5.6;   4;    2.017;-999;eor
Kempten;20150506;   3;   12.0;  10.6;   6.2;  935.62;   77.13;   2.0;   16.8;    8.3;    8.2;  11.1;   9.2;   4;    4.283;-999;eor
Kempten;20150507;   3;   11.9;   8.5;   4.7;  938.12;   63.00;   2.4;   18.0;    5.9;    4.6;   7.6;   0.0;   0;    9.033;-999;eor
Kempten;20150508;   3;   14.8;   9.3;   4.3;  934.84;   60.67;   2.5;   22.9;    6.3;    4.6;  13.7;   0.8;   4;   11.817;-999;eor
Kempten;20150509;   3;   13.7;  11.6;   6.1;  940.35;   75.00;   3.0;   17.2;   10.8;    9.4;   9.6;   0.7;   4;    1.567;-999;eor
Kempten;20150510;   3;   13.9;   9.3;   3.4;  945.30;   61.38;   2.7;   19.5;    6.2;    4.9;   8.8;   0.0;   0;   10.000;-999;eor
Kempten;20150511;   3;   15.2;   8.7;   0.5;  943.15;   57.83;   2.0;   24.8;    5.0;    3.3;   5.9;   0.0;   0;   11.850;-999;eor
Kempten;20150512;   3;   19.1;   9.7;   1.3;  939.96;   48.04;   2.8;   26.9;    9.1;    6.5;  12.4;   0.0;   0;   10.583;-999;eor
Kempten;20150513;   3;   18.9;  13.8;   5.0;  936.22;   65.21;   2.5;   24.7;   13.1;   11.6;  16.4;   6.1;   4;    7.850;-999;eor
Kempten;20150514;   3;   15.2;  12.9;   6.7;  930.94;   75.71;   2.5;   19.4;   11.6;   10.8;  10.6;  15.5;   4;    4.333;-999;eor
Kempten;20150515;   3;    9.2;  11.0;   7.8;  931.86;   94.04;   1.6;   12.8;    7.9;    7.6;   8.8;  21.0;   4;    0.000;-999;eor
Kempten;20150516;   3;   12.1;  11.0;   6.8;  941.39;   79.83;   1.8;   18.4;    7.9;    8.2;   7.5;   0.1;   4;    4.933;-999;eor
Kempten;20150517;   3;   13.3;  11.2;   6.3;  942.03;   75.21;   1.8;   18.9;    7.5;    5.7;   6.6;   0.0;   4;    2.367;-999;eor
Kempten;20150518;   3;   15.2;  11.5;   1.7;  932.03;   69.00;   1.9;   22.8;    5.2;    3.6;   8.5;   3.0;   4;   13.650;-999;eor
Kempten;20150519;   3;   11.7;  11.5;   7.6;  930.01;   83.71;   2.5;   15.4;    8.2;    7.9;   8.2;  22.6;   4;    0.133;-999;eor
Kempten;20150520;   3;    6.8;   9.1;   7.7;  933.89;   91.96;   1.5;    8.6;    4.7;    4.5;   6.5;  23.3;   4;    0.000;-999;eor
Kempten;20150521;   3;    6.0;   8.7;   7.7;  940.83;   92.83;   1.1;    8.8;    4.1;    4.1;   7.1;   6.2;   4;    0.000;-999;eor
Kempten;20150522;   3;    8.4;   9.1;   7.2;  941.55;   83.08;   1.4;   12.3;    5.7;    5.3;   7.5;   0.0;   4;    0.767;-999;eor
Kempten;20150523;   3;    9.5;   9.0;   7.4;  937.06;   76.67;   1.9;   13.5;    6.6;    6.1;   5.4;   1.3;   4;    0.000;-999;eor
Kempten;20150524;   3;   11.3;  10.1;   7.7;  936.58;   76.67;   1.7;   16.3;    7.1;    6.8;   7.0;   0.0;   4;    1.200;-999;eor
Kempten;20150525;   3;   11.6;  11.2;   7.8;  933.91;   83.29;   1.6;   19.1;    8.2;    7.4;  10.9;  19.9;   4;    1.467;-999;eor
Kempten;20150526;   3;    9.2;  10.5;   7.8;  935.85;   90.79;   1.5;   11.5;    7.0;    6.7;   6.8;   4.5;   4;    0.000;-999;eor
Kempten;20150527;   3;    8.7;   8.0;   5.5;  940.56;   73.25;   1.7;   14.3;    3.3;    1.8;   5.9;   0.0;   0;    4.483;-999;eor
Kempten;20150528;   3;   12.1;   7.3;   1.1;  936.63;   57.79;   2.8;   20.5;    2.5;    0.7;  11.3;   0.0;   0;   13.183;-999;eor
Kempten;20150529;   3;   16.0;   9.3;   5.1;  932.41;   53.96;   2.3;   22.6;    7.7;    5.2;   8.4;   0.3;   4;    9.583;-999;eor
Kempten;20150530;   3;   14.8;  10.9;   5.4;  935.02;   65.92;   3.3;   19.4;   10.8;    9.6;  12.0;   0.0;   0;    7.300;-999;eor
Kempten;20150531;   3;   15.0;  10.8;   5.3;  936.00;   66.83;   1.7;   20.7;    8.0;    6.8;   5.9;   0.0;   0;    6.950;-999;eor
Kempten;20150601;   3;   17.2;  12.9;   6.4;  936.39;   68.21;   2.3;   23.7;   11.3;    9.7;   8.2;   2.5;   4;    6.900;-999;eor
Kempten;20150602;   3;   18.1;  14.2;   2.5;  938.58;   71.42;   2.4;   24.6;   11.9;   10.8;   9.0;   0.0;   0;   11.600;-999;eor
Kempten;20150603;   3;   20.0;  13.0;   1.3;  941.89;   59.88;   2.6;   26.8;   12.7;   10.9;  10.4;   0.0;   0;   12.117;-999;eor
Kempten;20150604;   3;   19.7;  14.7;   0.0;  943.25;   66.71;   1.6;   27.2;   10.7;    9.7;   7.1;   0.0;   0;   13.850;-999;eor
Kempten;20150605;   3;   22.1;  16.5;   0.8;  940.56;   66.00;   1.7;   29.7;   13.2;   12.1;   5.6;   0.5;   4;   13.833;-999;eor
Kempten;20150606;   3;   22.2;  16.7;   4.5;  942.33;   65.33;   2.1;   29.3;   14.9;   13.9;  11.3;   1.3;   4;    7.433;-999;eor
Kempten;20150607;   3;   20.7;  15.8;   2.7;  943.15;   66.71;   2.1;   26.9;   13.4;   12.3;   7.4;   2.7;   4;   12.067;-999;eor
Kempten;20150608;   3;   15.3;  14.8;   7.4;  940.59;   85.38;   2.0;   20.6;   11.3;   11.3;  13.1;   0.1;   4;    0.650;-999;eor
Kempten;20150609;   3;   11.7;  12.4;   7.8;  940.18;   90.21;   2.0;   13.6;   10.9;   10.9;   5.8;   0.2;   4;    0.000;-999;eor
Kempten;20150610;   3;   14.1;  13.7;   7.7;  939.99;   85.42;   1.8;   17.3;   10.9;   10.8;   5.0;   0.0;   4;    0.000;-999;eor
Kempten;20150611;   3;   18.4;  15.3;   4.9;  937.09;   74.00;   1.8;   24.2;   12.5;   10.6;   9.0;   0.2;   4;    9.067;-999;eor
Kempten;20150612;   3;   19.6;  14.2;   1.7;  932.61;   67.46;   2.0;   28.8;   11.7;   10.2;   6.5;   0.4;   4;   10.250;-999;eor
Kempten;20150613;   3;   18.7;  15.1;   4.1;  932.05;   72.38;   2.3;   24.8;   12.8;   11.6;  13.3;   9.8;   4;    7.167;-999;eor
Kempten;20150614;   3;   17.0;  16.5;   5.6;  930.08;   85.38;   1.9;   23.5;   12.9;   12.3;   6.8;   6.6;   4;    5.083;-999;eor
Kempten;20150615;   3;   14.3;  15.6;   7.5;  934.20;   95.04;   1.6;   15.4;   12.8;   12.6;   9.0;  36.4;   4;    0.000;-999;eor
Kempten;20150616;   3;   15.2;  13.1;   6.3;  937.73;   77.00;   1.6;   20.1;    9.3;    7.8;   6.1;   0.1;   4;    2.617;-999;eor
Kempten;20150617;   3;   13.5;  11.8;   5.3;  940.07;   78.29;   1.7;   19.2;    9.3;    8.2;   6.3;   0.0;   4;    4.933;-999;eor
Kempten;20150618;   3;   13.2;  12.8;   6.8;  937.35;   84.67;   2.9;   15.9;   10.0;    8.3;  11.5;  10.2;   4;    0.050;-999;eor
Kempten;20150619;   3;   13.0;  11.5;   7.5;  936.40;   77.83;   2.1;   17.4;   11.0;   10.6;   8.2;   2.9;   4;    1.783;-999;eor
Kempten;20150620;   3;    9.7;  10.8;   7.6;  938.21;   89.83;   1.9;   13.2;    7.5;    6.1;   8.4;  24.9;   4;    0.350;-999;eor
Kempten;20150621;   3;   12.1;  11.6;   7.3;  937.95;   82.75;   2.8;   16.1;    8.7;    8.3;   9.9;   1.3;   4;    1.867;-999;eor
Kempten;20150622;   3;   15.4;  12.7;   5.2;  932.57;   74.08;   3.5;   20.9;   10.2;    9.5;  17.8;  24.3;   4;    6.450;-999;eor
Kempten;20150623;   3;   12.0;  10.3;   7.2;  933.56;   74.29;   3.0;   15.6;    9.7;    9.0;  10.2;   0.1;   4;    3.383;-999;eor
Kempten;20150624;   3;   13.7;  10.0;   2.8;  940.35;   66.83;   1.6;   19.6;    7.7;    6.5;   6.4;   0.0;   0;   12.250;-999;eor
Kempten;20150625;   3;   15.0;  10.3;   2.6;  941.81;   65.42;   1.8;   22.8;    6.8;    5.4;   8.5;   0.0;   0;   10.850;-999;eor
Kempten;20150626;   3;   17.6;  11.5;   2.4;  940.70;   61.21;   2.1;   24.5;    8.5;    7.3;   7.2;   0.0;   0;   12.633;-999;eor
Kempten;20150627;   3;   16.3;  14.0;   6.5;  938.52;   75.92;   2.1;   21.6;   12.3;   10.7;  12.9;   4.4;   4;    2.100;-999;eor
Kempten;20150628;   3;   17.5;  13.0;   2.7;  940.66;   68.21;   1.6;   23.1;   10.9;   10.0;   7.0;   0.0;   0;   12.517;-999;eor
Kempten;20150629;   3;   18.6;  13.4;   3.8;  941.22;   65.67;   2.3;   25.6;   11.3;    9.7;   8.0;   0.0;   0;    7.567;-999;eor
Kempten;20150630;   3;   20.5;  12.8;   0.2;  940.36;   57.50;   1.9;   28.2;   12.4;   10.7;   5.7;   0.0;   0;   13.833;-999;eor
Kempten;20150701;   3;   21.9;  15.0;   0.0;  939.55;   61.83;   1.8;   29.9;   12.1;   10.8;   5.2;   0.0;   0;   13.850;-999;eor
Kempten;20150702;   3;   23.6;  17.5;   0.2;  941.61;   64.17;   1.9;   31.2;   14.8;   13.5;   5.5;   0.0;   0;   13.817;-999;eor
Kempten;20150703;   3;   23.6;  17.9;   2.6;  944.06;   65.38;   1.9;   31.8;   17.1;   15.7;   4.7;   5.4;   4;    9.083;-999;eor
Kempten;20150704;   3;   24.4;  17.1;   0.7;  942.19;   60.88;   2.4;   32.7;   15.4;   14.2;   7.5;   0.0;   0;   12.267;-999;eor
Kempten;20150705;   3;   26.1;  17.1;   0.4;  938.23;   55.00;   2.0;   34.8;   17.2;   15.7;   6.2;  16.7;   4;   12.583;-999;eor
Kempten;20150706;   3;   22.7;  20.2;   3.4;  940.43;   74.54;   2.1;   28.5;   17.2;   16.5;  10.2;   0.0;   0;    9.900;-999;eor
Kempten;20150707;   3;   25.6;  17.6;   1.5;  934.15;   58.00;   2.5;   33.6;   16.4;   15.5;  14.7;   1.9;   4;   12.867;-999;eor
Kempten;20150708;   3;   18.1;  15.6;   7.6;  934.54;   74.58;   2.7;   23.2;   15.0;   14.7;   9.2;   1.8;   4;    0.583;-999;eor
Kempten;20150709;   3;   15.6;  11.0;   7.3;  939.39;   63.00;   3.0;   18.5;   11.3;    9.8;  10.6;   0.0;   4;    1.400;-999;eor
Kempten;20150710;   3;   16.0;  11.6;   0.9;  940.75;   66.83;   1.6;   23.2;    7.9;    6.7;   5.7;   0.0;   0;   13.900;-999;eor
Kempten;20150711;   3;   19.9;  12.7;   0.8;  937.71;   59.50;   3.3;   28.2;    9.4;    8.1;  12.4;   0.0;   0;   12.567;-999;eor
Kempten;20150712;   3;   20.9;  12.9;   2.1;  938.26;   55.00;   2.5;   27.3;   13.7;   11.3;   8.1;   1.5;   4;   12.183;-999;eor
Kempten;20150713;   3;   18.0;  14.6;   7.5;  939.01;   72.17;   1.9;   21.5;   14.2;   14.1;   9.3;   0.1;   4;    0.217;-999;eor
Kempten;20150714;   3;   21.4;  14.5;   5.0;  938.77;   58.83;   2.7;   26.9;   14.3;   13.4;   9.8;   0.0;   0;    8.600;-999;eor
Kempten;20150715;   3;   20.5;  15.4;   1.8;  939.52;   67.38;   1.7;   28.6;   13.2;   12.4;   5.1;   0.0;   0;   12.717;-999;eor
Kempten;20150716;   3;   22.7;  16.0;   1.8;  938.08;   62.92;   1.9;   30.9;   13.3;   12.0;   6.0;   0.0;   0;   11.367;-999;eor
Kempten;20150717;   3;   23.8;  14.7;   1.9;  938.28;   53.17;   2.5;   33.1;   15.2;   13.7;  14.2;   0.1;   4;    8.850;-999;eor
Kempten;20150718;   3;   21.0;  15.9;   3.5;  938.63;   64.75;   2.0;   28.2;   15.5;   13.8;  10.5;   0.0;   4;    6.767;-999;eor
Kempten;20150719;   3;   21.8;  17.4;   4.6;  934.49;   69.13;   2.9;   29.2;   14.4;   13.3;   9.6;   3.4;   4;    7.483;-999;eor
Kempten;20150720;   3;   22.1;  17.2;   2.4;  936.13;   67.50;   2.1;   28.6;   16.4;   15.4;   7.7;   0.0;   0;   12.033;-999;eor
Kempten;20150721;   3;   23.5;  16.6;   0.0;  936.60;   61.08;   2.0;   31.6;   16.4;   14.7;   6.3;   0.0;   0;   13.700;-999;eor
Kempten;20150722;   3;   22.0;  18.1;   3.0;  935.09;   71.38;   2.4;   32.4;   15.3;   13.9;  15.1;   6.9;   4;    7.900;-999;eor
Kempten;20150723;   3;   19.5;  17.8;   7.6;  936.36;   78.96;   1.9;   21.6;   16.8;   15.4;   6.6;   0.0;   4;    0.717;-999;eor
Kempten;20150724;   3;   21.2;  17.4;   3.0;  931.28;   71.29;   2.1;   29.4;   14.3;   13.3;   9.8;   0.5;   4;   10.050;-999;eor
Kempten;20150725;   3;   18.0;  13.1;   7.2;  932.35;   63.00;   3.5;   21.5;   13.6;   13.1;  14.4;   0.0;   4;    1.750;-999;eor
Kempten;20150726;   3;   15.9;  11.0;   4.5;  933.78;   62.46;   1.8;   21.7;    8.1;    6.9;   7.1;   6.7;   4;    7.717;-999;eor
Kempten;20150727;   3;   17.2;  13.2;   6.8;  929.54;   69.33;   3.2;   22.0;   12.9;   12.7;  14.4;   0.0;   4;    5.350;-999;eor
Kempten;20150728;   3;   16.4;  12.1;   7.6;  931.30;   65.00;   3.1;   18.2;   12.2;   11.0;   9.5;   0.9;   4;    0.450;-999;eor
Kempten;20150729;   3;   13.9;  13.5;   7.1;  932.23;   85.38;   2.3;   18.5;    9.8;    8.8;   8.6;   8.1;   4;    0.750;-999;eor
Kempten;20150730;   3;   13.8;  10.8;   6.2;  935.62;   70.92;   1.8;   19.6;    9.7;    8.4;   6.9;   0.0;   0;    4.650;-999;eor
Kempten;20150731;   3;   15.4;  10.5;   2.0;  935.16;   63.96;   2.0;   22.8;    6.6;    5.7;   9.7;   0.0;   0;   12.050;-999;eor
Kempten;20150801;   3;   16.1;  14.3;   7.2;  934.90;   78.92;   1.7;   20.9;   13.1;   11.8;   8.4;   0.5;   4;    1.667;-999;eor
Kempten;20150802;   3;   18.0;  14.7;   4.3;  938.68;   73.46;   1.7;   23.8;   12.1;   10.6;   6.3;   0.0;   0;    6.850;-999;eor
Kempten;20150803;   3;   20.1;  14.5;   0.0;  937.75;   66.58;   2.2;   28.7;   10.3;    9.0;   7.8;   0.0;   0;   13.283;-999;eor
Kempten;20150804;   3;   20.2;  16.5;   3.3;  936.80;   72.13;   2.7;   28.6;   13.7;   11.9;  10.9;   0.5;   4;    8.267;-999;eor
Kempten;20150805;   3;   21.2;  16.5;   0.3;  937.65;   69.58;   1.6;   29.6;   12.6;   11.5;   5.9;   0.0;   0;   13.033;-999;eor
Kempten;20150806;   3;   24.1;  15.9;   0.0;  937.33;   59.50;   2.0;   33.0;   15.2;   13.1;   7.0;   0.0;   0;   12.950;-999;eor
Kempten;20150807;   3;   24.8;  16.6;   0.7;  936.81;   58.08;   2.0;   34.0;   15.1;   13.8;   6.7;   0.0;   0;   12.833;-999;eor
Kempten;20150808;   3;   25.3;  15.9;   1.7;  938.37;   53.25;   1.9;   32.9;   17.8;   16.0;   6.5;   0.0;   0;   11.483;-999;eor
Kempten;20150809;   3;   23.0;  16.8;   3.1;  936.37;   64.04;   2.4;   32.5;   14.9;   14.0;   9.7;  10.3;   4;    9.933;-999;eor
Kempten;20150810;   3;   21.2;  19.1;   4.5;  935.44;   77.50;   2.0;   27.0;   16.2;   15.5;   7.4;   0.7;   4;    8.917;-999;eor
Kempten;20150811;   3;   21.6;  18.2;   3.4;  936.53;   73.13;   1.6;   29.1;   16.2;   14.7;   6.0;   0.0;   0;    7.467;-999;eor
Kempten;20150812;   3;   22.1;  15.8;   0.0;  938.90;   64.75;   2.1;   30.8;   14.2;   12.7;   6.4;   0.0;   0;   12.183;-999;eor
Kempten;20150813;   3;   23.4;  15.3;   1.7;  934.50;   58.25;   2.1;   32.8;   13.4;   12.0;   8.6;   0.1;   4;   11.750;-999;eor
Kempten;20150814;   3;   20.2;  17.6;   4.5;  931.70;   76.58;   2.0;   28.6;   15.4;   14.0;  10.1;  16.7;   4;    7.100;-999;eor
Kempten;20150815;   3;   16.1;  16.1;   6.9;  931.67;   88.92;   1.8;   21.2;   13.1;   12.8;   7.8;  46.6;   4;    1.250;-999;eor
Kempten;20150816;   3;   14.6;  15.3;   7.8;  931.93;   92.08;   1.5;   17.6;   13.1;   13.0;   4.6;   8.2;   4;    0.000;-999;eor
Kempten;20150817;   3;   14.0;  13.8;   7.2;  932.91;   86.71;   1.4;   16.1;   10.9;    9.4;   6.0;   0.3;   4;    0.000;-999;eor
Kempten;20150818;   3;   15.2;  13.3;   7.0;  934.44;   78.50;   1.5;   20.4;   10.9;    9.6;   5.2;   9.7;   4;    2.400;-999;eor
Kempten;20150819;   3;   13.0;  13.9;   7.7;  938.68;   92.38;   1.5;   14.5;   11.6;   11.1;   4.8;   1.9;   4;    0.000;-999;eor
Kempten;20150820;   3;   13.4;  13.0;   6.7;  942.53;   86.00;   1.5;   18.1;    9.1;    8.0;   4.8;   0.6;   4;    2.917;-999;eor
Kempten;20150821;   3;   14.3;  12.1;   1.7;  942.62;   77.17;   1.5;   21.4;    7.3;    6.5;   4.8;   0.0;   0;    8.983;-999;eor
Kempten;20150822;   3;   15.5;  11.7;   1.2;  937.60;   70.63;   1.9;   23.7;    7.7;    6.6;   7.2;   0.0;   0;   12.117;-999;eor
Kempten;20150823;   3;   17.1;  13.7;   3.0;  930.15;   73.21;   1.8;   26.1;    9.1;    7.8;   5.5;   0.0;   4;    7.983;-999;eor
Kempten;20150824;   3;   17.1;  15.7;   6.7;  929.30;   81.00;   2.1;   24.4;   12.2;   11.5;  11.0;   4.5;   4;    3.850;-999;eor
Kempten;20150825;   3;   14.2;  11.6;   3.7;  938.24;   74.79;   2.4;   20.3;    8.0;    6.6;   7.2;   0.2;   4;    7.200;-999;eor
Kempten;20150826;   3;   16.6;  12.6;   0.0;  937.79;   69.96;   1.9;   26.0;    8.0;    6.4;   5.7;   0.0;   0;   12.500;-999;eor
Kempten;20150827;   3;   20.3;  14.4;   0.4;  935.06;   63.96;   1.9;   28.9;   12.6;   10.6;   5.2;   0.0;   0;   10.617;-999;eor
Kempten;20150828;   3;   21.1;  14.4;   1.1;  938.85;   61.42;   2.1;   30.2;   13.3;   11.5;   7.4;   0.0;   0;   11.167;-999;eor
Kempten;20150829;   3;   21.2;  17.0;   0.0;  941.43;   71.17;   1.7;   30.4;   12.3;   11.2;   6.0;   0.0;   0;   12.467;-999;eor
Kempten;20150830;   3;   23.0;  16.5;   0.1;  939.68;   64.21;   2.0;   31.2;   15.6;   14.1;   6.9;   0.0;   0;   12.433;-999;eor
Kempten;20150831;   3;   22.1;  14.5;   0.0;  935.95;   58.92;   2.2;   30.0;   15.7;   13.8;   7.3;   0.0;   0;   12.333;-999;eor
Kempten;20150901;   3;   18.6;  15.1;   3.9;  933.51;   72.83;   2.6;   27.6;   13.4;   13.3;  11.9;  11.2;   4;    6.700;-999;eor
Kempten;20150902;   3;   13.6;  14.1;   7.4;  935.89;   90.67;   1.3;   15.5;   12.0;   11.1;   3.9;   7.3;   4;    0.033;-999;eor
Kempten;20150903;   3;   13.4;  14.2;   7.3;  934.18;   92.75;   1.3;   16.8;   11.2;   11.0;   5.8;  14.0;   4;    0.383;-999;eor
Kempten;20150904;   3;   14.1;  11.8;   7.0;  935.04;   75.71;   1.7;   19.3;   10.8;   10.4;   5.3;   3.8;   4;    4.600;-999;eor
Kempten;20150905;   3;   10.5;  10.9;   7.6;  936.58;   85.96;   2.1;   13.5;    9.2;    8.4;   7.5;   3.8;   4;    0.300;-999;eor
Kempten;20150906;   3;    9.3;  10.1;   7.3;  941.46;   86.46;   2.3;   12.2;    7.0;    6.8;   7.6;   2.5;   4;    1.983;-999;eor
Kempten;20150907;   3;   10.3;   9.2;   6.0;  943.65;   75.88;   1.6;   16.1;    5.4;    3.7;  11.0;   0.0;   0;    7.567;-999;eor
Kempten;20150908;   3;   11.5;  10.1;   2.2;  941.45;   76.46;   1.6;   17.7;    5.0;    3.3;   7.9;   0.0;   0;   10.600;-999;eor
Kempten;20150909;   3;   10.7;   9.0;   0.6;  938.68;   73.33;   2.0;   17.5;    3.9;    2.6;   8.3;   0.0;   0;   11.400;-999;eor
Kempten;20150910;   3;    7.7;   9.2;   4.9;  937.19;   88.08;   1.7;   11.4;    3.4;    2.2;   6.6;   0.0;   0;    0.000;-999;eor
Kempten;20150911;   3;   11.6;  10.2;   4.5;  936.33;   77.58;   2.2;   20.1;    2.8;    1.7;  10.5;   1.3;   4;    7.333;-999;eor
Kempten;20150912;   3;   16.3;  11.8;   2.5;  936.14;   67.38;   1.8;   24.4;    8.7;    7.3;   6.2;   0.0;   0;    9.567;-999;eor
Kempten;20150913;   3;   15.3;  13.9;   3.7;  930.95;   80.79;   1.4;   21.8;    9.1;    7.7;   5.5;   4.3;   4;    4.450;-999;eor
Kempten;20150914;   3;   13.2;  13.5;   7.3;  928.93;   88.75;   2.4;   17.3;   11.2;   10.6;   7.8;  14.1;   4;    1.817;-999;eor
Kempten;20150915;   3;   12.9;  12.0;   8.0;  930.38;   81.83;   1.3;   16.4;    9.2;    7.6;   6.8;   0.0;   4;    0.000;-999;eor
Kempten;20150916;   3;   15.2;  14.5;   4.5;  922.45;   84.33;   1.3;   23.5;    8.8;    7.3;   5.6;   0.0;   4;    2.000;-999;eor
Kempten;20150917;   3;   12.1;  12.2;   3.7;  927.50;   86.54;   2.3;   21.0;    8.5;    7.0;  14.0;   2.4;   4;    5.283;-999;eor
Kempten;20150918;   3;   11.7;  12.1;   6.9;  937.74;   88.29;   1.6;   16.3;    7.2;    5.7;   5.0;   2.9;   4;    1.300;-999;eor
Kempten;20150919;   3;   11.4;  11.5;   6.7;  940.88;   86.13;   1.5;   16.7;    6.6;    5.0;   6.6;   2.6;   4;    1.450;-999;eor
Kempten;20150920;   3;   11.2;  11.5;   7.3;  941.82;   87.33;   0.9;   14.8;    8.0;    6.6;   4.1;   0.0;   4;    0.183;-999;eor
Kempten;20150921;   3;   10.5;  10.2;   1.7;  935.40;   82.96;   1.5;   18.5;    4.1;    2.5;   5.6;   0.0;   0;    9.833;-999;eor
Kempten;20150922;   3;   11.4;  11.3;   6.2;  927.79;   84.71;   1.6;   16.5;    6.5;    5.0;   8.7;   8.7;   4;    0.717;-999;eor
Kempten;20150923;   3;    8.4;   9.6;   7.5;  931.93;   87.58;   2.6;   11.4;    6.8;    6.1;   9.0;   0.1;   4;    0.733;-999;eor
Kempten;20150924;   3;    9.1;   9.8;   6.4;  939.22;   85.46;   1.2;   13.5;    4.1;    2.5;   3.7;   0.0;   0;    0.950;-999;eor
Kempten;20150925;   3;    9.5;   9.7;   4.3;  940.36;   82.71;   1.3;   16.4;    2.9;    1.4;   4.8;   0.0;   0;    5.500;-999;eor
Kempten;20150926;   3;   10.3;  10.7;   6.4;  940.85;   85.50;   1.7;   16.2;    3.5;    2.3;   7.7;   0.0;   0;    2.417;-999;eor
Kempten;20150927;   3;    9.7;   9.3;   3.7;  944.65;   78.29;   2.1;   14.5;    3.8;    1.7;   9.9;   0.0;   0;    4.550;-999;eor
Kempten;20150928;   3;    7.6;   7.5;   1.7;  947.91;   74.38;   2.3;   13.5;    1.4;   -1.0;  11.0;   0.0;   0;    8.417;-999;eor
Kempten;20150929;   3;    8.6;   7.6;   0.7;  946.07;   70.21;   3.1;   14.4;    2.7;   -0.2;  11.6;   0.0;   0;    9.767;-999;eor
Kempten;20150930;   3;    8.0;   7.6;   3.5;  945.03;   72.33;   2.6;   13.3;    2.7;   -0.2;   9.6;   0.0;   0;    5.800;-999;eor
Kempten;20151001;   3;    7.7;   7.6;   0.2;  942.35;   74.17;   1.5;   15.9;   -0.6;   -2.6;   7.7;   0.0;   0;   10.033;-999;eor
Kempten;20151002;   3;   10.2;   9.8;   3.5;  938.64;   79.83;   1.5;   18.5;    1.8;    0.3;   6.6;   0.0;   4;    8.100;   0;eor
Kempten;20151003;   3;   12.9;  11.0;   3.2;  935.52;   76.71;   1.9;   19.8;    8.1;    6.5;   7.0;   0.1;   4;   10.083;   0;eor
Kempten;20151004;   3;   10.0;   9.9;   3.7;  936.84;   81.63;   2.4;   15.7;    3.9;    2.3;   9.1;   1.5;   4;    5.033;   0;eor
Kempten;20151005;   3;   11.9;  10.3;   6.4;  933.91;   75.83;   1.4;   19.8;    3.9;    2.3;   5.0;   0.3;   4;    4.950;   0;eor
Kempten;20151006;   3;   15.2;  13.5;   6.8;  928.74;   79.67;   2.0;   21.2;   11.7;   11.0;  12.9;   1.0;   4;    3.217;   0;eor
Kempten;20151007;   3;   12.6;  12.3;   7.9;  933.64;   84.21;   2.4;   14.9;   10.8;   10.2;   8.0;   0.0;   4;    1.000;   0;eor
Kempten;20151008;   3;   10.8;  11.1;   7.9;  938.21;   85.46;   1.0;   12.2;    9.4;    8.8;   4.9;   0.0;   4;    0.000;   0;eor
Kempten;20151009;   3;   10.1;  10.6;   6.3;  937.31;   86.04;   1.0;   13.8;    5.3;    3.9;   4.8;   0.0;   0;    0.150;   0;eor
Kempten;20151010;   3;    9.0;  10.7;   7.4;  933.18;   92.96;   1.5;   11.2;    4.7;    3.4;   6.1;   1.3;   4;    0.000;   0;eor
Kempten;20151011;   3;    8.3;   9.8;   8.0;  931.13;   89.71;   2.2;   10.4;    6.0;    6.0;   8.1;   0.0;   4;    0.000;   0;eor
Kempten;20151012;   3;    7.2;   9.1;   8.0;  932.86;   90.13;   1.6;    9.4;    5.1;    5.2;   4.6;   0.5;   4;    0.000;   0;eor
Kempten;20151013;   3;    8.2;  10.3;   7.5;  931.63;   94.67;   1.1;   11.0;    2.8;    2.5;   6.9;  21.5;   4;    0.000;   0;eor
Kempten;20151014;   3;    4.8;   7.1;   6.8;  932.45;   83.17;   1.7;    7.8;    1.5;   -0.1;   6.8;   7.3;   4;    2.683;   0;eor
Kempten;20151015;   3;    3.3;   7.1;   7.8;  930.94;   91.92;   1.0;    4.7;    1.3;    0.8;   3.5;   1.3;   4;    0.000;   0;eor
Kempten;20151016;   3;    3.5;   7.3;   7.8;  934.98;   92.38;   1.1;    4.8;    2.5;    2.6;   4.9;   1.3;   4;    0.000;   0;eor
Kempten;20151017;   3;    4.7;   7.7;   7.8;  935.41;   90.71;   0.8;    7.7;    2.0;    1.2;   3.2;  10.8;   4;    0.150;   0;eor
Kempten;20151018;   3;    5.3;   8.5;   7.8;  935.25;   95.79;   0.9;    6.5;    4.4;    4.3;   4.6;   7.0;   4;    0.000;   0;eor
Kempten;20151019;   3;    4.1;   7.5;   6.8;  937.30;   91.58;   1.2;    8.0;   -0.8;   -1.4;   4.8;   1.1;   4;    1.217;   0;eor
Kempten;20151020;   3;    4.0;   7.0;   6.3;  938.87;   87.00;   1.1;   10.0;   -0.5;   -0.5;   4.5;   0.0;   0;    5.517;   0;eor
Kempten;20151021;   3;    4.3;   7.2;   4.8;  938.00;   87.21;   1.3;    9.5;   -1.2;   -2.2;   4.7;   0.0;   0;    3.033;   0;eor
Kempten;20151022;   3;    6.9;   7.8;   7.2;  937.50;   79.75;   1.9;   11.4;    2.1;    2.4;   6.6;   0.0;   4;    3.167;   0;eor
Kempten;20151023;   3;    9.0;  10.0;   6.3;  941.25;   87.42;   1.5;   13.1;    2.7;    0.8;   5.3;   0.1;   4;    0.617;   0;eor
Kempten;20151024;   3;    8.9;   9.1;   4.2;  938.70;   81.88;   1.6;   18.8;    2.8;    0.9;   3.6;   0.0;   0;    7.650;   0;eor
Kempten;20151025;   3;   10.7;  10.0;   6.0;  942.05;   78.17;   1.9;   15.7;    6.0;    4.0;   6.5;   0.1;   4;    2.150;   0;eor
Kempten;20151026;   3;    9.1;  10.1;   4.3;  937.92;   88.08;   1.4;   15.7;    5.1;    3.4;   6.0;   0.0;   0;    6.667;   0;eor
Kempten;20151027;   3;    5.5;   9.0;   7.8;  935.37;   99.17;   1.1;    8.5;    2.5;    1.2;   3.5;   0.0;   0;    0.150;   0;eor
Kempten;20151028;   3;    6.9;   8.4;   3.0;  931.02;   86.04;   1.0;   17.6;    0.3;   -1.0;   5.6;   5.6;   4;    3.867;   0;eor
Kempten;20151029;   3;    9.1;  11.1;   7.8;  937.32;   95.63;   1.5;   10.1;    8.3;    7.1;   6.9;   3.1;   4;    0.000;   0;eor
Kempten;20151030;   3;    8.5;  10.2;   8.0;  942.81;   91.63;   1.9;   10.2;    7.4;    7.3;   5.5;   0.0;   0;    0.000;   0;eor
Kempten;20151031;   3;    8.0;   9.8;   6.1;  944.74;   91.50;   1.6;   13.3;    4.4;    3.9;   4.2;   0.0;   0;    4.883;   0;eor
Kempten;20151101;   3;    5.8;   8.2;   2.3;  947.33;   88.79;   1.1;   15.9;   -0.5;   -1.5;   3.6;   0.0;   0;    8.867;   0;eor
Kempten;20151102;   3;    4.9;   6.6;   0.0;  944.84;   79.88;   1.8;   16.5;   -2.6;   -4.4;   3.8;   0.0;   0;    8.800;   0;eor
Kempten;20151103;   3;    7.5;   6.5;   1.6;  939.70;   68.04;   1.5;   20.4;   -1.3;   -2.9;   4.6;   0.0;   0;    7.850;   0;eor
Kempten;20151104;   3;    9.3;   8.4;   2.9;  940.63;   74.33;   1.7;   17.2;    2.4;    0.9;   7.7;   0.0;   0;    7.283;   0;eor
Kempten;20151105;   3;    8.3;   8.4;   1.5;  940.88;   79.63;   1.6;   17.0;    3.5;    0.9;   3.8;   0.0;   0;    7.850;   0;eor
Kempten;20151106;   3;   11.3;   9.5;   6.4;  943.74;   73.00;   1.9;   18.2;    4.3;    2.5;   7.3;   0.0;   0;    3.450;   0;eor
Kempten;20151107;   3;   12.7;  10.5;   4.7;  946.32;   72.67;   1.8;   19.4;    8.1;    5.7;   4.9;   0.0;   0;    4.767;   0;eor
Kempten;20151108;   3;   12.3;  11.1;   1.7;  947.23;   77.92;   1.7;   20.5;    6.2;    4.4;   4.3;   0.0;   0;    8.367;   0;eor
Kempten;20151109;   3;   14.5;  10.4;   4.3;  946.60;   63.75;   3.3;   18.4;    8.4;    4.6;  11.7;   0.0;   0;    1.000;   0;eor
Kempten;20151110;   3;   11.5;   9.3;   0.2;  946.17;   70.67;   2.2;   18.9;    3.2;    0.6;   8.1;   0.0;   0;    7.883;   0;eor
Kempten;20151111;   3;    6.7;   7.8;   0.0;  944.85;   80.79;   1.7;   16.0;    1.3;   -1.0;   5.9;   0.0;   0;    8.333;   0;eor
Kempten;20151112;   3;    4.8;   7.1;   1.1;  945.16;   83.54;   1.6;   13.8;   -0.9;   -2.7;   4.9;   0.0;   0;    8.167;   0;eor
Kempten;20151113;   3;    8.0;   7.9;   5.9;  944.86;   74.46;   2.9;   14.8;   -0.1;   -2.0;  10.7;   0.6;   4;    5.267;   0;eor
Kempten;20151114;   3;    8.4;   8.3;   7.0;  946.58;   75.29;   3.2;    9.8;    6.9;    5.8;  11.7;   0.0;   4;    2.067;   0;eor
Kempten;20151115;   3;   12.6;   7.8;   4.2;  939.55;   52.88;   4.7;   16.2;    8.4;    5.9;  16.5;   0.0;   0;    4.217;   0;eor
Kempten;20151116;   3;   11.5;   8.6;   0.4;  937.91;   64.71;   2.7;   18.8;    4.5;    1.6;   9.3;   0.0;   0;    6.750;   0;eor
Kempten;20151117;   3;   10.7;   8.7;   7.1;  937.18;   67.96;   3.7;   14.6;    3.0;    1.1;  13.2;   0.1;   4;    0.717;   0;eor
Kempten;20151118;   3;   12.5;   9.6;   1.9;  939.42;   66.42;   4.0;   15.0;    8.8;    4.7;  17.0;   0.0;   0;    5.633;   0;eor
Kempten;20151119;   3;   12.3;   8.5;   5.8;  938.97;   58.75;   4.6;   14.7;   10.1;    6.2;  15.6;   4.9;   4;    5.500;   0;eor
Kempten;20151120;   3;   10.0;  10.7;   7.3;  926.66;   86.88;   5.3;   13.1;    1.5;    1.5;  17.5;  63.6;   4;    0.000;   0;eor
Kempten;20151121;   3;    1.5;   6.1;   7.6;  917.90;   89.75;   2.6;    4.7;   -1.7;   -3.6;  10.1;   4.6;   4;    0.850;   0;eor
Kempten;20151122;   3;   -1.1;   5.0;   7.3;  924.94;   89.29;   2.1;    0.5;   -3.2;   -4.8;   8.8;   5.3;   4;    0.333;   1;eor
Kempten;20151123;   3;   -2.9;   4.4;   4.2;  938.24;   88.17;   2.0;    1.8;  -10.4;   -6.2;   5.5;   0.3;   4;    4.133;   8;eor
Kempten;20151124;   3;   -5.6;   3.4;   2.8;  938.48;   82.46;   2.0;    0.1;  -11.8;   -6.9;   5.1;   0.3;   4;    7.667;   1;eor
Kempten;20151125;   3;    1.0;   6.0;   7.8;  927.29;   91.42;   2.2;    2.5;   -1.6;   -1.8;   7.2;   6.5;   4;    0.000;   1;eor
Kempten;20151126;   3;    0.7;   6.2;   7.9;  931.66;   96.21;   1.0;    1.5;    0.1;   -0.8;   4.9;   0.6;   4;    0.000;   3;eor
Kempten;20151127;   3;   -0.9;   5.0;   7.7;  934.54;   86.38;   1.7;    0.5;   -2.4;   -3.5;   6.0;   0.0;   0;    0.383;   0;eor
Kempten;20151128;   3;   -0.5;   4.9;   6.7;  934.88;   83.08;   3.4;    1.6;   -4.5;   -5.8;  10.9;   0.9;   4;    0.000;   0;eor
Kempten;20151129;   3;    3.5;   6.1;   6.8;  939.68;   76.21;   4.7;    7.2;    0.0;   -3.3;  17.3;   1.8;   4;    0.000;   0;eor
Kempten;20151130;   3;    7.5;   7.3;   7.5;  942.26;   70.58;   5.7;    8.8;    6.0;    4.7;  18.9;   5.8;   4;    0.083;   0;eor
Kempten;20151201;   3;    6.9;   8.2;   7.4;  945.98;   82.46;   4.8;    9.0;    4.2;    1.2;  19.7;   6.1;   4;    0.017;   0;eor
Kempten;20151202;   3;    4.0;   7.6;   6.9;  947.25;   94.29;   1.4;    8.0;   -0.4;   -0.3;   3.8;   0.0;   0;    1.317;   0;eor
Kempten;20151203;   3;   -0.2;   5.6;   3.5;  946.86;   93.75;   1.3;    7.8;   -3.3;   -4.7;   3.9;   0.0;   0;    6.000;   0;eor
Kempten;20151204;   3;    3.8;   6.3;   4.2;  949.15;   78.21;   2.1;   11.5;   -3.9;   -5.8;   9.4;   1.3;   4;    3.083;   0;eor
Kempten;20151205;   3;    4.0;   7.3;   2.4;  949.26;   90.92;   1.6;   11.6;   -0.6;   -1.8;   5.4;   0.0;   0;    6.350;   0;eor
Kempten;20151206;   3;    5.1;   6.9;   0.0;  948.18;   78.54;   2.7;   12.2;    0.6;   -1.9;  11.4;   0.0;   0;    7.333;   0;eor
Kempten;20151207;   3;    3.9;   6.4;   0.4;  950.30;   80.46;   1.9;   12.6;   -2.0;   -3.3;   5.3;   0.0;   0;    7.300;   0;eor
Kempten;20151208;   3;    2.6;   6.0;   1.8;  949.02;   82.25;   1.8;   11.1;   -3.3;   -4.9;   6.3;   0.0;   4;    5.767;   0;eor
Kempten;20151209;   3;    2.9;   7.1;   6.3;  952.77;   93.50;   1.9;    6.3;   -1.4;   -3.1;   7.3;   4.5;   4;    0.000;   0;eor
Kempten;20151210;   3;   -0.6;   5.2;   3.0;  951.86;   90.25;   1.8;    5.9;   -4.0;   -5.6;   4.8;   0.0;   0;    7.217;   0;eor
Kempten;20151211;   3;    2.6;   5.0;   2.7;  947.02;   67.92;   2.6;    9.6;   -4.1;   -6.9;  12.8;   0.0;   0;    6.700;   0;eor
Kempten;20151212;   3;    4.3;   5.7;   4.4;  943.58;   69.17;   2.8;    8.0;   -1.8;   -4.3;   8.7;   0.0;   0;    5.933;   0;eor
Kempten;20151213;   3;    0.7;   4.9;   0.5;  939.97;   77.00;   2.0;    9.0;   -4.1;   -6.0;   8.8;   0.0;   0;    6.467;   0;eor
Kempten;20151214;   3;    0.0;   4.6;   1.5;  940.44;   77.54;   1.8;    9.1;   -5.2;   -7.2;   4.4;   0.0;   0;    7.133;   0;eor
Kempten;20151215;   3;    2.9;   5.9;   4.9;  943.39;   78.96;   1.9;    9.8;   -1.1;   -3.8;   5.9;   0.0;   4;    2.750;   0;eor
Kempten;20151216;   3;    5.8;   8.6;   7.6;  946.13;   91.92;   2.4;    8.7;    0.2;   -0.6;   6.3;  12.3;   4;    0.000;   0;eor
Kempten;20151217;   3;    7.4;   9.5;   4.2;  945.78;   92.17;   2.2;   13.2;    0.6;   -0.8;   6.1;   0.0;   4;    4.250;   0;eor
Kempten;20151218;   3;    6.6;   8.4;   6.6;  943.94;   86.67;   1.9;   12.1;    0.2;   -1.4;   6.5;   0.3;   4;    1.050;   0;eor
Kempten;20151219;   3;    5.5;   7.7;   2.8;  942.65;   86.71;   1.6;   12.9;    0.8;   -1.3;   3.7;   0.0;   0;    6.317;   0;eor
Kempten;20151220;   3;    4.4;   6.8;   0.3;  941.49;   83.25;   2.0;   14.1;   -0.8;   -2.3;   4.7;   0.0;   0;    7.100;   0;eor
Kempten;20151221;   3;    6.9;   8.3;   5.9;  945.85;   82.92;   2.6;   10.4;    3.6;    1.3;  12.6;   1.0;   4;    0.000;   0;eor
Kempten;20151222;   3;    7.5;   7.2;   2.5;  947.80;   70.21;   2.3;   13.3;    1.5;   -1.2;   7.7;   0.0;   0;    6.950;   0;eor
Kempten;20151223;   3;    7.1;   6.7;   3.5;  947.32;   67.42;   2.4;   13.0;    0.6;   -2.2;   9.8;   0.0;   4;    6.700;   0;eor
Kempten;20151224;   3;    3.6;   6.4;   3.4;  945.39;   80.67;   1.9;   10.6;   -1.6;   -3.0;   5.1;   0.0;   0;    3.117;   0;eor
Kempten;20151225;   3;    5.7;   6.7;   0.5;  949.39;   74.13;   2.1;   13.6;    0.4;   -2.3;   5.1;   0.0;   0;    7.067;   0;eor
Kempten;20151226;   3;    3.3;   5.8;   0.0;  948.98;   75.83;   1.7;   12.0;   -1.8;   -3.8;   6.5;   0.0;   0;    7.133;   0;eor
Kempten;20151227;   3;    3.0;   5.1;   0.0;  948.88;   69.29;   1.9;   11.7;   -2.6;   -4.5;   5.7;   0.0;   0;    7.133;   0;eor
Kempten;20151228;   3;    1.0;   4.6;   0.2;  946.31;   73.21;   2.0;   12.4;   -4.3;   -6.0;   4.4;   0.0;   0;    7.133;   0;eor
Kempten;20151229;   3;    1.2;   5.0;   1.5;  945.23;   75.96;   2.0;    9.6;   -5.4;   -7.1;   9.0;   0.0;   0;    7.017;   0;eor
Kempten;20151230;   3;    0.3;   5.3;   2.3;  943.55;   85.92;   1.4;    6.3;   -5.5;   -6.2;   5.5;   0.0;   0;    7.150;   0;eor
Kempten;20151231;   3;    0.5;   6.4;   6.4;  941.73;   96.00;   1.5;    4.8;   -6.6;   -7.8;   5.4;   2.3;   4;    0.150;   0;eor
Kempten;20160101;   3;    3.8;   7.3;   6.3;  941.20;   91.79;   1.4;    6.2;    0.6;   -1.8;   5.3;   0.0;   4;    2.850;   0;eor
Kempten;20160102;   3;    1.7;   6.5;   7.1;  932.12;   93.92;   1.5;    5.1;   -0.6;   -1.7;   5.7;   9.4;   4;    0.783;   0;eor
Kempten;20160103;   3;    2.1;   6.5;   6.9;  925.62;   92.50;   1.7;    6.5;   -0.5;   -2.0;   4.4;   2.1;   4;    2.733;   0;eor
Kempten;20160104;   3;    2.0;   6.5;   7.0;  914.33;   92.38;   2.6;    3.6;   -0.1;   -2.0;  11.5;   3.6;   4;    0.000;   0;eor
Kempten;20160105;   3;    1.9;   6.2;   6.4;  916.53;   88.71;   2.1;    5.9;   -0.7;   -2.6;   7.5;   0.1;   4;    0.883;   0;eor
Kempten;20160106;   3;    1.6;   6.2;   7.4;  919.61;   90.58;   1.8;    5.3;   -1.2;   -3.0;   4.8;   3.3;   4;    0.867;   0;eor
Kempten;20160107;   3;    2.5;   6.6;   6.4;  919.24;   90.71;   2.4;    5.8;   -0.9;   -2.5;  13.1;   7.6;   4;    3.300;   0;eor
Kempten;20160108;   3;    3.8;   6.7;   7.3;  924.94;   84.08;   2.1;    6.9;    2.4;    0.1;   7.5;  16.0;   4;    2.200;   0;eor
Kempten;20160109;   3;    5.3;   8.4;   7.4;  922.59;   94.46;   2.4;    7.0;    2.2;    0.0;   7.8;   2.7;   4;    0.000;   0;eor
Kempten;20160110;   3;    3.7;   7.3;   7.0;  919.33;   91.42;   2.3;    6.4;    1.1;   -0.8;   8.7;   9.4;   4;    0.167;   0;eor
Kempten;20160111;   3;    4.1;   7.2;   7.1;  913.97;   88.08;   3.3;    5.8;    2.8;    1.0;  19.7;   6.3;   4;    0.000;   0;eor
Kempten;20160112;   3;    2.8;   6.3;   7.2;  920.50;   84.58;   4.7;    4.5;    0.8;    0.0;  17.5;  12.7;   4;    0.017;   0;eor
Kempten;20160113;   3;    0.9;   5.1;   7.5;  932.91;   78.58;   5.4;    1.7;   -0.5;   -4.0;  21.7;   1.5;   4;    0.000;   0;eor
Kempten;20160114;   3;   -1.7;   4.3;   5.0;  929.70;   78.88;   2.3;    1.0;   -6.6;   -8.4;  10.1;   3.1;   4;    3.683;   0;eor
Kempten;20160115;   3;   -1.1;   4.4;   7.5;  929.23;   77.71;   5.0;    0.6;   -2.6;   -4.9;  16.1;   7.7;   4;    0.000;   3;eor
Kempten;20160116;   3;   -1.9;   4.6;   7.7;  936.42;   86.96;   2.6;   -0.5;   -2.9;   -1.2;  14.0;   0.9;   4;    0.067;  18;eor
Kempten;20160117;   3;   -4.0;   3.7;   7.7;  938.18;   81.25;   2.6;   -2.1;   -9.9;   -2.3;  11.1;   1.7;   4;    0.533;  13;eor
Kempten;20160118;   3;  -12.7;   1.9;   0.7;  934.80;   81.08;   1.8;   -4.9;  -18.4;   -4.9;   4.2;   0.0;   0;    7.400;  11;eor
Kempten;20160119;   3;   -5.3;   3.8;   7.8;  931.11;   87.00;   1.2;   -0.6;  -17.3;   -5.0;   5.3;   2.5;   4;    0.000;   9;eor
Kempten;20160120;   3;   -3.3;   4.4;   6.5;  934.31;   91.33;   0.9;    0.1;  -10.8;   -4.5;   3.5;   0.0;   4;    1.500;   9;eor
Kempten;20160121;   3;   -6.6;   3.2;   3.7;  940.78;   86.54;   1.4;    0.1;  -13.3;   -5.9;   5.1;   0.0;   0;    4.133;   7;eor
Kempten;20160122;   3;   -8.5;   2.7;   2.3;  944.54;   84.13;   1.6;   -0.6;  -14.6;   -6.3;   4.5;   1.1;   4;    7.217;   7;eor
Kempten;20160123;   3;    2.0;   6.1;   6.1;  949.81;   86.04;   3.0;    5.5;   -3.3;   -5.9;  11.4;   0.3;   4;    1.617;   6;eor
Kempten;20160124;   3;    0.9;   4.7;   5.8;  950.65;   72.92;   2.0;    6.2;   -5.4;   -8.1;   7.5;   0.0;   4;    0.567;   1;eor
Kempten;20160125;   3;    4.7;   6.6;   2.6;  947.43;   78.25;   1.4;   12.4;    0.5;   -1.4;   5.5;   0.0;   0;    5.900;   0;eor
Kempten;20160126;   3;    5.6;   6.3;   2.0;  946.06;   71.17;   2.3;   13.7;    0.2;   -2.5;   7.4;   0.0;   0;    5.250;   0;eor
Kempten;20160127;   3;    7.1;   6.6;   6.1;  942.58;   66.71;   2.4;   12.8;    0.8;   -1.2;   8.7;   0.0;   0;    1.317;   0;eor
Kempten;20160128;   3;    8.2;   7.5;   7.2;  942.68;   69.63;   2.5;   11.4;    4.8;    1.7;   9.8;   2.1;   4;    0.000;   0;eor
Kempten;20160129;   3;    6.3;   8.6;   5.2;  946.67;   90.63;   2.5;    9.6;    2.2;   -0.1;   8.4;   0.3;   4;    3.867;   0;eor
Kempten;20160130;   3;    5.1;   7.2;   3.5;  938.23;   82.63;   3.1;   10.0;    0.3;   -2.2;  14.2;  28.6;   4;    6.233;   0;eor
Kempten;20160131;   3;    3.6;   7.7;   7.6;  933.57;   95.96;   3.3;    9.3;    0.3;    0.0;  15.8;  28.0;   4;    0.000;   0;eor
Kempten;20160201;   3;   10.0;  10.0;   6.9;  941.33;   81.00;   5.7;   12.7;    6.8;    5.6;  20.4;   0.0;   4;    2.250;   0;eor
Kempten;20160202;   3;    8.0;   8.0;   5.9;  940.03;   74.46;   3.9;   10.7;    6.7;    3.8;  11.3;   1.2;   4;    4.583;   0;eor
Kempten;20160203;   3;    2.3;   6.5;   7.7;  937.85;   90.00;   3.0;    8.7;   -0.7;   -1.8;  13.6;  10.6;   4;    0.000;   0;eor
Kempten;20160204;   3;    0.5;   5.5;   7.8;  943.02;   86.33;   4.6;    2.2;   -0.5;   -1.8;  15.4;   4.8;   4;    0.000;   1;eor
Kempten;20160205;   3;    2.7;   6.8;   4.9;  944.14;   91.33;   2.8;    6.8;   -0.7;   -2.4;   8.7;   0.0;   4;    1.917;   0;eor
Kempten;20160206;   3;    3.6;   6.4;   0.7;  935.63;   81.58;   1.9;   12.3;   -1.2;   -3.2;   5.3;   0.0;   0;    8.033;   0;eor
Kempten;20160207;   3;    3.8;   6.3;   6.6;  926.30;   79.25;   2.4;   11.1;   -0.7;   -3.1;   9.9;   1.0;   4;    0.000;   0;eor
Kempten;20160208;   3;    6.1;   6.5;   5.3;  926.86;   71.63;   3.6;   12.3;   -1.0;   -3.1;  19.2;   6.2;   4;    3.583;   0;eor
Kempten;20160209;   3;    6.3;   7.1;   7.0;  919.48;   76.63;   3.0;   10.9;    1.5;    0.0;  18.4;   3.5;   4;    0.067;   0;eor
Kempten;20160210;   3;    0.7;   4.9;   7.7;  919.01;   76.67;   4.3;    1.9;   -0.5;   -2.4;  14.2;   2.5;   4;    0.267;   0;eor
Kempten;20160211;   3;    1.0;   3.9;   5.6;  925.38;   60.83;   2.9;    5.3;   -3.1;   -4.6;  10.6;   0.0;   4;    6.300;   0;eor
Kempten;20160212;   3;    1.3;   4.6;   5.5;  918.67;   70.08;   1.8;    6.0;   -2.3;   -3.3;   5.9;   2.6;   4;    5.783;   0;eor
Kempten;20160213;   3;    3.2;   6.7;   6.8;  911.65;   87.17;   2.4;    6.4;    0.5;   -0.1;  16.3;   4.1;   4;    1.500;   0;eor
Kempten;20160214;   3;    3.8;   6.5;   6.8;  910.98;   81.88;   2.4;    9.4;    0.8;   -2.0;   7.6;   2.8;   4;    2.583;   0;eor
Kempten;20160215;   3;    2.1;   6.3;   7.2;  927.75;   89.42;   1.8;    4.9;   -0.8;   -2.7;   6.6;   0.9;   4;    0.000;   0;eor
Kempten;20160216;   3;    0.6;   5.9;   8.0;  943.85;   91.79;   2.9;    1.5;   -0.2;   -0.3;   9.7;   0.0;   4;    0.000;   0;eor
Kempten;20160217;   3;    0.4;   5.7;   8.0;  934.93;   90.75;   1.8;    1.5;   -0.3;   -0.4;   7.4;   0.2;   4;    0.000;   0;eor
Kempten;20160218;   3;    1.1;   5.5;   7.3;  933.49;   84.21;   1.3;    3.3;   -1.8;   -3.1;   4.4;   0.0;   4;    0.133;   0;eor
Kempten;20160219;   3;    0.5;   5.6;   7.5;  937.93;   87.92;   2.4;    2.4;   -1.4;   -4.4;   9.4;   1.7;   4;    0.000;   0;eor
Kempten;20160220;   3;    1.3;   5.7;   6.7;  939.60;   82.79;   3.8;    7.2;   -5.1;   -8.4;  19.3;  18.9;   4;    0.000;   1;eor
Kempten;20160221;   3;   10.4;   9.1;   4.9;  937.60;   72.92;   5.2;   13.7;    6.8;    5.8;  16.7;   0.1;   4;    3.950;   0;eor
Kempten;20160222;   3;   11.6;   7.1;   4.0;  932.33;   52.83;   3.3;   16.0;    5.7;    1.5;  12.7;   0.5;   4;    6.650;   0;eor
Kempten;20160223;   3;    4.8;   7.3;   7.2;  931.13;   85.13;   3.4;    8.4;   -1.9;   -3.7;  14.9;  11.2;   4;    0.117;   0;eor
Kempten;20160224;   3;    0.5;   5.4;   7.0;  933.90;   86.21;   1.4;    3.4;   -2.5;   -3.7;   4.2;  11.9;   4;    5.233;   1;eor
Kempten;20160225;   3;   -0.1;   5.8;   7.6;  928.73;   95.13;   0.9;    1.2;   -1.4;   -0.1;   3.3;  11.7;   4;    0.000;   6;eor
Kempten;20160226;   3;   -2.0;   4.4;   5.1;  928.13;   85.00;   1.2;    2.1;   -6.9;   -2.7;   6.6;   0.0;   0;    6.767;  14;eor
Kempten;20160227;   3;   -2.0;   4.5;   3.9;  922.55;   85.17;   1.4;    6.0;   -8.5;   -4.7;   4.9;   0.0;   0;    6.467;   8;eor
Kempten;20160228;   3;    1.0;   5.6;   6.5;  924.68;   85.79;   1.3;    4.9;   -2.7;   -3.8;   7.0;   0.2;   4;    0.217;   2;eor
Kempten;20160229;   3;    0.3;   6.1;   7.8;  928.83;   97.50;   1.5;    1.7;   -1.8;    0.0;   6.5;  20.6;   4;    0.000;   0;eor
Kempten;20160301;   3;   -0.5;   5.3;   7.3;  936.43;   90.46;   2.4;    2.2;   -2.5;   -0.2;   9.0;   2.6;   4;    1.800;  14;eor
Kempten;20160302;   3;    2.9;   6.7;   7.3;  925.48;   88.54;   3.3;    7.2;   -0.4;   -2.1;  18.9;  12.1;   4;    1.083;  11;eor
Kempten;20160303;   3;    0.5;   5.2;   7.7;  922.13;   81.58;   2.8;    3.8;   -1.0;   -3.1;  13.8;   2.1;   4;    0.983;   5;eor
Kempten;20160304;   3;    1.3;   5.3;   5.3;  920.86;   80.08;   1.6;    5.2;   -4.4;   -7.5;   6.4;   0.0;   0;    4.133;   5;eor
Kempten;20160305;   3;    1.1;   6.1;   7.2;  915.23;   93.21;   1.4;    4.7;   -1.4;   -3.5;   5.3;  13.0;   4;    0.000;   0;eor
Kempten;20160306;   3;    0.6;   5.1;   6.0;  920.86;   79.75;   3.2;    3.5;   -1.8;   -6.5;  11.6;   1.2;   4;    3.250;   3;eor
Kempten;20160307;   3;   -0.4;   4.4;   6.9;  922.29;   75.25;   1.6;    3.0;   -5.2;   -8.7;   6.8;   0.0;   4;    2.083;   2;eor
Kempten;20160308;   3;   -1.3;   4.3;   6.3;  930.55;   78.13;   1.6;    3.5;   -6.8;   -9.0;   5.5;   0.0;   4;    4.983;   1;eor
Kempten;20160309;   3;   -0.5;   4.7;   2.4;  927.02;   81.08;   1.6;    4.6;   -5.0;   -8.5;   5.4;   0.0;   0;    9.317;   0;eor
Kempten;20160310;   3;   -0.1;   4.9;   0.5;  932.00;   80.42;   1.8;    7.1;   -6.8;   -8.2;   5.3;   0.0;   0;   10.083;   0;eor
Kempten;20160311;   3;    1.9;   5.8;   7.5;  938.51;   83.08;   1.6;    5.8;   -2.2;   -4.0;   6.8;   0.0;   0;    0.767;   0;eor
Kempten;20160312;   3;    2.6;   6.3;   8.0;  940.94;   85.29;   1.6;    3.8;    1.4;    0.2;   6.1;   0.1;   4;    0.000;   0;eor
Kempten;20160313;   3;    2.8;   6.0;   7.8;  941.99;   81.13;   3.4;    4.3;    1.6;    1.4;  10.7;   0.0;   4;    0.450;   0;eor
Kempten;20160314;   3;    2.4;   5.5;   4.3;  941.96;   76.33;   3.3;    6.0;   -2.3;   -4.6;  10.2;   0.0;   0;    5.567;   0;eor
Kempten;20160315;   3;   -0.8;   5.2;   5.8;  938.59;   89.83;   1.6;    3.0;   -3.8;   -5.4;   5.5;   6.7;   4;    0.000;   0;eor
Kempten;20160316;   3;    0.7;   5.1;   3.8;  937.40;   79.25;   2.9;    5.4;   -2.7;   -4.6;  10.4;   0.1;   4;    5.750;   3;eor
Kempten;20160317;   3;    1.8;   5.2;   0.2;  940.29;   77.79;   1.8;   11.0;   -5.2;   -6.5;   5.4;   0.0;   0;   11.017;   0;eor
Kempten;20160318;   3;    3.8;   5.2;   0.0;  937.12;   69.63;   2.0;   12.5;   -3.4;   -5.5;   5.0;   0.0;   0;   11.033;   0;eor
Kempten;20160319;   3;    5.1;   5.7;   0.6;  935.79;   68.33;   2.0;   13.7;   -2.1;   -4.1;   5.7;   0.0;   0;   11.017;   0;eor
Kempten;20160320;   3;    3.7;   6.5;   4.3;  934.68;   83.88;   1.5;   11.2;    0.0;   -1.9;   5.2;   0.0;   0;    5.783;   0;eor
Kempten;20160321;   3;    3.0;   6.1;   7.2;  934.38;   81.17;   1.3;    6.7;    0.8;   -0.6;   5.3;   0.0;   0;    0.017;   0;eor
Kempten;20160322;   3;    4.0;   5.6;   7.8;  930.18;   70.46;   1.3;    7.9;    0.5;   -1.0;   5.5;   0.0;   0;    0.467;   0;eor
Kempten;20160323;   3;    2.7;   5.8;   7.6;  926.63;   78.75;   1.1;    5.9;    0.2;   -2.6;   5.0;   0.8;   4;    0.567;   0;eor
Kempten;20160324;   3;    4.3;   5.6;   7.5;  932.08;   68.71;   1.7;    8.7;    0.6;   -1.1;   7.3;   0.0;   4;    1.417;   0;eor
Kempten;20160325;   3;    3.5;   6.6;   7.5;  934.05;   84.08;   3.0;    5.9;    0.6;   -1.0;   9.0;  12.4;   4;    0.000;   0;eor
Kempten;20160326;   3;    6.5;   7.2;   4.0;  936.40;   77.13;   1.9;   12.5;    1.6;   -0.9;   8.0;   0.5;   4;    6.700;   0;eor
Kempten;20160327;   3;    6.2;   6.6;   4.4;  932.12;   70.08;   2.9;   11.8;    0.2;   -1.9;  11.5;   2.6;   4;    3.600;   0;eor
Kempten;20160328;   3;    6.7;   6.7;   4.1;  927.71;   70.71;   2.4;   12.8;   -1.1;   -2.4;  13.6;   1.2;   4;    6.267;   0;eor
Kempten;20160329;   3;    9.1;   7.5;   5.2;  931.32;   65.38;   3.9;   12.7;    5.7;    4.0;  19.3;   2.1;   4;    5.133;   0;eor
Kempten;20160330;   3;   10.3;   9.1;   7.5;  932.00;   73.75;   2.4;   14.6;    3.5;    2.0;   8.9;   0.0;   4;    0.967;   0;eor
Kempten;20160331;   3;   11.9;   7.6;   3.8;  927.46;   60.88;   2.0;   22.4;    3.1;    1.1;   7.4;   0.0;   0;    5.700;   0;eor
Kempten;20160401;   3;    9.2;   9.3;   7.5;  933.23;   79.92;   2.1;   13.3;    5.2;    3.3;   7.4;   0.0;   0;    0.017;   0;eor
Kempten;20160402;   3;   10.9;  10.5;   5.0;  934.43;   80.46;   1.8;   18.5;    6.5;    6.4;   5.2;   0.0;   0;    4.167;   0;eor
Kempten;20160403;   3;   13.8;   9.5;   3.8;  930.90;   62.92;   2.2;   22.7;    6.9;    4.7;   6.8;   0.0;   0;    6.517;   0;eor
Kempten;20160404;   3;   13.2;  10.1;   3.5;  927.29;   69.46;   1.6;   20.2;    6.7;    4.8;   6.2;   0.0;   0;    8.417;   0;eor
Kempten;20160405;   3;   11.7;  10.0;   3.3;  927.25;   73.75;   2.0;   17.4;    4.4;    2.8;   8.6;   5.1;   4;    4.000;   0;eor
Kempten;20160406;   3;    8.1;   8.9;   6.0;  932.93;   82.83;   2.1;   12.0;    3.6;    1.7;   5.7;   1.8;   4;    1.567;   0;eor
Kempten;20160407;   3;    6.5;   7.8;   7.2;  931.05;   81.58;   2.3;   10.0;    2.2;    1.6;   7.8;   8.1;   4;    0.000;   0;eor
Kempten;20160408;   3;    4.0;   6.9;   7.8;  929.31;   85.50;   1.4;    6.3;    2.0;    1.3;   5.3;   1.2;   4;    0.000;   0;eor
Kempten;20160409;   3;    4.9;   7.4;   7.8;  926.37;   85.63;   1.7;    7.5;    3.0;    2.5;   7.4;   0.0;   4;    0.067;   0;eor
Kempten;20160410;   3;    8.2;   7.8;   4.1;  929.20;   73.63;   1.7;   13.8;    2.7;    0.7;   6.4;   0.0;   0;    7.300;   0;eor
Kempten;20160411;   3;    8.9;   8.4;   0.9;  929.36;   74.79;   1.7;   17.5;   -0.5;   -1.7;   6.2;   0.0;   4;   11.233;   0;eor
Kempten;20160412;   3;   10.4;   8.4;   3.4;  929.93;   69.50;   2.0;   17.8;    3.2;    2.3;   8.1;   0.0;   4;    8.717;   0;eor
Kempten;20160413;   3;    9.4;   8.9;   6.1;  928.07;   76.58;   2.4;   15.7;    6.3;    4.3;  10.9;   6.0;   4;    5.217;   0;eor
Kempten;20160414;   3;    7.2;   8.5;   7.0;  931.53;   84.25;   2.3;   12.1;    3.0;    1.9;   8.2;   3.6;   4;    2.733;   0;eor
Kempten;20160415;   3;    8.2;   8.8;   7.6;  928.59;   80.42;   2.1;   11.4;    3.4;    2.7;   8.3;   0.3;   4;    0.000;   0;eor
Kempten;20160416;   3;    9.9;   9.6;   5.5;  925.74;   80.25;   2.1;   17.3;    2.7;    1.4;   8.9;   1.4;   4;    6.083;   0;eor
Kempten;20160417;   3;    7.6;   9.7;   7.1;  928.90;   92.79;   1.8;   10.1;    4.2;    2.8;   7.9;  32.3;   4;    0.000;   0;eor
Kempten;20160418;   3;    5.2;   8.0;   7.9;  936.85;   90.83;   2.1;    8.2;    1.6;    2.0;   8.3;   7.2;   4;    0.000;   0;eor
Kempten;20160419;   3;    6.7;   7.0;   4.3;  942.70;   74.17;   1.9;   12.7;    1.3;   -0.3;   6.8;   0.0;   0;    8.600;   0;eor
Kempten;20160420;   3;    7.8;   6.9;   0.2;  943.93;   68.67;   1.9;   15.9;   -0.7;   -2.0;   7.3;   0.0;   0;   12.750;   0;eor
Kempten;20160421;   3;   10.0;   7.9;   0.4;  939.38;   67.63;   1.5;   19.8;    0.1;   -1.8;   5.7;   0.0;   0;   12.000;   0;eor
Kempten;20160422;   3;   11.7;   9.1;   4.7;  933.85;   68.71;   2.2;   18.6;    3.8;    2.0;   7.8;   0.0;   0;    6.633;   0;eor
Kempten;20160423;   3;    6.9;   8.5;   7.5;  927.53;   84.58;   1.9;   12.3;    0.4;    0.0;   8.9;  14.7;   4;    0.000;   0;eor
Kempten;20160424;   3;    1.2;   6.0;   7.5;  930.44;   89.71;   1.7;    4.5;    0.2;   -0.2;   8.5;   2.0;   4;    0.800;   0;eor
Kempten;20160425;   3;    1.4;   5.4;   6.7;  929.91;   80.33;   3.3;    4.8;   -1.1;   -0.5;  11.5;   1.5;   4;    4.483;   0;eor
Kempten;20160426;   3;    2.9;   6.1;   7.5;  923.61;   82.54;   3.1;    6.0;    0.0;    0.0;  13.9;  17.2;   4;    0.017;   0;eor
Kempten;20160427;   3;    1.2;   5.3;   5.0;  929.45;   80.38;   3.1;    4.6;   -1.4;   -3.8;  11.0;   0.3;   4;    5.417;   7;eor
Kempten;20160428;   3;    2.7;   4.9;   4.6;  933.40;   68.79;   2.3;    9.4;   -2.6;   -4.4;   8.5;   0.0;   0;    6.917;   0;eor
Kempten;20160429;   3;    6.5;   5.7;   1.0;  935.23;   64.00;   1.9;   15.5;   -2.3;   -3.4;   6.1;   0.0;   0;   13.133;   0;eor
Kempten;20160430;   3;    9.6;   6.9;   3.5;  932.59;   61.83;   2.4;   17.5;    0.0;   -1.2;  15.0;   0.6;   4;    7.867;   0;eor
Kempten;20160501;   3;    5.2;   8.2;   7.9;  934.88;   92.83;   2.3;    6.3;    4.1;    4.1;   6.5;  13.1;   4;    0.000;   0;eor
Kempten;20160502;   3;    8.4;   9.0;   7.4;  938.88;   82.79;   1.6;   13.1;    4.1;    4.1;   4.8;   0.0;   0;    1.283;   0;eor
Kempten;20160503;   3;    8.0;   8.7;   6.1;  939.15;   82.88;   2.4;   15.8;    4.8;    3.2;  11.2;  11.0;   4;    2.917;-999;eor
Kempten;20160504;   3;    6.9;   6.8;   5.7;  943.64;   71.29;   1.6;   12.4;    0.0;   -1.3;   5.6;   0.0;   0;    5.333;-999;eor
Kempten;20160505;   3;    8.5;   7.5;   0.4;  939.49;   69.58;   2.3;   16.9;   -1.3;   -2.8;   9.6;   0.0;   0;   13.400;-999;eor
Kempten;20160506;   3;   12.4;   7.9;   0.0;  934.33;   61.42;   1.9;   21.1;    2.1;    0.4;   7.0;   0.0;   0;   13.417;-999;eor
Kempten;20160507;   3;   14.8;   8.3;   2.9;  930.75;   53.46;   2.0;   22.0;    6.2;    4.4;   9.0;   0.0;   4;   10.300;-999;eor
Kempten;20160508;   3;   14.0;   8.8;   0.8;  930.53;   59.33;   2.4;   22.4;    4.4;    3.1;   9.1;   0.0;   0;    9.950;-999;eor
Kempten;20160509;   3;   14.3;   9.6;   2.8;  931.69;   63.17;   1.9;   22.5;    4.5;    3.2;   6.8;   0.0;   0;    8.967;-999;eor
Kempten;20160510;   3;   14.4;  11.3;   4.8;  929.56;   70.71;   1.7;   21.1;    8.0;    6.3;   7.4;   0.0;   4;    4.433;-999;eor
Kempten;20160511;   3;   14.3;  11.8;   3.8;  923.20;   74.79;   1.9;   21.6;    6.4;    5.2;   7.6;   0.0;   4;    4.617;-999;eor
Kempten;20160512;   1;    9.7;  10.7;   7.6;  918.91;   88.79;   3.0;   12.8;    7.8;    7.1;  11.8;  15.1;   4;    0.000;-999;eor
Kempten;20160513;   1;    9.8;  11.1;   7.8;  920.11;   91.79;   2.4;   12.8;    7.8;    7.3;   8.1;  11.2;   4;    0.133;-999;eor
Kempten;20160514;   1;    9.3;  10.8;   7.4;  928.00;   91.46;   1.7;   13.4;    5.6;    5.2;   7.8;  18.7;   4;    1.267;-999;eor
Kempten;20160515;   1;    6.1;   6.9;   7.6;  936.88;   74.21;   2.1;    8.8;    3.7;    3.6;   9.3;   0.4;   4;    0.683;-999;eor
Kempten;20160516;   1;    5.3;   7.2;   7.4;  938.46;   80.92;   2.7;    8.5;    2.5;    0.8;  12.1;   7.5;   4;    0.000;-999;eor
Kempten;20160517;   1;    8.3;   7.9;   6.5;  937.23;   74.54;   2.5;   13.8;    3.9;    2.7;   9.4;   0.0;   0;    4.700;-999;eor
Kempten;20160518;   1;   12.0;   9.1;   4.6;  931.77;   68.42;   2.0;   18.9;    4.7;    3.2;   7.6;   4.1;   4;   10.533;-999;eor
Kempten;20160519;   1;    8.1;   9.7;   7.8;  932.39;   89.88;   2.5;   11.0;    6.5;    6.4;   8.1;  10.1;   4;    0.000;-999;eor
Kempten;20160520;   1;   11.5;   9.8;   5.3;  939.46;   73.96;   1.7;   17.7;    6.5;    5.5;   5.9;   0.0;   0;    8.300;-999;eor
Kempten;20160521;   1;   14.9;  10.0;   0.8;  937.31;   63.96;   1.9;   23.8;    5.9;    4.5;   6.0;   0.0;   0;   13.333;-999;eor
Kempten;20160522;   1;   18.8;  10.5;   2.3;  930.75;   52.50;   2.1;   28.5;    8.2;    6.4;  10.0;   0.0;   4;   10.300;-999;eor
Kempten;20160523;   1;    7.5;   8.9;   7.9;  932.61;   85.79;   2.9;   14.0;    4.8;    5.0;   9.1;  20.1;   4;    0.000;-999;eor
Kempten;20160524;   1;    7.9;   9.5;   7.6;  933.43;   89.29;   2.6;   10.9;    5.2;    4.2;  10.0;   1.1;   4;    0.000;-999;eor
Kempten;20160525;   1;   12.9;  10.9;   4.9;  933.33;   75.38;   1.5;   20.2;    5.2;    4.5;   7.0;   0.0;   4;   10.033;-999;eor
Kempten;20160526;   1;   17.3;  12.2;   2.7;  934.56;   64.50;   1.5;   24.1;   10.2;    8.8;   5.4;   0.0;   0;   13.000;-999;eor
Kempten;20160527;   1;   18.3;  13.7;   4.8;  933.93;   68.00;   2.1;   25.5;   10.2;    8.9;  13.7;   5.2;   4;   10.633;-999;eor
Kempten;20160528;   1;   17.5;  15.2;   5.3;  931.97;   77.58;   1.9;   22.8;   11.8;   10.7;   8.8;   0.2;   4;    7.450;-999;eor
Kempten;20160529;   1;   15.5;  14.9;   6.3;  926.39;   85.54;   2.1;   21.8;   11.9;   11.5;  11.7;  45.3;   4;    3.650;-999;eor
Kempten;20160530;   1;   13.8;  12.8;   7.2;  927.73;   82.00;   3.0;   18.8;   10.1;    9.1;  11.9;   0.4;   4;    2.317;-999;eor
Kempten;20160531;   1;   13.2;  12.2;   7.7;  931.27;   81.50;   1.6;   16.9;    8.8;    8.0;   6.5;  11.7;   4;    0.433;-999;eor
Kempten;20160601;   1;   13.7;  12.8;   7.3;  933.00;   82.79;   1.7;   19.8;   10.8;   10.5;   7.0;   6.6;   4;    4.067;-999;eor
Kempten;20160602;   1;   13.8;  13.1;   7.5;  931.03;   83.67;   1.9;   18.6;   11.0;   10.9;   5.2;   4.1;   4;    1.433;-999;eor
Kempten;20160603;   1;   13.5;  14.0;   7.5;  930.67;   90.75;   1.4;   19.2;   11.5;   11.0;   6.1;  11.7;   4;    1.383;-999;eor
Kempten;20160604;   1;   14.7;  14.1;   7.4;  932.38;   85.29;   1.6;   19.5;   11.6;   10.9;   6.8;   3.3;   4;    1.883;-999;eor
Kempten;20160605;   1;   14.3;  14.1;   6.5;  936.04;   87.21;   1.4;   19.0;   11.1;   10.3;   6.2;   6.0;   4;    3.483;-999;eor
Kempten;20160606;   1;   16.5;  13.9;   2.8;  938.29;   76.71;   1.9;   24.0;    8.7;    8.1;   7.9;   0.0;   0;   10.300;-999;eor
Kempten;20160607;   1;   16.9;  14.9;   2.1;  940.03;   78.54;   1.7;   24.0;   10.0;    9.1;   7.6;   2.1;   4;    7.650;-999;eor
Kempten;20160608;   1;   15.1;  14.6;   7.4;  938.27;   85.29;   2.1;   19.4;   13.3;   12.8;   9.1;  24.9;   4;    1.500;-999;eor
Kempten;20160609;   1;   13.2;  14.0;   5.6;  935.69;   91.96;   1.7;   16.3;    8.7;    7.5;   4.8;   9.7;   4;    2.800;-999;eor
Kempten;20160610;   1;   15.1;  11.1;   0.7;  932.34;   68.13;   1.9;   22.2;    7.2;    5.7;   5.9;   1.3;   4;   13.833;-999;eor
