STATIONS_ID; MESS_DATUM; QUALITAETS_NIVEAU; LUFTTEMPERATUR;DAMPFDRUCK;BEDECKUNGSGRAD;LUFTDRUCK_STATIONSHOEHE;REL_FEUCHTE; WINDGESCHWINDIGKEIT; LUFTTEMPERATUR_MAXIMUM;LUFTTEMPERATUR_MINIMUM;LUFTTEMP_AM_ERDB_MINIMUM; WINDSPITZE_MAXIMUM; NIEDERSCHLAGSHOEHE;NIEDERSCHLAGSHOEHE_IND;SONNENSCHEINDAUER; SCHNEEHOEHE;eor
Kiel;20141209;   3;    2.7;   7.1;   8.0; 1018.73;   95.79;   3.9;    3.4;    2.0;    1.9;  12.3;   2.4;   4;    0.000;   0;eor
Kiel;20141210;   3;    4.2;   7.2;   5.1; 1004.68;   87.54;   5.9;    6.0;    2.8;    1.8;  18.1;   4.9;   4;    0.383;   0;eor
Kiel;20141211;   3;    3.5;   7.0;   6.3;  996.30;   89.75;   5.2;    5.2;    1.5;    0.2;  15.3;  22.2;   4;    0.017;   0;eor
Kiel;20141212;   3;    5.2;   8.1;   7.4;  988.60;   91.58;   5.8;    8.9;    1.5;    0.6;  19.4;  13.6;   4;    0.000;   0;eor
Kiel;20141213;   3;    4.0;   7.3;   4.0; 1000.58;   89.50;   4.2;    5.7;    1.7;   -1.2;  12.3;   0.3;   4;    1.650;   0;eor
Kiel;20141214;   3;    2.3;   6.5;   4.3; 1008.73;   89.79;   4.4;    4.2;   -0.1;   -1.5;  12.5;   1.3;   4;    2.583;   0;eor
Kiel;20141215;   3;    3.9;   7.5;   7.2; 1003.70;   92.29;   4.7;    5.4;    2.2;    0.9;  11.9;   5.9;   4;    0.000;   0;eor
Kiel;20141216;   3;    4.3;   7.7;   6.7; 1002.58;   92.79;   4.1;    6.0;    2.6;    0.7;  12.7;   3.8;   4;    0.067;   0;eor
Kiel;20141217;   3;    3.6;   7.4;   7.1;  999.15;   93.17;   3.4;    7.4;    2.5;    0.6;   9.9;   1.4;   4;    0.000;   0;eor
Kiel;20141218;   3;    9.4;  11.6;   7.8;  998.88;   97.79;   5.0;   11.0;    7.3;    6.3;  16.3;  19.2;   4;    0.000;   0;eor
Kiel;20141219;   3;    8.0;   9.7;   6.0;  998.98;   88.71;   6.2;   10.8;    3.6;    2.3;  18.8;   7.2;   4;    0.217;   0;eor
Kiel;20141220;   3;    5.1;   7.2;   4.8; 1002.78;   81.29;   7.8;    7.1;    2.8;    2.2;  21.8;   7.5;   4;    0.367;   0;eor
Kiel;20141221;   3;    6.3;   8.4;   4.9; 1012.43;   87.63;   6.2;    8.5;    4.5;    2.4;  19.9;  18.1;   4;    0.000;   0;eor
Kiel;20141222;   3;    9.5;  11.5;   7.5; 1001.10;   96.54;   8.5;   10.4;    8.2;    7.5;  19.3;  22.4;   4;    0.000;   0;eor
Kiel;20141223;   3;    9.3;  11.4;   7.8; 1002.71;   97.08;   7.5;    9.8;    8.9;    8.3;  16.9;  19.9;   4;    0.000;   0;eor
Kiel;20141224;   3;    7.5;   9.4;   5.8; 1002.21;   89.13;   7.1;    9.4;    4.2;    3.1;  19.5;  13.1;   4;    1.267;   0;eor
Kiel;20141225;   3;    3.3;   6.9;   7.5; 1010.88;   88.25;   5.3;    6.1;    0.2;   -0.3;  14.6;   5.3;   4;    0.000;   0;eor
Kiel;20141226;   3;   -0.7;   5.0;   6.9; 1021.82;   86.83;   2.7;    1.2;   -2.3;   -3.9;   7.1;   0.5;   4;    1.467;   0;eor
Kiel;20141227;   3;   -0.9;   4.8;   4.7; 1010.22;   84.92;   3.4;    0.6;   -3.0;   -3.7;   9.0;   0.0;   0;    2.883;   0;eor
Kiel;20141228;   3;   -0.5;   5.0;   5.1; 1020.37;   84.63;   2.8;    2.0;   -2.5;   -5.0;   7.5;   0.7;   4;    4.267;   0;eor
Kiel;20141229;   3;    1.3;   5.8;   6.8; 1025.15;   85.67;   4.3;    3.6;   -0.4;   -0.6;  12.9;   2.5;   4;    2.150;   0;eor
Kiel;20141230;   3;    4.5;   7.5;   7.7; 1025.40;   88.96;   3.9;    5.8;    3.6;    2.0;   7.7;   0.0;   4;    0.000;   0;eor
Kiel;20141231;   3;    6.3;   9.2;   7.1; 1025.27;   95.79;   4.5;    8.0;    4.7;    4.1;  11.8;   0.1;   4;    1.017;   0;eor
Kiel;20150101;   3;    4.5;   7.5;   7.8; 1022.16;   88.54;   5.5;    6.2;    3.5;    3.3;  14.8;   8.0;   4;    0.000;   0;eor
Kiel;20150102;   3;    6.7;   8.1;   6.9; 1009.44;   82.17;   9.3;    9.5;    4.1;    2.5;  22.9;   2.2;   4;    0.683;   0;eor
Kiel;20150103;   3;    4.5;   7.3;   5.8; 1010.31;   87.21;   6.8;    5.9;    2.8;    1.2;  17.4;   4.2;   4;    0.000;   0;eor
Kiel;20150104;   3;    3.7;   6.7;   2.0; 1020.13;   84.08;   5.5;    5.8;    2.2;    0.3;  13.0;   0.0;   4;    4.717;   0;eor
Kiel;20150105;   3;    5.3;   7.9;   7.9; 1023.33;   88.83;   3.8;    6.1;    3.9;    2.6;  11.1;   0.2;   4;    0.000;   0;eor
Kiel;20150106;   3;    3.4;   6.9;   8.0; 1019.50;   88.96;   2.8;    4.2;    2.1;    0.9;   8.6;   0.2;   4;    0.000;   0;eor
Kiel;20150107;   3;    4.6;   7.7;   6.1; 1017.42;   90.08;   3.7;    7.0;    1.9;    1.5;  11.2;   1.3;   4;    2.200;   0;eor
Kiel;20150108;   3;    5.3;   8.4;   7.0; 1010.97;   94.13;   4.9;    7.3;    3.2;    2.7;  12.3;   7.5;   4;    0.000;   0;eor
Kiel;20150109;   3;    6.7;   8.1;   6.6; 1001.80;   82.38;   8.9;    8.4;    5.0;    3.1;  30.2;  12.6;   4;    0.117;   0;eor
Kiel;20150110;   3;    7.7;   9.1;   6.5;  993.48;   84.54;  10.0;   11.8;    2.5;    1.6;  27.9;   6.0;   4;    0.000;   0;eor
Kiel;20150111;   3;    4.3;   6.6;   4.5;  999.58;   80.29;   8.4;    6.3;    2.9;    1.7;  21.4;   4.0;   4;    0.533;   0;eor
Kiel;20150112;   3;    7.3;   9.3;   7.9; 1001.04;   91.08;   7.8;    8.6;    5.7;    4.7;  20.1;  13.8;   4;    0.000;   0;eor
Kiel;20150113;   3;    6.6;   9.2;   7.3;  996.72;   93.54;   4.4;    9.5;    4.3;    2.7;  14.9;  12.0;   4;    0.000;   0;eor
Kiel;20150114;   3;    3.1;   7.0;   6.0;  999.68;   92.13;   4.1;    5.2;    0.7;   -0.1;  13.1;   6.2;   4;    0.250;   0;eor
Kiel;20150115;   3;    5.3;   8.2;   6.9;  993.92;   91.21;   5.8;    8.3;    1.6;    0.1;  14.8;  13.6;   4;    0.000;   0;eor
Kiel;20150116;   3;    6.0;   7.2;   5.5;  997.62;   76.63;   5.3;    7.1;    3.3;    0.9;  16.7;   0.0;   4;    0.250;   0;eor
Kiel;20150117;   3;    3.0;   6.5;   1.8; 1006.25;   85.25;   3.6;    5.1;    1.0;   -0.7;  11.9;   0.0;   4;    4.883;   0;eor
Kiel;20150118;   3;    1.7;   6.0;   7.5; 1009.19;   87.17;   3.4;    2.3;    1.0;   -0.3;   9.4;   4.1;   4;    0.000;   0;eor
Kiel;20150119;   3;    0.8;   6.1;   7.7; 1009.14;   95.17;   1.6;    1.2;   -0.1;   -1.5;   4.6;   1.3;   4;    0.000;   0;eor
Kiel;20150120;   3;   -0.3;   5.8;   7.8; 1008.60;   97.67;   1.2;    0.6;   -1.3;   -2.2;   3.6;   1.3;   4;    0.000;   0;eor
Kiel;20150121;   3;   -1.4;   5.3;   7.0; 1012.91;   96.25;   1.5;   -0.4;   -5.1;   -7.2;   4.5;   0.0;   0;    0.000;   0;eor
Kiel;20150122;   3;   -3.3;   4.7;   4.6; 1018.15;   97.79;   1.0;   -0.4;   -6.9;   -8.0;   2.4;   0.0;   0;    0.400;   0;eor
Kiel;20150123;   3;   -1.7;   5.2;   7.9; 1021.67;   97.29;   2.1;   -0.8;   -3.1;   -4.2;  10.3;   0.0;   4;    0.000;   0;eor
Kiel;20150124;   3;   -1.1;   5.3;   4.5; 1013.78;   93.25;   3.8;    0.9;   -3.4;   -5.5;  11.7;   1.9;   4;    0.000;   0;eor
Kiel;20150125;   3;    1.7;   6.7;   5.0; 1019.88;   96.96;   2.5;    3.9;   -0.9;   -4.8;   6.8;   0.0;   0;    2.650;   0;eor
Kiel;20150126;   3;    3.0;   7.5;   7.7; 1011.38;   98.33;   4.1;    5.3;    1.7;    1.1;  11.6;   6.4;   4;    0.000;   0;eor
Kiel;20150127;   3;    3.4;   6.8;   2.3; 1010.98;   87.33;   5.1;    6.0;    1.7;   -1.0;  12.0;   0.0;   4;    5.850;   0;eor
Kiel;20150128;   3;    4.0;   7.6;   7.6;  995.50;   93.58;   5.6;    5.2;    0.8;    0.1;  16.2;  16.6;   4;    0.000;   0;eor
Kiel;20150129;   3;    1.4;   6.2;   7.7;  976.35;   91.25;   4.7;    2.4;    0.3;   -0.1;  14.8;   8.1;   4;    0.033;   2;eor
Kiel;20150130;   3;    0.7;   5.9;   7.4;  971.06;   91.46;   1.8;    2.3;   -1.7;   -2.4;   4.8;   0.0;   0;    0.617;   3;eor
Kiel;20150131;   3;   -2.4;   5.1;   7.7;  976.23;   99.33;   2.9;   -1.0;   -3.9;   -5.7;   5.7;   0.0;   0;    0.000;   2;eor
Kiel;20150201;   3;   -1.2;   5.5;   6.8;  983.18;   98.04;   2.7;    1.5;   -4.2;   -6.5;   8.9;   4.5;   4;    0.067;   1;eor
Kiel;20150202;   3;    0.2;   5.3;   5.1;  989.49;   84.96;   3.3;    2.3;   -2.4;   -3.7;   9.4;   0.2;   4;    0.917;   3;eor
Kiel;20150203;   3;   -1.1;   4.9;   7.5;  997.98;   87.75;   3.4;    0.0;   -2.4;   -3.8;   7.5;   0.4;   4;    0.233;   3;eor
Kiel;20150204;   3;   -1.5;   4.6;   7.0; 1009.63;   83.54;   3.8;   -0.4;   -4.6;   -7.1;   8.1;   0.5;   4;    1.800;   4;eor
Kiel;20150205;   3;    0.2;   5.3;   6.0; 1022.28;   85.92;   4.2;    1.4;   -0.9;   -4.3;   7.4;   0.0;   4;    2.567;   4;eor
Kiel;20150206;   3;   -1.0;   5.1;   4.6; 1028.65;   90.13;   2.4;    1.5;   -3.2;  -10.7;   5.9;   0.0;   4;    5.283;   4;eor
Kiel;20150207;   3;    3.0;   6.9;   6.8; 1020.80;   91.04;   6.5;    5.0;   -0.3;   -0.9;  16.8;   0.0;   4;    0.000;   3;eor
Kiel;20150208;   3;    2.7;   5.3;   2.5; 1020.48;   70.25;   6.2;    5.0;    0.5;   -1.2;  16.1;   0.1;   4;    6.900;   0;eor
Kiel;20150209;   3;    5.7;   8.1;   6.5; 1016.66;   88.71;   6.0;    7.5;    3.8;    1.9;  13.4;   0.0;   4;    0.000;   0;eor
Kiel;20150210;   3;    5.7;   8.0;   5.9; 1023.08;   87.75;   4.3;    8.7;    0.3;   -1.5;   9.7;   0.0;   0;    1.633;   0;eor
Kiel;20150211;   3;    3.3;   6.9;   7.9; 1023.93;   88.92;   2.0;    4.0;    2.0;    0.7;   5.3;   0.0;   0;    0.000;   0;eor
Kiel;20150212;   3;    1.9;   6.1;   8.0; 1019.21;   87.75;   1.7;    2.6;    0.2;    0.0;   5.1;   0.0;   4;    0.000;   0;eor
Kiel;20150213;   3;    0.5;   6.0;   8.0; 1013.88;   95.46;   2.5;    1.7;   -0.6;   -0.8;   6.7;   0.0;   4;    0.000;   0;eor
Kiel;20150214;   3;    1.1;   6.4;   6.5; 1011.09;   96.46;   3.6;    3.4;   -0.6;   -0.6;  10.8;   0.0;   0;    1.000;   0;eor
Kiel;20150215;   3;    2.9;   6.6;   7.8; 1017.54;   87.75;   6.5;    3.7;    2.2;    1.6;  15.0;   0.0;   0;    0.000;   0;eor
Kiel;20150216;   3;    1.5;   5.8;   6.1; 1019.32;   85.67;   4.0;    2.9;   -0.5;   -1.8;  10.5;   0.0;   0;    0.000;   0;eor
Kiel;20150217;   3;    0.5;   6.0;   3.8; 1026.65;   93.79;   2.6;    3.0;   -1.8;   -3.5;   7.4;   0.0;   4;    0.267;   0;eor
Kiel;20150218;   3;    4.0;   6.7;   5.9; 1031.28;   83.83;   4.6;    7.6;    1.2;   -0.2;  12.4;   0.0;   0;    5.367;   0;eor
Kiel;20150219;   3;    3.7;   5.8;   3.2; 1019.62;   74.13;   5.0;    7.9;    1.3;   -0.1;  14.7;   0.0;   4;    6.933;   0;eor
Kiel;20150220;   3;    3.4;   7.2;   7.8; 1004.12;   91.71;   4.4;    5.1;    1.0;    0.1;  12.7;   5.9;   4;    0.000;   0;eor
Kiel;20150221;   3;    3.7;   7.8;   7.7;  990.76;   97.83;   3.0;    5.7;    1.4;   -0.4;  12.6;   3.5;   4;    0.000;   0;eor
Kiel;20150222;   3;    3.5;   6.4;   5.0; 1000.90;   83.04;   3.9;    7.1;    1.0;   -0.9;  11.9;   0.8;   4;    4.250;   0;eor
Kiel;20150223;   3;    3.5;   6.8;   6.5;  989.77;   87.00;   4.8;    6.3;    1.2;    0.3;  14.3;   1.7;   4;    0.383;   0;eor
Kiel;20150224;   3;    4.6;   7.2;   6.8;  996.49;   85.29;   4.8;    6.5;    2.4;    1.1;  12.5;   0.0;   4;    1.517;   0;eor
Kiel;20150225;   3;    4.1;   7.0;   5.3; 1011.11;   86.17;   3.1;    7.9;    2.0;    0.4;   9.4;   0.7;   4;    3.717;   0;eor
Kiel;20150226;   3;    5.3;   7.1;   6.3; 1012.91;   80.50;   3.1;    7.9;    3.2;    2.3;  10.5;   1.0;   4;    2.083;   0;eor
Kiel;20150227;   3;    3.6;   7.2;   6.2; 1008.63;   91.50;   2.7;    5.6;    0.8;   -1.2;   8.4;   4.8;   4;    0.000;   0;eor
Kiel;20150228;   3;    3.4;   6.1;   3.8; 1011.47;   79.29;   3.5;    7.3;   -1.3;   -3.2;  12.1;   1.7;   4;    4.267;   0;eor
Kiel;20150301;   3;    5.1;   7.0;   6.8;  994.40;   79.71;   5.6;    8.8;    2.4;    1.6;  14.8;   2.1;   4;    0.717;   0;eor
Kiel;20150302;   3;    4.3;   7.1;   6.5;  992.37;   84.92;   6.2;    6.1;    2.1;    1.2;  18.9;   2.9;   4;    0.783;   0;eor
Kiel;20150303;   3;    2.9;   6.5;   6.3; 1006.11;   87.25;   4.3;    6.4;    0.3;   -0.1;  14.1;   6.8;   4;    1.750;   0;eor
Kiel;20150304;   3;    3.0;   6.9;   6.0; 1012.48;   91.13;   4.6;    7.3;    0.4;   -1.3;  16.6;   2.3;   4;    2.867;   0;eor
Kiel;20150305;   3;    4.3;   7.3;   5.5; 1028.11;   88.04;   3.9;    7.9;    0.1;   -1.5;   9.7;   0.1;   4;    2.900;   0;eor
Kiel;20150306;   3;    6.6;   8.4;   7.7; 1027.62;   86.17;   3.8;    9.1;    4.9;    4.3;  11.0;   0.0;   4;    0.450;   0;eor
Kiel;20150307;   3;    8.5;   7.0;   5.2; 1021.56;   64.33;   4.8;   12.1;    5.2;    4.0;  13.1;   0.0;   0;    0.417;   0;eor
Kiel;20150308;   3;    9.7;   7.8;   0.6; 1016.99;   66.08;   4.7;   16.7;    5.8;    4.1;  11.7;   0.0;   4;    9.300;   0;eor
Kiel;20150309;   3;    6.9;   8.2;   4.4; 1021.93;   82.83;   2.8;   10.3;    5.1;    1.7;   8.2;   1.0;   4;    5.100;   0;eor
Kiel;20150310;   3;    7.3;   8.4;   3.6; 1020.73;   81.75;   4.4;   11.1;    3.1;    1.4;  10.1;   0.0;   0;    5.633;   0;eor
Kiel;20150311;   3;    5.6;   6.9;   0.5; 1025.27;   77.38;   4.2;   10.5;   -0.3;   -3.4;   9.3;   0.0;   0;   10.750;   0;eor
Kiel;20150312;   3;    3.7;   6.5;   1.2; 1030.32;   82.71;   3.0;    8.3;   -1.8;   -4.1;   8.2;   0.0;   0;   10.800;   0;eor
Kiel;20150313;   3;    3.4;   6.1;   5.6; 1028.18;   77.58;   5.4;    6.2;    0.5;   -2.8;  12.5;   0.0;   0;    2.550;   0;eor
Kiel;20150314;   3;    4.3;   6.9;   5.6; 1028.85;   83.00;   6.8;    6.5;    2.9;    1.5;  12.0;   0.0;   0;    1.200;   0;eor
Kiel;20150315;   3;    4.9;   7.7;   7.9; 1030.17;   88.83;   6.4;    6.1;    3.9;    3.6;  12.7;   0.0;   4;    0.000;   0;eor
Kiel;20150316;   3;    7.3;   8.2;   4.7; 1027.85;   79.67;   5.3;   10.1;    5.0;    3.7;  11.8;   0.0;   0;    6.933;   0;eor
Kiel;20150317;   3;    8.1;   8.3;   3.0; 1025.74;   77.67;   3.3;   12.2;    4.5;    2.2;   7.3;   0.0;   0;    9.400;   0;eor
Kiel;20150318;   3;    8.1;   7.4;   2.1; 1024.22;   69.21;   2.7;   13.1;    3.4;   -2.0;   6.1;   0.0;   0;    6.267;   0;eor
Kiel;20150319;   3;    4.9;   5.7;   0.1; 1025.11;   67.08;   2.0;   12.4;   -0.9;   -4.9;   6.1;   0.0;   0;   11.050;   0;eor
Kiel;20150320;   3;    2.8;   6.6;   5.3; 1019.39;   87.58;   2.9;    7.6;   -2.6;   -5.2;   8.9;   4.1;   4;    1.417;   0;eor
Kiel;20150321;   3;    3.7;   7.2;   7.9; 1013.94;   89.54;   5.6;    5.1;    1.9;    1.0;  17.1;   3.3;   4;    0.000;   0;eor
Kiel;20150322;   3;    2.5;   4.4;   2.5; 1024.57;   61.08;   3.4;    6.2;   -0.1;   -2.4;  10.1;   0.0;   0;   11.183;   0;eor
Kiel;20150323;   3;    4.4;   5.9;   3.0; 1011.70;   69.96;   3.5;    9.9;    0.4;   -1.4;  10.7;   0.0;   0;    9.983;   0;eor
Kiel;20150324;   3;    4.8;   6.8;   4.7; 1005.58;   80.96;   1.7;    9.3;    0.6;   -3.0;   5.9;   0.0;   0;    2.383;   0;eor
Kiel;20150325;   3;    5.3;   7.6;   4.3; 1004.92;   85.71;   3.7;    8.9;   -0.1;   -3.2;  10.6;   1.7;   4;    1.983;   0;eor
Kiel;20150326;   3;    6.2;   7.2;   7.5; 1002.46;   76.71;   2.9;    9.2;    4.3;    2.3;   8.0;   0.0;   4;    0.467;   0;eor
Kiel;20150327;   3;    5.8;   8.1;   7.3; 1007.39;   88.33;   2.5;    8.1;    2.7;    0.6;   6.9;   2.5;   4;    0.267;   0;eor
Kiel;20150328;   3;    6.8;   7.6;   7.4; 1010.74;   78.63;   3.6;   10.6;    3.1;    1.6;  11.9;   8.9;   4;    1.433;   0;eor
Kiel;20150329;   3;    8.0;  10.0;   7.5;  988.11;   93.25;   4.6;    9.6;    4.4;    3.9;  17.9;  13.0;   4;    0.000;   0;eor
Kiel;20150330;   3;    5.4;   7.5;   6.4;  988.70;   83.79;   8.2;    7.9;    3.8;    2.4;  22.1;   6.7;   4;    3.183;   0;eor
Kiel;20150331;   3;    4.2;   7.6;   7.6;  983.13;   91.38;   7.9;    8.1;    0.6;    0.0;  25.9;  11.3;   4;    0.050;   0;eor
Kiel;20150401;   3;    3.8;   6.4;   4.2; 1000.52;   80.25;   7.5;    7.5;    2.0;    0.2;  26.4;   3.1;   4;    4.767;   0;eor
Kiel;20150402;   3;    4.0;   6.3;   4.2; 1004.70;   78.38;   5.4;    8.7;    0.5;   -1.2;  13.9;   0.4;   4;    8.650;   0;eor
Kiel;20150403;   3;    4.9;   6.0;   4.5; 1013.31;   69.92;   5.3;    8.7;   -0.7;   -2.8;  12.7;   0.0;   0;    7.400;   0;eor
Kiel;20150404;   3;    4.1;   5.7;   0.8; 1015.20;   71.42;   3.4;    9.6;   -1.9;   -4.4;   9.7;   0.0;   0;   12.367;   0;eor
Kiel;20150405;   3;    4.7;   5.2;   2.6; 1020.69;   64.71;   3.1;   10.5;   -2.2;   -5.8;   9.7;   0.0;   4;   10.467;   0;eor
Kiel;20150406;   3;    5.3;   6.9;   1.5; 1027.00;   78.29;   3.0;    9.0;    1.5;   -2.5;   8.2;   0.0;   0;   12.683;   0;eor
Kiel;20150407;   3;    5.4;   7.7;   4.8; 1028.57;   84.29;   4.5;    9.8;   -0.1;   -2.7;  12.4;   0.0;   4;    0.417;   0;eor
Kiel;20150408;   3;    9.1;   9.0;   5.5; 1027.55;   79.25;   4.0;   13.4;    5.6;    2.8;  10.0;   0.0;   0;    7.267;   0;eor
Kiel;20150409;   3;    8.1;   8.1;   3.7; 1024.78;   77.88;   2.0;   15.1;    3.7;    0.4;   8.0;   0.0;   0;    7.183;   0;eor
Kiel;20150410;   3;    9.4;   9.0;   0.5; 1017.99;   76.00;   2.0;   15.2;    1.4;   -1.5;   5.5;   0.0;   0;    9.533;   0;eor
Kiel;20150411;   3;   11.3;  10.1;   2.8; 1011.19;   77.08;   4.2;   19.9;    5.8;    2.4;  17.6;   6.5;   4;    8.067;   0;eor
Kiel;20150412;   3;    9.6;   7.7;   4.1; 1018.42;   65.92;   4.9;   13.8;    5.6;    3.7;  18.3;   1.6;   4;    6.283;   0;eor
Kiel;20150413;   3;    6.8;   6.9;   3.5; 1021.15;   70.75;   7.6;   11.2;    3.3;    0.8;  17.5;   0.1;   4;    9.650;   0;eor
Kiel;20150414;   3;    7.7;   9.1;   7.0; 1018.10;   85.96;   4.4;   12.8;    2.7;    0.2;  14.8;   0.0;   4;    0.067;   0;eor
Kiel;20150415;   3;   11.2;  10.0;   4.4; 1009.22;   76.79;   6.0;   17.2;    6.2;    4.8;  17.6;   0.0;   4;   10.000;   0;eor
Kiel;20150416;   3;    7.1;   7.6;   3.9; 1010.92;   76.17;   5.4;   11.0;    3.6;    1.0;  12.2;   0.0;   4;    6.333;   0;eor
Kiel;20150417;   3;    7.3;   7.2;   1.9; 1014.37;   72.42;   4.5;   11.8;    2.4;    0.0;  11.8;   0.0;   4;   10.817;   0;eor
Kiel;20150418;   3;    7.6;   7.5;   1.0; 1022.06;   73.25;   3.7;   12.7;    1.1;   -1.8;   9.2;   0.0;   0;   12.050;   0;eor
Kiel;20150419;   3;    7.3;   7.7;   2.4; 1020.63;   75.54;   2.5;   11.1;    2.0;    0.3;   8.4;   0.0;   0;   11.883;   0;eor
Kiel;20150420;   3;    9.6;   7.6;   0.0; 1023.80;   65.92;   3.5;   16.6;    2.0;    0.0;   7.6;   0.0;   0;   13.883;   0;eor
Kiel;20150421;   3;   10.2;   8.3;   0.7; 1023.65;   67.83;   5.9;   16.4;    4.4;    1.3;  12.4;   0.0;   4;   13.900;   0;eor
Kiel;20150422;   3;   10.0;   8.7;   3.0; 1020.81;   72.54;   3.2;   16.0;    6.3;    4.9;   8.5;   0.0;   0;   10.817;   0;eor
Kiel;20150423;   3;    9.9;   9.9;   5.1; 1014.50;   82.79;   5.0;   16.5;    6.4;    5.9;   9.6;   0.0;   4;    9.850;   0;eor
Kiel;20150424;   3;   10.6;   9.5;   4.0; 1008.11;   77.71;   2.7;   17.4;    5.8;    2.9;   8.9;   0.1;   4;    7.400;   0;eor
Kiel;20150425;   3;   11.6;  11.7;   6.6; 1002.14;   86.00;   2.7;   15.4;    6.8;    2.3;   8.4;   5.7;   4;    0.000;   0;eor
Kiel;20150426;   3;    7.8;  10.3;   7.6; 1003.10;   96.08;   3.2;   11.3;    3.0;    1.6;   8.9;   0.8;   4;    0.000;   0;eor
Kiel;20150427;   3;    7.4;   7.3;   4.4; 1004.39;   71.50;   3.5;   12.0;    1.1;   -1.8;   9.4;   0.0;   0;    6.217;   0;eor
Kiel;20150428;   3;    6.0;   6.2;   2.4; 1009.99;   69.00;   3.4;   12.6;   -1.8;   -3.4;  10.9;   0.0;   4;    9.383;   0;eor
Kiel;20150429;   3;    9.3;   6.4;   4.1; 1012.98;   57.67;   3.5;   14.1;    3.1;    1.0;  11.1;   0.3;   4;    9.317;   0;eor
Kiel;20150430;   3;    8.9;   7.7;   5.8; 1006.99;   69.21;   2.6;   14.0;    3.1;    1.1;  10.5;   1.4;   4;    3.400;   0;eor
Kiel;20150501;   3;    7.4;   7.9;   4.6; 1003.80;   77.08;   2.3;   11.8;    2.3;    0.4;   7.4;   0.0;   4;    6.300;-999;eor
Kiel;20150502;   3;    6.9;   7.0;   1.8; 1008.31;   72.79;   3.2;   13.1;    0.7;   -2.4;  10.7;   0.0;   0;   10.350;-999;eor
Kiel;20150503;   3;   10.0;   9.0;   3.1; 1004.33;   74.21;   3.4;   16.7;    0.0;   -2.7;  11.7;   7.7;   4;    9.667;-999;eor
Kiel;20150504;   3;   14.1;  12.9;   5.5; 1002.29;   80.75;   3.8;   18.4;    9.9;    7.7;  11.9;   1.9;   4;    5.550;-999;eor
Kiel;20150505;   3;   15.6;  13.9;   4.9;  997.97;   78.38;   4.4;   24.2;   10.1;    7.9;  18.0;  14.8;   4;    3.767;-999;eor
Kiel;20150506;   3;   12.7;   9.6;   2.8; 1005.23;   67.17;   4.1;   18.5;    9.2;    6.5;  14.7;   3.1;   4;    9.617;-999;eor
Kiel;20150507;   3;   10.4;   9.5;   4.8; 1009.66;   76.17;   5.4;   13.8;    6.2;    3.9;  13.9;   2.4;   4;    5.667;-999;eor
Kiel;20150508;   3;    9.0;   8.8;   3.7; 1015.17;   77.79;   3.2;   12.8;    3.0;    0.5;   8.1;   0.0;   4;    9.083;-999;eor
Kiel;20150509;   3;   11.5;  11.3;   7.4; 1010.30;   83.04;   3.9;   16.4;    8.9;    7.3;  13.2;   3.7;   4;    1.500;-999;eor
Kiel;20150510;   3;   10.2;   9.3;   3.7; 1018.58;   76.25;   6.2;   14.5;    7.0;    2.6;  14.7;   0.0;   4;    8.217;-999;eor
Kiel;20150511;   3;   15.5;  10.3;   0.5; 1018.38;   60.29;   3.3;   23.8;    7.4;    4.5;  11.1;   0.0;   0;   11.367;-999;eor
Kiel;20150512;   3;   12.7;  12.2;   4.3; 1010.54;   82.75;   3.5;   17.7;    8.4;    6.2;  15.6;   2.9;   4;    3.000;-999;eor
Kiel;20150513;   3;   10.6;   9.7;   7.4; 1010.77;   76.50;   5.8;   13.3;    8.5;    6.9;  14.8;   0.0;   4;    2.317;-999;eor
Kiel;20150514;   3;    9.5;   9.4;   7.8; 1009.08;   79.42;   4.0;   12.8;    6.9;    6.0;   8.0;   0.0;   4;    0.217;-999;eor
Kiel;20150515;   3;    9.9;   8.7;   4.9; 1013.22;   71.75;   3.0;   15.6;    4.8;    2.0;   7.9;   0.0;   0;    7.683;-999;eor
Kiel;20150516;   3;    8.8;   9.5;   6.8; 1014.47;   82.92;   3.9;   11.7;    5.9;    4.3;  12.2;   0.3;   4;    0.017;-999;eor
Kiel;20150517;   3;    9.8;   8.7;   3.5; 1015.72;   72.75;   5.9;   13.6;    5.8;    3.8;  18.8;   0.4;   4;    8.733;-999;eor
Kiel;20150518;   3;   10.5;  10.7;   7.4; 1005.73;   84.71;   2.7;   13.2;    8.2;    6.8;  10.0;   8.9;   4;    0.000;-999;eor
Kiel;20150519;   3;    9.4;  10.3;   5.4; 1000.45;   87.67;   3.3;   14.2;    5.4;    3.1;  14.6;  12.4;   4;    5.800;-999;eor
Kiel;20150520;   3;    9.8;   9.4;   3.0; 1008.63;   78.63;   2.9;   14.5;    6.0;    3.3;   9.9;   1.7;   4;    9.117;-999;eor
Kiel;20150521;   3;   10.0;   9.5;   4.4; 1018.30;   78.33;   3.5;   14.7;    6.4;    4.1;  10.5;   0.2;   4;    7.933;-999;eor
Kiel;20150522;   3;   13.2;  10.7;   5.4; 1019.83;   72.29;   3.3;   19.4;    6.9;    5.2;  10.8;   1.1;   4;    8.217;-999;eor
Kiel;20150523;   3;   11.2;  10.2;   5.3; 1017.50;   77.29;   3.6;   15.6;    5.1;    3.1;   8.2;   0.4;   4;    7.500;-999;eor
Kiel;20150524;   3;   10.5;   9.4;   1.5; 1015.68;   75.75;   2.0;   17.8;    3.1;    0.4;   6.8;   0.5;   4;   13.867;-999;eor
Kiel;20150525;   3;   10.5;  10.6;   7.1; 1010.06;   83.63;   2.1;   13.1;    6.6;    4.1;   9.4;   0.0;   4;    0.400;-999;eor
Kiel;20150526;   3;   10.5;   9.3;   5.0; 1013.10;   74.54;   4.3;   15.0;    7.0;    4.9;  11.4;   0.0;   4;    6.683;-999;eor
Kiel;20150527;   3;   11.2;   9.4;   6.8; 1015.82;   71.75;   4.5;   14.9;    8.3;    6.9;  11.4;   0.0;   4;    4.500;-999;eor
Kiel;20150528;   3;   11.7;  10.1;   6.1; 1007.00;   73.29;   4.4;   15.1;    6.7;    3.8;  14.9;   4.3;   4;    2.983;-999;eor
Kiel;20150529;   3;   11.1;   9.7;   4.9; 1004.69;   75.92;   3.0;   16.7;    6.1;    3.6;  10.8;   3.4;   4;    6.433;-999;eor
Kiel;20150530;   3;   10.2;   9.6;   5.0; 1004.35;   77.63;   5.3;   13.5;    7.7;    5.7;  16.1;   0.8;   4;    7.517;-999;eor
Kiel;20150531;   3;   12.3;  11.2;   7.1; 1006.05;   77.79;   3.7;   17.1;    6.6;    4.8;  14.4;   3.7;   4;    1.450;-999;eor
Kiel;20150601;   3;   12.4;  10.2;   3.8; 1009.66;   71.79;   4.4;   15.5;    9.0;    7.4;  14.4;   2.2;   4;   12.667;-999;eor
Kiel;20150602;   3;   13.9;  12.8;   7.5; 1003.86;   80.29;   5.1;   17.3;   10.3;    9.1;  17.1;   0.6;   4;    1.300;-999;eor
Kiel;20150603;   3;   13.8;  11.5;   5.8; 1013.39;   72.92;   6.4;   16.5;    8.2;    5.2;  15.7;   0.0;   4;    5.350;-999;eor
Kiel;20150604;   3;   12.8;   9.4;   0.2; 1025.41;   66.54;   2.6;   17.9;    6.6;    3.2;   6.2;   0.0;   0;   15.600;-999;eor
Kiel;20150605;   3;   17.7;  12.4;   1.0; 1018.32;   61.50;   2.9;   25.5;   10.3;    6.3;   7.5;   0.9;   4;   13.383;-999;eor
Kiel;20150606;   3;   17.0;  13.6;   3.3; 1016.61;   69.00;   4.7;   21.1;    8.5;    4.9;  14.2;   0.0;   0;    9.317;-999;eor
Kiel;20150607;   3;   12.9;  10.0;   2.1; 1024.43;   68.54;   4.4;   18.4;    7.5;    4.9;  14.5;   0.0;   0;   12.900;-999;eor
Kiel;20150608;   3;   11.2;   9.8;   4.3; 1026.13;   75.42;   3.5;   16.4;    5.9;    2.8;   9.1;   0.0;   0;    6.700;-999;eor
Kiel;20150609;   3;   11.9;  10.6;   3.2; 1026.48;   77.63;   2.7;   17.3;    5.3;    3.8;   7.5;   0.0;   0;    9.583;-999;eor
Kiel;20150610;   3;   14.6;   9.6;   0.0; 1025.21;   61.13;   2.3;   19.6;    5.4;    3.0;   5.2;   0.0;   0;   16.333;-999;eor
Kiel;20150611;   3;   13.0;  12.0;   0.6; 1019.59;   80.25;   2.7;   17.8;    6.1;    3.4;   7.6;   0.0;   0;   15.950;-999;eor
Kiel;20150612;   3;   16.6;  14.2;   0.3; 1011.36;   76.29;   2.9;   21.7;    7.8;    5.3;   7.0;   0.0;   0;   16.217;-999;eor
Kiel;20150613;   3;   18.2;  16.5;   5.6; 1004.05;   79.67;   2.7;   25.3;   13.4;    9.7;  11.3;   3.7;   4;    3.417;-999;eor
Kiel;20150614;   3;   12.9;  12.0;   7.5; 1007.06;   79.79;   4.6;   16.4;    6.1;    3.3;   9.8;   0.0;   4;    0.600;-999;eor
Kiel;20150615;   3;   10.5;   8.8;   5.5; 1015.63;   69.83;   3.8;   15.3;    4.0;    0.8;   9.6;   0.0;   4;    4.583;-999;eor
Kiel;20150616;   3;   11.2;   9.1;   6.3; 1019.62;   68.63;   3.7;   15.3;    6.3;    2.1;   9.4;   0.0;   0;    3.267;-999;eor
Kiel;20150617;   3;   12.6;  12.0;   5.9; 1015.98;   82.29;   3.3;   17.6;    4.2;    0.8;   9.9;   4.7;   4;    3.367;-999;eor
Kiel;20150618;   3;   12.4;  12.7;   7.3; 1008.15;   87.54;   4.9;   15.2;    9.9;    9.3;  12.5;   1.3;   4;    1.750;-999;eor
Kiel;20150619;   3;   12.3;  11.5;   7.6; 1008.56;   80.71;   4.9;   16.2;    9.7;    9.0;  12.1;   0.7;   4;    1.500;-999;eor
Kiel;20150620;   3;   13.4;  11.9;   6.1; 1012.41;   78.54;   4.8;   18.3;    8.6;    7.5;  11.3;   0.0;   0;    8.300;-999;eor
Kiel;20150621;   3;   13.8;  11.1;   7.4; 1010.63;   71.29;   2.0;   18.1;    9.4;    7.5;   6.5;  14.4;   4;    2.167;-999;eor
Kiel;20150622;   3;   12.8;  12.6;   6.6; 1002.70;   85.88;   2.7;   17.3;   10.6;    9.8;   8.9;   1.8;   4;    4.967;-999;eor
Kiel;20150623;   3;   14.0;  12.3;   6.0; 1003.57;   78.17;   3.6;   19.6;    9.5;    8.9;  11.0;   0.4;   4;    7.733;-999;eor
Kiel;20150624;   3;   12.3;  12.0;   7.8; 1013.17;   83.63;   4.8;   14.2;   10.4;   10.1;  12.7;   0.1;   4;    0.217;-999;eor
Kiel;20150625;   3;   14.5;  13.6;   5.8; 1017.23;   83.17;   2.6;   20.5;   10.6;    8.6;   7.4;   0.0;   4;    4.067;-999;eor
Kiel;20150626;   3;   16.1;  13.8;   7.7; 1015.31;   75.96;   1.6;   20.5;   10.0;    9.1;   6.1;   0.1;   4;    5.150;-999;eor
Kiel;20150627;   3;   16.9;  15.2;   7.3; 1010.20;   78.96;   4.1;   21.5;   11.8;   10.3;  12.4;   0.1;   4;    1.967;-999;eor
Kiel;20150628;   3;   16.2;  13.2;   3.3; 1016.65;   74.46;   3.3;   22.2;    9.9;    7.7;   9.1;   2.6;   4;   11.500;-999;eor
Kiel;20150629;   3;   18.1;  15.2;   4.7; 1016.45;   74.33;   3.3;   22.9;   14.4;   13.3;   9.4;   0.0;   0;   11.483;-999;eor
Kiel;20150630;   3;   17.1;  13.6;   1.6; 1019.53;   71.54;   2.9;   21.6;   11.8;    8.9;  10.5;   0.0;   0;   14.067;-999;eor
Kiel;20150701;   3;   19.1;  14.8;   0.0; 1020.55;   68.54;   3.3;   24.3;   10.7;    8.2;   9.8;   0.0;   0;   16.517;-999;eor
Kiel;20150702;   3;   23.0;  15.9;   0.0; 1020.00;   58.38;   3.5;   29.4;   17.2;   14.7;  11.0;   0.0;   0;   16.367;-999;eor
Kiel;20150703;   3;   22.8;  16.9;   1.3; 1020.90;   61.08;   2.2;   27.7;   17.2;   14.7;   8.0;   0.0;   0;   13.033;-999;eor
Kiel;20150704;   3;   23.0;  20.1;   1.5; 1016.77;   72.58;   3.0;   28.5;   15.6;   13.6;  10.6;   0.2;   4;   13.017;-999;eor
Kiel;20150705;   3;   22.4;  23.0;   6.3; 1012.16;   85.46;   2.3;   27.4;   17.4;   16.9;  19.4;  15.9;   4;    4.200;-999;eor
Kiel;20150706;   3;   17.6;  13.9;   3.5; 1013.39;   69.92;   5.7;   21.7;   13.2;   11.0;  14.5;   0.0;   0;   12.133;-999;eor
Kiel;20150707;   3;   19.8;  15.4;   3.8; 1006.41;   68.50;   2.4;   26.9;   12.5;   10.6;   8.3;   2.4;   4;    8.350;-999;eor
Kiel;20150708;   3;   15.9;  14.9;   6.0;  999.71;   82.71;   5.5;   19.2;   12.2;   11.2;  17.1;   4.0;   4;    6.267;-999;eor
Kiel;20150709;   3;   13.1;  10.4;   6.3; 1008.22;   69.46;   7.9;   16.5;   11.0;    9.9;  20.4;   0.1;   4;    6.083;-999;eor
Kiel;20150710;   3;   13.7;   9.8;   3.6; 1015.86;   63.42;   6.8;   18.3;    8.8;    6.4;  15.2;   0.0;   4;   11.133;-999;eor
Kiel;20150711;   3;   14.7;  11.5;   4.6; 1014.23;   70.08;   2.2;   20.1;    7.0;    4.4;   7.3;   0.0;   4;    7.483;-999;eor
Kiel;20150712;   3;   16.8;  15.2;   7.4; 1010.58;   79.33;   3.4;   21.1;   14.3;   12.8;  10.4;   0.3;   4;    0.250;-999;eor
Kiel;20150713;   3;   17.1;  15.3;   6.8; 1009.39;   79.50;   3.2;   21.9;   14.6;   13.5;   9.6;   0.0;   0;    2.933;-999;eor
Kiel;20150714;   3;   17.1;  13.8;   6.2; 1010.00;   72.42;   2.5;   21.2;   12.9;   11.3;   7.9;   0.0;   0;    6.733;-999;eor
Kiel;20150715;   3;   16.6;  12.2;   4.4; 1014.73;   67.50;   3.5;   22.1;   10.9;    8.8;  12.5;   3.9;   4;   11.383;-999;eor
Kiel;20150716;   3;   16.4;  13.0;   4.5; 1015.60;   71.79;   1.9;   21.8;   11.9;    9.0;   5.2;   0.0;   0;    6.817;-999;eor
Kiel;20150717;   3;   19.2;  16.2;   1.8; 1010.81;   73.38;   3.5;   26.6;    9.7;    6.8;  11.9;   1.8;   4;   12.150;-999;eor
Kiel;20150718;   3;   18.2;  14.4;   3.2; 1010.55;   70.38;   4.7;   23.3;   11.9;    9.2;  15.3;   0.0;   0;   11.283;-999;eor
Kiel;20150719;   3;   13.6;  13.1;   6.6; 1007.36;   84.25;   2.0;   15.9;   11.6;    9.2;   8.2;   2.3;   4;    0.000;-999;eor
Kiel;20150720;   3;   15.9;  13.6;   4.1; 1007.96;   75.79;   3.3;   20.5;   11.2;    9.7;   9.9;   0.8;   4;    7.700;-999;eor
Kiel;20150721;   3;   18.9;  16.5;   4.0; 1007.23;   76.50;   4.5;   22.6;   14.0;   10.0;  14.9;   1.2;   4;    9.950;-999;eor
Kiel;20150722;   3;   19.0;  15.3;   3.3; 1009.02;   71.00;   3.2;   25.7;   13.4;    9.0;  10.1;   0.0;   4;    9.400;-999;eor
Kiel;20150723;   3;   15.9;  12.8;   5.0; 1011.55;   72.33;   3.4;   21.0;   10.7;    7.6;  10.6;   0.0;   4;    6.250;-999;eor
Kiel;20150724;   3;   16.5;  13.5;   5.4; 1010.96;   72.92;   3.1;   21.4;   10.6;    6.9;   9.8;  21.6;   4;    6.233;-999;eor
Kiel;20150725;   3;   17.4;  17.3;   7.4;  995.72;   87.17;   3.7;   24.2;   13.7;   13.2;  15.6;   8.9;   4;    1.800;-999;eor
Kiel;20150726;   3;   15.2;  12.2;   6.1; 1003.88;   71.79;   5.9;   18.9;   12.5;   11.8;  15.9;   0.7;   4;    7.767;-999;eor
Kiel;20150727;   3;   15.2;  15.5;   7.7;  995.95;   89.42;   2.5;   18.2;   13.6;   12.6;   8.0;  21.8;   4;    0.600;-999;eor
Kiel;20150728;   3;   15.6;  16.0;   7.4;  995.05;   90.63;   4.6;   20.0;   13.8;   12.8;  14.0;  14.2;   4;    2.283;-999;eor
Kiel;20150729;   3;   13.9;  14.1;   7.1;  997.23;   88.71;   4.4;   16.9;   12.2;   11.6;  14.0;  22.5;   4;    2.967;-999;eor
Kiel;20150730;   3;   13.4;  14.3;   7.6; 1003.24;   92.54;   7.0;   14.5;   12.0;   11.5;  15.1;   2.1;   4;    0.000;-999;eor
Kiel;20150731;   3;   13.5;  10.4;   5.8; 1013.55;   68.33;   4.5;   17.4;    7.5;    4.6;  11.1;   0.0;   0;    4.367;-999;eor
Kiel;20150801;   3;   13.9;  11.4;   1.4; 1014.95;   73.63;   2.6;   18.7;    6.4;    3.7;   8.0;   0.0;   0;   12.600;-999;eor
Kiel;20150802;   3;   16.4;  12.7;   0.3; 1016.50;   71.71;   2.0;   22.7;    9.1;    7.4;   7.8;   0.0;   0;   12.833;-999;eor
Kiel;20150803;   3;   21.0;  15.0;   0.0; 1014.32;   63.29;   2.4;   28.4;   10.4;    7.7;   7.7;   0.0;   0;   14.517;-999;eor
Kiel;20150804;   3;   22.3;  18.6;   3.0; 1009.23;   70.79;   2.9;   29.7;   15.9;   15.1;  12.0;   4.1;   4;    8.050;-999;eor
Kiel;20150805;   3;   18.1;  14.9;   2.0; 1014.45;   74.17;   2.4;   23.6;   12.8;   10.7;   7.8;   0.0;   0;   13.433;-999;eor
Kiel;20150806;   3;   22.3;  16.9;   1.9; 1012.20;   65.33;   1.9;   30.4;   12.8;   10.5;   5.3;   0.0;   0;   12.883;-999;eor
Kiel;20150807;   3;   19.3;  18.2;   2.7; 1014.06;   81.42;   2.1;   23.4;   15.5;   13.9;   7.6;   3.7;   4;    7.500;-999;eor
Kiel;20150808;   3;   17.4;  16.8;   5.1; 1017.67;   84.42;   2.5;   20.7;   13.2;   10.9;   6.8;   0.0;   0;    2.700;-999;eor
Kiel;20150809;   3;   17.6;  13.4;   1.4; 1018.96;   68.63;   3.0;   22.6;   10.0;    7.4;   7.3;   0.0;   0;   13.733;-999;eor
Kiel;20150810;   3;   19.4;  15.4;   6.4; 1014.99;   69.00;   2.3;   24.3;   15.7;   14.4;   6.2;  11.5;   4;    5.567;-999;eor
Kiel;20150811;   3;   19.7;  18.9;   4.9; 1015.20;   83.04;   2.2;   25.3;   16.5;   16.1;   7.3;   0.0;   0;    7.217;-999;eor
Kiel;20150812;   3;   17.6;  15.4;   5.1; 1020.18;   77.04;   2.6;   20.2;   12.3;   10.5;   7.0;   0.0;   4;    4.333;-999;eor
Kiel;20150813;   3;   18.4;  15.5;   0.5; 1018.13;   74.13;   4.5;   21.8;   11.8;   10.1;  10.5;   0.0;   0;   13.900;-999;eor
Kiel;20150814;   3;   20.9;  18.8;   3.2; 1007.63;   76.67;   4.5;   25.8;   17.8;   16.5;  10.8;   0.4;   4;    9.867;-999;eor
Kiel;20150815;   3;   19.6;  20.5;   5.7; 1004.57;   90.17;   2.1;   22.6;   15.3;   14.0;   7.9;   0.0;   4;    3.250;-999;eor
Kiel;20150816;   3;   19.5;  20.3;   6.6; 1008.30;   89.71;   3.2;   23.4;   15.6;   14.5;   8.8;   9.0;   4;    4.233;-999;eor
Kiel;20150817;   3;   18.7;  18.9;   7.3; 1008.61;   87.58;   5.9;   20.3;   17.7;   16.9;  17.4;   3.3;   4;    0.067;-999;eor
Kiel;20150818;   3;   18.0;  17.7;   7.4; 1010.67;   85.67;   4.0;   20.7;   14.7;   13.9;  14.2;   0.3;   4;    0.017;-999;eor
Kiel;20150819;   3;   17.0;  17.5;   4.5; 1016.56;   90.71;   2.2;   21.3;   12.9;   10.6;   6.5;   0.0;   0;    6.000;-999;eor
Kiel;20150820;   3;   17.0;  15.9;   3.0; 1021.03;   83.13;   1.9;   22.8;   12.2;    9.1;   5.6;   0.0;   0;    8.717;-999;eor
Kiel;20150821;   3;   18.6;  14.3;   0.3; 1022.20;   68.67;   2.0;   24.2;   10.2;    7.7;   8.0;   0.0;   0;   12.917;-999;eor
Kiel;20150822;   3;   19.1;  14.3;   0.0; 1019.72;   65.96;   3.1;   24.6;   11.7;    8.9;   8.7;   0.0;   0;   13.450;-999;eor
Kiel;20150823;   3;   18.8;  16.4;   0.4; 1012.22;   76.38;   4.9;   22.6;   13.5;   11.1;  14.0;   0.0;   0;   13.217;-999;eor
Kiel;20150824;   3;   19.8;  16.8;   4.7; 1002.18;   72.96;   3.4;   23.1;   16.5;   14.5;  10.9;   0.0;   4;    4.883;-999;eor
Kiel;20150825;   3;   17.3;  15.5;   4.5; 1004.59;   78.71;   4.1;   20.1;   14.0;   12.8;  13.9;   6.4;   4;    5.750;-999;eor
Kiel;20150826;   3;   19.5;  16.5;   5.5; 1007.98;   73.79;   3.6;   24.5;   14.4;   13.0;  10.2;   3.0;   4;    5.600;-999;eor
Kiel;20150827;   3;   17.0;  16.0;   7.0; 1004.75;   82.88;   3.2;   21.0;   13.5;   12.9;  13.9;   5.1;   4;    0.483;-999;eor
Kiel;20150828;   3;   16.4;  15.0;   4.3; 1011.85;   81.38;   3.3;   20.8;   12.7;   10.7;  10.6;   0.0;   4;    7.867;-999;eor
Kiel;20150829;   3;   16.7;  13.8;   2.3; 1019.04;   74.63;   2.0;   21.9;   11.8;    9.3;   6.1;   0.0;   4;    7.867;-999;eor
Kiel;20150830;   3;   17.3;  16.7;   6.2; 1016.07;   84.71;   3.1;   20.9;   11.9;   10.3;   8.0;   0.0;   4;    4.367;-999;eor
Kiel;20150831;   3;   19.6;  19.5;   4.3; 1008.25;   85.63;   2.9;   25.9;   17.1;   15.4;  13.2;   2.7;   4;    6.017;-999;eor
Kiel;20150901;   3;   17.1;  17.4;   6.0; 1003.73;   88.17;   4.2;   19.7;   13.1;   11.1;  11.1;   0.0;   4;    0.100;-999;eor
Kiel;20150902;   3;   14.6;  13.3;   3.4; 1008.55;   80.54;   4.1;   18.2;   11.8;   10.0;  14.1;   0.0;   4;    6.483;-999;eor
Kiel;20150903;   3;   14.3;  11.7;   3.0; 1009.13;   73.54;   2.8;   19.2;   10.2;    8.6;   8.9;   0.0;   0;    9.767;-999;eor
Kiel;20150904;   3;   13.6;  12.5;   5.4; 1006.11;   81.08;   3.4;   16.4;   10.0;    8.3;  10.2;   1.3;   4;    3.400;-999;eor
Kiel;20150905;   3;   13.0;  12.8;   5.4; 1001.71;   85.92;   6.1;   16.6;   11.0;    9.6;  17.3;   5.0;   4;    4.967;-999;eor
Kiel;20150906;   3;   13.8;  11.8;   4.5; 1009.29;   75.46;   6.3;   18.7;    9.2;    5.8;  14.4;   0.0;   0;    7.067;-999;eor
Kiel;20150907;   3;   12.9;  10.7;   0.0; 1018.29;   74.46;   3.4;   18.3;    6.8;    4.8;  10.8;   0.0;   0;   12.283;-999;eor
Kiel;20150908;   3;   13.5;  12.2;   2.5; 1020.60;   80.54;   3.4;   18.7;    7.7;    5.7;   8.2;   0.0;   0;    9.983;-999;eor
Kiel;20150909;   3;   13.5;  11.4;   1.3; 1023.49;   75.33;   2.4;   17.9;    7.2;    3.8;   6.8;   0.0;   0;   10.533;-999;eor
Kiel;20150910;   3;   14.9;  13.3;   1.4; 1023.90;   79.08;   4.2;   19.1;    6.7;    3.8;  10.9;   0.0;   0;    9.883;-999;eor
Kiel;20150911;   3;   14.7;  14.7;   5.8; 1019.39;   87.88;   3.9;   16.4;   13.3;   11.8;  12.9;   1.6;   4;    0.517;-999;eor
Kiel;20150912;   3;   16.3;  15.1;   7.0; 1013.42;   82.29;   2.6;   19.9;   12.6;   10.5;   7.7;   7.3;   4;    6.000;-999;eor
Kiel;20150913;   3;   17.0;  17.7;   7.3; 1007.48;   91.71;   2.1;   20.4;   15.0;   14.5;   6.3;   4.3;   4;    1.283;-999;eor
Kiel;20150914;   3;   16.6;  17.4;   6.5;  998.64;   92.33;   2.2;   19.0;   13.2;   12.4;   9.9;  21.8;   4;    3.000;-999;eor
Kiel;20150915;   3;   13.1;  12.6;   4.2;  999.64;   83.71;   3.7;   16.2;    9.5;    9.3;  12.4;  10.0;   4;    6.700;-999;eor
Kiel;20150916;   3;   14.5;  14.3;   6.3;  995.12;   86.25;   3.0;   17.8;   11.5;   10.1;  12.0;   2.0;   4;    0.083;-999;eor
Kiel;20150917;   3;   16.7;  15.3;   6.5;  992.88;   80.96;   4.9;   19.0;   13.7;   12.6;  15.2;   4.3;   4;    0.900;-999;eor
Kiel;20150918;   3;   14.5;  13.9;   4.4; 1008.33;   84.75;   3.2;   18.8;   11.7;    9.1;  10.8;   0.0;   4;    4.683;-999;eor
Kiel;20150919;   3;   13.4;  13.6;   7.0; 1015.28;   87.96;   2.2;   16.9;   11.1;    8.5;   6.9;   1.6;   4;    3.467;-999;eor
Kiel;20150920;   3;   12.8;  12.4;   3.6; 1015.16;   84.67;   4.4;   16.7;    9.2;    7.1;  12.5;   0.1;   4;    7.283;-999;eor
Kiel;20150921;   3;   11.9;  13.1;   6.6; 1009.89;   93.46;   2.2;   14.4;    7.7;    5.3;   8.9;   1.0;   4;    0.367;-999;eor
Kiel;20150922;   3;   13.5;  13.7;   7.8;  999.20;   88.71;   2.3;   15.6;   12.1;   11.4;   8.6;   1.3;   4;    0.450;-999;eor
Kiel;20150923;   3;   12.6;  13.1;   7.8; 1003.59;   89.75;   1.8;   15.4;   10.3;    9.3;   5.5;   0.0;   4;    0.600;-999;eor
Kiel;20150924;   3;   13.5;  13.4;   6.3; 1010.54;   86.96;   3.7;   17.0;   10.5;    9.6;  11.4;   2.4;   4;    5.100;-999;eor
Kiel;20150925;   3;   12.2;  12.5;   3.9; 1016.53;   88.79;   2.6;   16.7;    8.3;    5.5;   8.2;   0.0;   4;    4.900;-999;eor
Kiel;20150926;   3;   11.1;  11.1;   1.8; 1023.42;   85.38;   2.4;   17.1;    6.4;    3.4;   6.9;   0.0;   4;    8.050;-999;eor
Kiel;20150927;   3;   10.6;  10.8;   0.5; 1029.58;   86.21;   2.8;   16.6;    5.9;    4.0;   7.8;   0.0;   0;    9.983;-999;eor
Kiel;20150928;   3;   10.3;  11.2;   1.1; 1034.64;   89.75;   1.9;   16.0;    5.5;    3.1;   6.6;   0.0;   0;    8.217;-999;eor
Kiel;20150929;   3;   11.1;  10.7;   1.2; 1036.58;   83.08;   1.7;   17.1;    5.1;    2.3;   6.5;   0.0;   0;    9.383;-999;eor
Kiel;20150930;   3;   10.4;  10.3;   0.6; 1034.59;   84.13;   1.3;   16.5;    4.7;    2.0;   4.2;   0.0;   0;   11.117;-999;eor
Kiel;20151001;   3;   10.4;  11.2;   2.6; 1029.36;   89.46;   2.4;   16.7;    4.1;    2.5;   6.8;   0.0;   0;    9.783;   0;eor
Kiel;20151002;   3;   11.4;  12.4;   2.2; 1022.72;   92.33;   2.0;   18.3;    5.3;    2.5;   6.8;   0.1;   4;    7.817;   0;eor
Kiel;20151003;   3;   11.1;  12.3;   5.4; 1013.92;   92.46;   2.3;   16.2;    4.4;    2.7;   6.4;   0.0;   0;    4.933;   0;eor
Kiel;20151004;   3;   12.1;  13.0;   5.0; 1010.86;   92.67;   2.0;   18.4;    7.3;    4.2;   6.8;   0.0;   0;    2.417;   0;eor
Kiel;20151005;   3;   12.7;  12.8;   0.7; 1012.20;   87.58;   2.3;   18.2;    6.5;    3.6;   8.4;   0.0;   0;    6.317;   0;eor
Kiel;20151006;   3;   13.7;  13.8;   6.3; 1006.00;   87.79;   5.1;   15.7;   11.8;   10.1;  13.1;   3.0;   4;    0.033;   0;eor
Kiel;20151007;   3;   13.1;  14.5;   8.0; 1008.80;   96.04;   3.5;   14.3;   11.6;   11.5;   9.2;  12.4;   4;    0.000;   0;eor
Kiel;20151008;   3;   11.3;  13.3;   7.7; 1014.76;   99.25;   2.2;   12.2;    9.8;    9.6;   6.5;   1.1;   4;    0.000;   0;eor
Kiel;20151009;   3;   10.1;  10.5;   7.9; 1019.85;   85.42;   2.4;   12.0;    8.8;    6.6;   6.7;   0.0;   0;    0.000;   0;eor
Kiel;20151010;   3;    8.7;   7.3;   3.3; 1022.38;   65.54;   3.6;   10.8;    6.6;    3.3;  11.1;   0.0;   0;    6.633;   0;eor
Kiel;20151011;   3;    8.4;   7.3;   0.5; 1022.25;   66.46;   3.8;   11.1;    4.8;    0.8;  10.9;   0.0;   0;    8.700;   0;eor
Kiel;20151012;   3;    7.2;   6.9;   2.5; 1021.01;   67.63;   3.6;    9.2;    5.7;    2.9;  10.1;   0.0;   0;    8.167;   0;eor
Kiel;20151013;   3;    7.2;   8.4;   7.0; 1018.77;   81.67;   3.2;    8.8;    4.0;    0.4;  10.7;   3.0;   4;    0.000;   0;eor
Kiel;20151014;   3;    7.9;   9.0;   7.7; 1018.87;   84.25;   3.4;    9.7;    6.2;    5.6;   9.5;   1.4;   4;    0.000;   0;eor
Kiel;20151015;   3;    9.2;   9.9;   7.9; 1016.90;   85.50;   5.7;   12.1;    7.7;    7.0;  13.9;   1.4;   4;    0.017;   0;eor
Kiel;20151016;   3;    9.5;  11.4;   7.9; 1014.40;   95.92;   4.8;   10.2;    8.6;    7.9;  11.1;   7.3;   4;    0.000;   0;eor
Kiel;20151017;   3;   10.1;  12.2;   7.8; 1014.73;   98.46;   2.5;   11.3;    8.4;    7.9;   7.6;   7.9;   4;    0.000;   0;eor
Kiel;20151018;   3;   11.0;  13.0;   7.8; 1014.76;   98.33;   4.2;   11.7;   10.5;    9.9;   7.9;   3.5;   4;    0.000;   0;eor
Kiel;20151019;   3;    8.3;  10.3;   6.0; 1018.40;   94.33;   2.1;   10.7;    3.1;    1.6;   5.4;   0.0;   0;    0.567;   0;eor
Kiel;20151020;   3;    7.1;   9.5;   6.6; 1018.20;   93.42;   2.3;   11.6;    1.6;   -0.2;   6.0;   0.1;   4;    1.267;   0;eor
Kiel;20151021;   3;   10.0;  10.9;   7.0; 1013.19;   89.38;   2.8;   12.0;    8.1;    6.8;   8.1;   0.0;   4;    0.467;   0;eor
Kiel;20151022;   3;   11.1;  12.7;   6.9; 1006.70;   95.42;   3.7;   13.1;    9.8;    8.2;   9.6;   0.9;   4;    0.000;   0;eor
Kiel;20151023;   3;   11.3;  10.8;   3.7; 1016.13;   80.58;   4.3;   14.8;    8.3;    4.2;  12.8;   0.0;   0;    6.683;   0;eor
Kiel;20151024;   3;   11.0;  10.4;   8.0; 1013.95;   79.54;   2.5;   13.0;    9.3;    7.0;   7.5;   0.6;   4;    0.067;   0;eor
Kiel;20151025;   3;   10.1;  10.5;   3.3; 1017.77;   84.92;   3.2;   13.8;    4.1;    1.2;  10.6;   0.0;   0;    6.650;   0;eor
Kiel;20151026;   3;    7.9;   9.1;   0.1; 1021.72;   86.29;   1.7;   12.9;    2.5;   -0.8;   6.5;   0.0;   0;    7.450;   0;eor
Kiel;20151027;   3;    8.6;   9.7;   0.5; 1017.11;   86.46;   2.9;   12.4;    6.0;    2.3;   9.0;   0.0;   0;    7.250;   0;eor
Kiel;20151028;   3;    9.2;   9.8;   0.5; 1012.26;   84.83;   3.7;   12.6;    6.7;    3.8;  10.7;   0.0;   0;    6.517;   0;eor
Kiel;20151029;   3;    8.7;  10.0;   4.4; 1015.23;   88.46;   1.4;   12.4;    5.9;    2.1;   3.9;   0.0;   0;    4.733;   0;eor
Kiel;20151030;   3;    9.8;  11.1;   6.1; 1025.43;   91.58;   1.9;   12.7;    6.9;    5.7;   7.6;   0.0;   0;    0.000;   0;eor
Kiel;20151031;   3;    9.7;  10.4;   3.3; 1026.68;   86.54;   2.7;   13.0;    6.6;    4.3;   9.7;   0.0;   0;    4.850;   0;eor
Kiel;20151101;   3;    8.8;  10.7;   3.9; 1026.08;   94.17;   1.8;   13.1;    3.2;    1.5;   5.2;   0.0;   4;    3.367;   0;eor
Kiel;20151102;   3;    9.0;  11.0;   8.0; 1024.92;   95.54;   1.4;   10.3;    6.5;    6.5;   4.7;   0.0;   0;    0.000;   0;eor
Kiel;20151103;   3;    4.9;   8.6;   7.9; 1018.52;   99.13;   1.5;    6.5;    3.1;    3.3;   4.8;   0.0;   0;    0.000;   0;eor
Kiel;20151104;   3;    6.1;   8.7;   4.7; 1015.95;   92.25;   1.5;   10.9;    2.1;    1.4;   4.3;   0.0;   4;    5.183;   0;eor
Kiel;20151105;   3;   11.4;  12.7;   7.2; 1016.00;   93.71;   1.8;   14.3;    7.9;    4.4;   6.2;   9.7;   4;    1.017;   0;eor
Kiel;20151106;   3;   13.0;  15.0;   7.8; 1013.73;   99.67;   2.2;   14.4;   11.8;   11.3;   6.8;   9.6;   4;    0.000;   0;eor
Kiel;20151107;   3;   14.8;  15.9;   7.8; 1012.65;   94.13;   5.0;   17.0;   13.5;   12.7;  20.9;   3.5;   4;    0.083;   0;eor
Kiel;20151108;   3;   12.2;  11.8;   4.4; 1018.15;   83.04;   4.9;   14.4;   10.6;    9.0;  17.1;   5.9;   4;    4.500;   0;eor
Kiel;20151109;   3;   12.1;  12.4;   6.0; 1009.35;   87.58;   6.4;   14.5;   10.7;    9.9;  19.0;   4.8;   4;    0.583;   0;eor
Kiel;20151110;   3;   14.4;  15.0;   7.8; 1008.79;   91.13;   8.0;   15.3;   12.2;   11.5;  17.8;   0.5;   4;    0.000;   0;eor
Kiel;20151111;   3;   13.4;  14.7;   8.0; 1013.21;   95.21;   5.8;   14.8;   11.4;   11.0;  14.3;   1.4;   4;    0.000;   0;eor
Kiel;20151112;   3;   12.0;  12.2;   4.0; 1016.28;   87.04;   5.1;   14.4;    9.4;    6.9;  14.5;   0.0;   4;    4.250;   0;eor
Kiel;20151113;   3;   10.1;  10.2;   5.6; 1010.93;   82.04;   4.9;   13.1;    6.4;    4.7;  18.2;   7.2;   4;    2.800;   0;eor
Kiel;20151114;   3;    7.3;   8.8;   6.0; 1010.05;   85.88;   4.4;   10.1;    5.7;    3.9;  15.0;   4.9;   4;    1.083;   0;eor
Kiel;20151115;   3;    8.3;  10.8;   7.8; 1000.72;   98.58;   1.8;    9.3;    7.3;    6.8;   7.3;  11.0;   4;    0.000;   0;eor
Kiel;20151116;   3;   11.2;  12.5;   7.1; 1002.93;   93.75;   4.4;   13.0;    8.8;    7.9;  16.8;   8.1;   4;    0.017;   0;eor
Kiel;20151117;   3;   10.2;  11.8;   7.7;  997.87;   94.58;   3.3;   13.9;    8.1;    7.4;  16.8;  14.3;   4;    0.067;   0;eor
Kiel;20151118;   3;   11.1;  11.0;   7.3;  996.50;   83.63;   7.8;   13.9;    8.9;    7.9;  22.1;  13.6;   4;    1.833;   0;eor
Kiel;20151119;   3;    9.7;  10.2;   5.9;  996.46;   84.42;   7.4;   11.1;    8.1;    6.5;  21.0;   5.6;   4;    0.667;   0;eor
Kiel;20151120;   3;    7.2;   9.4;   7.0;  994.34;   93.25;   3.0;    8.7;    5.8;    4.9;   9.7;  10.2;   4;    0.183;   0;eor
Kiel;20151121;   3;    4.4;   7.7;   7.2;  989.74;   91.54;   4.8;    6.0;    0.8;   -0.5;  12.1;   8.0;   4;    0.000;   0;eor
Kiel;20151122;   3;    2.2;   6.3;   6.6;  997.68;   87.46;   7.8;    5.0;    0.0;   -1.3;  17.9;   6.7;   4;    0.000;   0;eor
Kiel;20151123;   3;    2.8;   5.5;   4.3; 1015.08;   74.25;   4.2;    4.6;   -0.2;   -2.8;  11.2;   0.9;   4;    4.583;   0;eor
Kiel;20151124;   3;    3.0;   6.7;   7.6; 1007.73;   88.38;   5.5;    4.2;    1.6;    1.0;  14.6;   3.1;   4;    0.000;   0;eor
Kiel;20151125;   3;    3.9;   8.0;   6.9;  998.74;   98.58;   3.0;    6.1;    2.1;    1.4;   8.2;   0.1;   4;    0.000;   0;eor
Kiel;20151126;   3;    4.1;   7.2;   0.7; 1009.54;   88.25;   2.8;    7.2;    0.9;   -1.7;   5.9;   0.0;   0;    5.567;   0;eor
Kiel;20151127;   3;    4.4;   7.3;   5.9; 1009.09;   87.92;   4.4;    5.9;    2.5;    0.6;  13.0;   0.0;   4;    0.000;   0;eor
Kiel;20151128;   3;    5.0;   7.4;   5.8;  999.96;   85.21;   4.9;    7.5;    3.3;    2.5;  14.1;   7.2;   4;    2.900;   0;eor
Kiel;20151129;   3;    7.4;   9.1;   7.1;  993.72;   88.00;   7.1;   10.2;    3.1;    2.4;  24.9;  18.2;   4;    0.000;   0;eor
Kiel;20151130;   3;    4.9;   7.2;   5.8; 1001.29;   83.75;   6.0;    6.8;    3.2;    2.3;  20.5;   3.1;   4;    0.183;   0;eor
Kiel;20151201;   3;    5.8;   7.9;   5.5; 1012.96;   86.50;   3.5;    8.1;    3.9;    1.8;  10.2;   2.8;   4;    0.767;   0;eor
Kiel;20151202;   3;   10.0;  10.6;   7.9; 1017.15;   86.63;   4.4;   10.6;    6.0;    5.7;  11.7;   0.0;   4;    0.000;   0;eor
Kiel;20151203;   3;    9.4;  10.2;   7.8; 1019.77;   86.58;   4.0;   10.2;    8.5;    7.6;  10.1;   1.6;   4;    0.000;   0;eor
Kiel;20151204;   3;    8.7;   9.2;   6.5; 1014.48;   82.17;   6.5;    9.9;    7.0;    5.9;  16.5;   0.9;   4;    1.433;   0;eor
Kiel;20151205;   3;    9.1;   8.2;   6.1; 1012.79;   71.21;   6.9;    9.9;    8.1;    6.6;  18.6;   0.4;   4;    0.000;   0;eor
Kiel;20151206;   3;   10.0;   9.8;   7.3; 1010.18;   79.04;   7.6;   12.1;    8.0;    5.9;  20.8;   0.3;   4;    0.083;   0;eor
Kiel;20151207;   3;    7.8;   9.6;   6.2; 1025.98;   90.83;   1.8;    9.9;    5.4;    3.2;   6.0;   0.4;   4;    1.033;   0;eor
Kiel;20151208;   3;    9.9;  10.8;   3.3; 1023.96;   88.58;   2.8;   12.4;    8.5;    6.7;   8.2;   2.7;   4;    4.550;   0;eor
Kiel;20151209;   3;    8.1;   9.4;   3.8; 1024.99;   86.46;   4.4;   10.1;    5.5;    4.0;  12.6;   0.0;   4;    3.983;   0;eor
Kiel;20151210;   3;    6.3;   8.0;   6.0; 1021.44;   84.04;   5.3;    7.8;    5.2;    3.9;  14.0;   3.2;   4;    0.000;   0;eor
Kiel;20151211;   3;    5.5;   8.3;   6.5; 1011.11;   92.29;   4.6;    7.1;    3.9;    2.1;  14.9;   8.5;   4;    1.000;   0;eor
Kiel;20151212;   3;    5.7;   8.1;   5.3; 1010.48;   88.42;   4.2;    7.6;    2.7;    2.1;  14.0;  16.5;   4;    2.150;   0;eor
Kiel;20151213;   3;    3.9;   7.4;   3.0; 1011.23;   92.38;   3.6;    6.8;    0.1;   -3.5;  13.9;   0.0;   0;    4.350;   0;eor
Kiel;20151214;   3;    2.8;   7.0;   6.1; 1018.42;   93.29;   2.1;    4.5;    0.0;   -3.5;   7.3;   0.1;   4;    0.000;   0;eor
Kiel;20151215;   3;    4.5;   7.9;   7.8; 1020.68;   93.92;   2.3;    5.9;    1.9;    0.0;   9.1;   0.2;   4;    0.000;   0;eor
Kiel;20151216;   3;    5.9;   9.0;   8.0; 1019.65;   95.54;   3.1;   10.3;    3.1;    2.9;   7.3;   2.3;   4;    0.000;   0;eor
Kiel;20151217;   3;   11.4;  12.7;   7.0; 1013.19;   94.67;   3.9;   12.5;   10.3;    9.3;   9.7;   1.1;   4;    0.000;   0;eor
Kiel;20151218;   3;   11.1;  12.0;   7.2; 1012.71;   91.04;   4.8;   12.2;   10.2;    9.7;  13.7;   0.3;   4;    0.000;   0;eor
Kiel;20151219;   3;   11.4;  11.9;   6.6; 1013.24;   88.08;   4.4;   12.8;   10.0;    8.7;  11.3;   0.0;   0;    0.500;   0;eor
Kiel;20151220;   3;   11.8;  11.3;   4.2; 1010.24;   81.21;   4.4;   12.9;   11.0;    9.7;  10.6;   0.1;   4;    0.000;   0;eor
Kiel;20151221;   3;   10.3;  10.3;   7.3; 1008.14;   81.58;   5.8;   11.6;    8.3;    7.5;  20.8;   4.6;   4;    0.217;   0;eor
Kiel;20151222;   3;   10.8;  11.4;   5.7; 1009.04;   86.63;   6.9;   13.4;    8.1;    6.3;  19.2;   3.8;   4;    0.000;   0;eor
Kiel;20151223;   3;   10.2;  10.5;   5.0; 1011.99;   83.29;   6.8;   12.9;    6.3;    4.5;  22.6;   3.0;   4;    0.233;   0;eor
Kiel;20151224;   3;    8.3;   9.4;   3.1; 1014.16;   85.13;   4.9;   12.2;    5.8;    4.3;  19.3;   1.0;   4;    2.517;   0;eor
Kiel;20151225;   3;    7.6;   8.4;   2.8; 1016.25;   80.58;   4.9;    8.8;    6.5;    5.0;  14.3;  10.4;   4;    3.483;   0;eor
Kiel;20151226;   3;   12.5;  12.8;   7.8; 1011.67;   88.71;   7.7;   13.7;    7.9;    7.3;  20.9;   9.2;   4;    0.000;   0;eor
Kiel;20151227;   3;   10.1;  10.3;   5.8; 1015.78;   82.79;   5.5;   12.3;    6.1;    4.4;  16.4;   0.0;   4;    0.000;   0;eor
Kiel;20151228;   3;    4.6;   7.4;   6.2; 1027.27;   87.17;   3.9;    7.3;    1.7;   -2.0;  12.2;   0.0;   0;    0.000;   0;eor
Kiel;20151229;   3;    4.8;   7.2;   7.5; 1026.01;   83.63;   4.5;    6.0;    3.7;    2.9;  13.9;   0.0;   0;    0.617;   0;eor
Kiel;20151230;   3;    4.7;   7.2;   6.7; 1024.32;   84.13;   4.3;    6.0;    1.6;    0.5;  13.7;   0.0;   0;    0.000;   0;eor
Kiel;20151231;   3;    2.7;   6.4;   4.5; 1015.62;   84.17;   4.1;    5.9;    0.7;   -0.3;  12.1;   1.8;   4;    0.000;   0;eor
Kiel;20160101;   3;    4.1;   8.0;   5.0; 1020.38;   97.21;   2.1;    5.4;    2.2;    0.4;   6.6;   0.0;   4;    0.017;   0;eor
Kiel;20160102;   3;    0.0;   5.6;   8.0; 1018.24;   88.58;   6.5;    4.2;   -5.2;   -5.0;  14.6;   0.0;   0;    0.000;   0;eor
Kiel;20160103;   3;   -5.6;   3.3;   7.4; 1010.24;   82.63;   6.3;   -4.8;   -6.2;   -6.4;  14.1;   0.0;   0;    0.000;   0;eor
Kiel;20160104;   3;   -6.0;   3.2;   4.5;  995.50;   82.50;   5.8;   -5.1;   -7.4;   -8.1;  12.5;   0.0;   0;    1.117;   0;eor
Kiel;20160105;   3;   -4.2;   3.1;   1.1;  997.95;   69.88;   5.7;   -2.3;   -6.0;   -7.1;  13.4;   0.0;   0;    2.667;   0;eor
Kiel;20160106;   3;   -3.5;   3.0;   0.0; 1002.70;   64.38;   4.7;   -2.0;   -4.7;   -6.3;  10.7;   0.0;   0;    4.767;   0;eor
Kiel;20160107;   3;   -3.8;   3.7;   5.6;  997.84;   79.88;   4.7;   -2.1;   -5.6;   -6.5;  11.4;   5.7;   4;    0.233;   0;eor
Kiel;20160108;   3;    0.8;   5.9;   7.4;  990.76;   91.58;   5.7;    3.1;   -2.5;   -2.8;  19.2;   3.6;   4;    0.000;   3;eor
Kiel;20160109;   3;    2.0;   6.2;   3.4;  997.71;   87.29;   2.4;    4.6;    0.6;   -1.7;   6.7;   0.0;   4;    1.750;   0;eor
Kiel;20160110;   3;    2.2;   7.0;   6.0;  989.66;   96.92;   3.1;    3.7;    0.2;   -0.6;   9.5;   5.4;   4;    0.000;   0;eor
Kiel;20160111;   3;    2.3;   7.0;   6.5;  986.63;   97.50;   2.0;    3.8;    0.9;   -0.3;   5.4;   0.5;   4;    0.350;   0;eor
Kiel;20160112;   3;    3.3;   7.7;   7.8;  986.99;   98.75;   2.2;    5.1;    1.8;    1.2;   7.3;   5.3;   4;    0.000;   0;eor
Kiel;20160113;   3;    2.4;   6.9;   7.9; 1000.67;   94.33;   3.0;    4.2;    1.3;   -0.3;  13.6;   0.7;   4;    0.000;   0;eor
Kiel;20160114;   3;    1.9;   6.7;   7.0; 1002.90;   94.92;   2.6;    3.0;    0.8;   -0.7;   9.1;   0.5;   4;    0.000;   0;eor
Kiel;20160115;   3;    1.4;   6.3;   7.9; 1006.88;   93.17;   3.9;    2.6;    0.1;   -0.6;   9.0;   0.0;   0;    0.017;   0;eor
Kiel;20160116;   3;    0.0;   5.7;   7.9; 1014.29;   94.13;   1.6;    0.9;   -1.2;   -2.3;   5.0;   0.1;   4;    0.000;   0;eor
Kiel;20160117;   3;   -1.8;   4.2;   4.8; 1020.05;   78.38;   3.6;    0.3;   -6.0;   -7.6;  10.2;   0.0;   0;    2.667;   0;eor
Kiel;20160118;   3;   -2.8;   4.5;   5.0; 1016.66;   89.67;   2.7;   -0.2;   -4.6;   -6.0;   6.4;   0.0;   0;    1.667;   0;eor
Kiel;20160119;   3;   -2.8;   4.3;   7.7; 1009.01;   87.00;   3.8;   -1.0;   -4.3;   -5.0;  10.9;   0.5;   4;    0.000;   1;eor
Kiel;20160120;   3;   -2.6;   4.7;   6.8; 1011.75;   92.50;   2.2;   -0.4;   -6.9;  -11.3;   5.7;   0.0;   0;    0.750;   1;eor
Kiel;20160121;   3;   -5.1;   3.9;   5.8; 1023.43;   94.25;   2.2;   -3.2;   -6.7;   -8.5;   6.5;   0.0;   4;    2.483;   1;eor
Kiel;20160122;   3;   -4.9;   3.6;   2.6; 1024.03;   84.71;   2.8;   -1.5;   -8.3;   -9.9;   9.1;   3.1;   4;    4.850;   1;eor
Kiel;20160123;   3;    1.3;   6.7;   7.1; 1021.43;   96.42;   2.8;    4.9;   -3.1;   -3.3;   6.9;   0.0;   4;    0.000;   3;eor
Kiel;20160124;   3;    4.9;   8.5;   7.7; 1023.10;   98.38;   3.3;    7.3;    3.1;    2.6;   9.0;   2.0;   4;    0.067;   1;eor
Kiel;20160125;   3;    8.3;  10.9;   6.8; 1017.89;   99.13;   3.7;    9.9;    6.6;    6.1;   9.4;   0.0;   4;    0.000;   0;eor
Kiel;20160126;   3;    8.5;   9.6;   7.5; 1011.54;   86.38;   5.4;   10.4;    5.9;    4.7;  16.6;   5.0;   4;    0.633;   0;eor
Kiel;20160127;   3;    9.9;  11.8;   7.7; 1002.42;   96.42;   7.0;   11.2;    8.3;    7.6;  17.5;   6.6;   4;    0.000;   0;eor
Kiel;20160128;   3;    6.4;   7.6;   5.5; 1011.05;   78.75;   6.8;    9.4;    4.6;    3.0;  15.5;   0.2;   4;    3.233;   0;eor
Kiel;20160129;   3;    7.0;   9.2;   7.8; 1009.16;   90.54;   6.4;    9.9;    4.1;    2.6;  20.3;  13.5;   4;    0.000;   0;eor
Kiel;20160130;   3;    6.6;   8.8;   6.5;  997.89;   88.75;   5.9;    9.2;    1.6;    0.3;  18.1;  13.9;   4;    0.233;   0;eor
Kiel;20160131;   3;    3.5;   7.0;   6.8;  998.14;   89.42;   5.5;    5.4;    1.5;    0.5;  15.4;  14.9;   4;    0.133;   0;eor
Kiel;20160201;   3;    6.8;   9.4;   7.2; 1002.31;   94.29;   6.1;   10.6;    2.9;    0.8;  21.1;   4.4;   4;    0.000;   0;eor
Kiel;20160202;   3;    7.5;   7.8;   7.0;  998.43;   75.17;   9.5;    9.3;    5.1;    4.4;  22.6;   3.8;   4;    0.000;   0;eor
Kiel;20160203;   3;    4.5;   6.8;   4.1; 1003.84;   80.83;   6.9;    6.7;    2.1;    0.2;  20.5;   2.8;   4;    0.500;   0;eor
Kiel;20160204;   3;    2.7;   6.6;   3.9; 1012.23;   88.54;   4.1;    6.3;    0.5;   -2.1;  14.0;   1.1;   4;    2.267;   0;eor
Kiel;20160205;   3;    4.2;   8.1;   7.4; 1015.09;   96.04;   3.1;    7.7;    0.0;   -2.4;   9.2;   2.0;   4;    0.000;   0;eor
Kiel;20160206;   3;    8.6;   9.8;   7.1; 1005.31;   87.71;   4.0;   10.1;    7.0;    5.1;  10.2;   0.0;   4;    0.117;   0;eor
Kiel;20160207;   3;    8.3;   8.0;   3.7;  994.41;   72.96;   4.4;   11.7;    6.4;    4.7;  12.8;   0.8;   4;    0.667;   0;eor
Kiel;20160208;   3;    7.0;   8.0;   6.3;  983.68;   80.25;   6.3;   10.4;    4.7;    3.8;  16.5;  19.1;   4;    0.717;   0;eor
Kiel;20160209;   3;    5.6;   7.8;   6.8;  980.65;   85.92;   5.7;    7.5;    0.3;    0.0;  16.2;  19.5;   4;    2.350;   0;eor
Kiel;20160210;   3;    3.2;   7.3;   7.8;  983.69;   94.04;   3.6;    4.6;    0.3;    0.1;  10.1;   0.6;   4;    0.050;   0;eor
Kiel;20160211;   3;    4.4;   8.0;   7.8;  993.88;   96.00;   2.8;    6.5;    3.4;    2.8;   7.8;   3.8;   4;    0.400;   0;eor
Kiel;20160212;   3;    2.7;   7.1;   7.6;  997.33;   96.42;   1.4;    4.5;    0.0;   -1.0;   5.2;   1.8;   4;    0.183;   0;eor
Kiel;20160213;   3;    1.3;   6.4;   6.6;  993.19;   95.29;   2.9;    3.1;   -2.7;   -5.1;  10.5;   0.0;   4;    0.417;   0;eor
Kiel;20160214;   3;    2.5;   6.5;   7.8;  991.35;   88.63;   8.3;    3.4;    1.4;    1.0;  14.7;   1.6;   4;    0.000;   0;eor
Kiel;20160215;   3;    0.8;   5.2;   7.4; 1012.63;   79.88;   6.2;    2.6;   -2.7;   -4.7;  12.6;   0.0;   0;    0.000;   0;eor
Kiel;20160216;   3;   -0.4;   4.8;   0.7; 1031.92;   81.67;   2.0;    4.7;   -5.6;   -7.4;   5.6;   0.0;   0;    7.767;   0;eor
Kiel;20160217;   3;    0.5;   4.8;   2.9; 1022.28;   75.79;   3.2;    3.1;   -2.0;   -4.5;   9.0;   0.2;   4;    6.767;   0;eor
Kiel;20160218;   3;    1.0;   5.8;   6.4; 1011.70;   89.13;   2.1;    3.6;   -0.4;   -2.9;   6.4;   0.0;   0;    2.483;   0;eor
Kiel;20160219;   3;    2.0;   6.4;   6.3; 1013.54;   91.38;   2.5;    5.8;    0.3;   -0.6;   8.8;   1.0;   4;    0.967;   0;eor
Kiel;20160220;   3;    4.2;   7.8;   7.0; 1000.51;   92.92;   5.3;    7.2;    1.1;   -0.2;  14.4;   8.8;   4;    0.000;   0;eor
Kiel;20160221;   3;    6.9;   9.2;   7.8;  996.09;   92.13;   5.5;    9.7;    5.3;    4.7;  18.0;   8.8;   4;    0.000;   0;eor
Kiel;20160222;   3;    5.4;   7.6;   6.4;  995.65;   84.88;   6.0;    6.8;    3.6;    2.3;  15.4;   0.5;   4;    0.883;   0;eor
Kiel;20160223;   3;    4.5;   7.1;   3.4; 1002.50;   85.00;   5.2;    8.0;    1.9;    0.0;  14.7;   1.5;   4;    5.967;   0;eor
Kiel;20160224;   3;    2.2;   6.1;   3.3; 1007.90;   86.38;   4.4;    6.4;    0.1;   -1.5;  12.5;   0.2;   4;    6.117;   0;eor
Kiel;20160225;   3;    2.0;   6.5;   6.2; 1005.00;   92.33;   3.3;    5.0;    0.2;   -1.5;  12.0;   2.8;   4;    2.617;   0;eor
Kiel;20160226;   3;    2.0;   6.4;   4.9; 1007.47;   90.96;   2.6;    5.8;   -0.6;   -4.0;   7.6;   0.0;   0;    3.450;   0;eor
Kiel;20160227;   3;   -0.1;   6.0;   5.9; 1011.32;   99.00;   1.5;    3.0;   -3.9;   -5.9;   4.5;   0.0;   4;    1.783;   0;eor
Kiel;20160228;   3;    0.9;   5.9;   4.5; 1017.22;   91.58;   1.3;    5.4;   -3.5;   -5.7;   4.8;   0.0;   4;    6.150;   0;eor
Kiel;20160229;   3;    0.4;   5.3;   7.6; 1023.42;   84.13;   3.1;    3.4;   -3.4;   -4.0;   7.8;   0.0;   0;    1.050;   0;eor
Kiel;20160301;   3;    1.6;   5.1;   6.8; 1012.45;   75.42;   3.2;    3.1;   -0.1;   -0.4;  11.3;   2.3;   4;    1.983;   0;eor
Kiel;20160302;   3;    3.5;   7.7;   6.4;  991.75;   97.83;   3.9;    6.7;    0.2;   -2.7;  12.1;   8.0;   4;    0.000;   0;eor
Kiel;20160303;   3;    3.2;   6.7;   6.3;  996.80;   87.83;   2.1;    6.6;    1.0;   -0.5;   7.4;   0.5;   4;    0.117;   0;eor
Kiel;20160304;   3;    2.9;   6.6;   5.7;  998.06;   88.13;   3.3;    5.4;    0.1;   -0.4;   8.8;   2.7;   4;    2.517;   0;eor
Kiel;20160305;   3;    3.0;   7.1;   8.0;  993.42;   94.46;   1.9;    4.4;    1.6;    0.7;   6.3;   3.4;   4;    0.000;   0;eor
Kiel;20160306;   3;    3.3;   7.0;   7.7;  993.51;   90.75;   3.0;    6.4;    0.9;    0.3;   9.6;   0.0;   4;    1.183;   0;eor
Kiel;20160307;   3;    3.6;   6.6;   7.1;  999.15;   83.88;   3.0;    7.2;    1.8;   -0.2;  10.3;   0.0;   4;    2.550;   0;eor
Kiel;20160308;   3;    2.8;   6.3;   4.5; 1008.14;   84.79;   2.7;    6.3;   -0.5;   -2.7;   9.6;   0.0;   4;    3.333;   0;eor
Kiel;20160309;   3;    3.9;   5.9;   1.6; 1009.74;   74.54;   2.8;    8.3;    0.1;   -3.9;   8.1;   0.0;   0;    8.967;   0;eor
Kiel;20160310;   3;    3.0;   6.9;   6.5; 1020.23;   90.83;   4.5;    4.9;   -1.8;   -4.5;   9.7;   0.0;   0;    0.283;   0;eor
Kiel;20160311;   3;    2.8;   6.0;   7.9; 1028.09;   80.50;   4.2;    4.3;    1.7;   -0.3;   8.9;   0.0;   0;    0.033;   0;eor
Kiel;20160312;   3;    1.9;   6.0;   7.9; 1031.44;   86.38;   2.6;    3.7;    0.1;   -1.9;   6.4;   0.0;   0;    0.100;   0;eor
Kiel;20160313;   3;    0.4;   6.0;   7.8; 1035.51;   95.04;   2.5;    1.6;   -1.5;   -3.6;   5.7;   0.0;   0;    0.000;   0;eor
Kiel;20160314;   3;    3.4;   7.4;   7.9; 1031.42;   93.92;   2.2;    5.6;   -0.6;   -1.0;   6.6;   0.0;   0;    0.000;   0;eor
Kiel;20160315;   3;    4.3;   7.6;   5.3; 1027.45;   92.00;   4.3;    7.4;    2.0;    0.1;  11.0;   0.0;   4;    3.517;   0;eor
Kiel;20160316;   3;    3.5;   6.6;   2.2; 1031.48;   85.04;   3.1;    8.0;   -1.7;   -4.9;   8.3;   0.0;   0;    9.100;   0;eor
Kiel;20160317;   3;    3.9;   6.6;   1.5; 1024.96;   82.88;   3.2;   11.4;   -3.2;   -6.3;  11.1;   0.0;   4;   11.350;   0;eor
Kiel;20160318;   3;    3.8;   7.8;   6.4; 1015.90;   97.08;   3.3;    6.5;   -1.3;   -3.5;   9.3;   0.0;   4;    0.000;   0;eor
Kiel;20160319;   3;    3.4;   6.9;   6.3; 1015.29;   88.42;   3.9;    7.9;   -2.8;   -4.5;  11.7;   0.0;   4;    3.067;   0;eor
Kiel;20160320;   3;    6.7;   7.7;   6.6; 1009.85;   78.50;   5.8;   10.3;    4.2;    2.3;  14.2;   0.0;   4;    2.983;   0;eor
Kiel;20160321;   3;    6.5;   8.2;   7.5; 1007.94;   84.63;   6.3;    9.8;    4.7;    3.1;  15.0;   0.1;   4;    0.267;   0;eor
Kiel;20160322;   3;    6.4;   8.0;   7.2; 1005.93;   84.33;   4.5;    9.9;    3.5;    1.6;  10.5;   0.0;   4;    0.433;   0;eor
Kiel;20160323;   3;    5.9;   7.1;   3.6; 1005.73;   78.33;   4.0;   10.6;   -0.8;   -3.5;  10.6;   0.0;   0;    9.133;   0;eor
Kiel;20160324;   3;    4.3;   7.2;   5.5; 1008.24;   86.96;   2.3;   10.6;   -3.4;   -6.1;   8.6;   1.2;   4;    4.083;   0;eor
Kiel;20160325;   3;    6.8;   9.7;   7.3; 1005.76;   96.96;   3.1;    8.7;    2.6;    0.4;   7.1;   0.7;   4;    0.000;   0;eor
Kiel;20160326;   3;    7.4;   8.0;   3.0; 1011.17;   79.96;   3.4;   13.0;    1.9;    1.0;  10.5;   0.0;   0;    6.917;   0;eor
Kiel;20160327;   3;    8.2;   8.9;   3.1; 1003.05;   81.63;   3.9;   11.2;    6.6;    5.2;  11.5;   2.9;   4;    0.933;   0;eor
Kiel;20160328;   3;    8.5;   8.2;   3.3;  996.45;   74.38;   4.6;   14.0;    5.5;    3.3;  18.3;   2.1;   4;    5.067;   0;eor
Kiel;20160329;   3;    7.1;   7.9;   4.7;  998.85;   78.88;   4.1;   11.4;    3.9;    2.2;  11.3;   1.5;   4;    5.383;   0;eor
Kiel;20160330;   3;    6.2;   7.9;   5.2; 1002.36;   83.83;   4.7;   10.2;    4.0;    2.7;  15.3;   2.5;   4;    3.383;   0;eor
Kiel;20160331;   3;    6.6;   7.6;   5.0; 1010.23;   78.54;   3.6;   10.1;    3.2;    1.6;   9.2;   0.0;   4;    6.017;   0;eor
Kiel;20160401;   3;    5.3;   6.1;   0.9; 1017.60;   70.38;   2.5;   11.6;   -3.3;   -5.0;   6.3;   0.0;   0;   11.917;   0;eor
Kiel;20160402;   3;    9.4;   6.7;   3.6; 1015.55;   57.17;   2.4;   15.2;    5.7;    2.9;   9.1;   0.0;   4;    7.633;   0;eor
Kiel;20160403;   3;   12.0;   9.6;   6.7; 1008.46;   69.50;   1.8;   18.4;    7.4;    4.7;   5.4;   0.2;   4;    1.500;   0;eor
Kiel;20160404;   3;   13.0;  11.9;   6.3; 1004.02;   80.42;   2.4;   21.1;    6.3;    3.1;  13.0;   3.0;   4;    2.667;   0;eor
Kiel;20160405;   3;    9.0;  11.0;   7.5; 1002.64;   95.63;   2.3;   11.4;    6.5;    4.1;  12.4;   4.8;   4;    0.000;   0;eor
Kiel;20160406;   3;    9.2;   9.3;   7.5; 1000.39;   80.63;   4.9;   13.3;    6.2;    5.3;  13.0;   1.6;   4;    1.217;   0;eor
Kiel;20160407;   3;    6.9;   8.0;   5.1; 1000.85;   80.71;   5.1;   10.1;    4.5;    3.2;  16.5;   3.2;   4;    5.033;   0;eor
Kiel;20160408;   3;    6.9;   8.3;   5.3; 1005.60;   83.88;   3.7;   10.6;    2.7;   -0.9;  10.4;   5.5;   4;    3.300;   0;eor
Kiel;20160409;   3;    6.7;   8.0;   3.0; 1007.56;   82.13;   2.3;   11.6;    0.3;   -2.6;   7.1;   0.0;   0;    5.967;   0;eor
Kiel;20160410;   3;    7.9;   7.7;   4.9; 1012.71;   72.67;   3.6;   12.3;    4.7;    0.7;   8.8;   0.0;   0;    4.750;   0;eor
Kiel;20160411;   3;    7.5;   8.2;   3.5; 1015.58;   79.88;   5.3;   11.8;    3.3;   -0.1;  11.9;   2.2;   4;    9.900;   0;eor
Kiel;20160412;   3;    6.8;   9.3;   5.1; 1009.02;   93.58;   3.9;   10.1;    3.2;    0.9;   8.9;   0.7;   4;    3.050;   0;eor
Kiel;20160413;   3;    7.5;   9.6;   6.1; 1004.88;   92.54;   2.8;   11.1;    3.2;    1.1;   7.2;   0.0;   4;    3.450;   0;eor
Kiel;20160414;   3;    7.8;   8.6;   5.6; 1007.80;   82.54;   2.1;   11.1;    2.9;    1.2;   6.6;   0.0;   4;    3.917;   0;eor
Kiel;20160415;   3;    9.4;   9.8;   6.0;  999.18;   82.54;   2.6;   11.8;    6.0;    3.4;   8.4;   0.1;   4;    0.933;   0;eor
Kiel;20160416;   3;    9.6;   9.6;   6.6;  995.06;   81.33;   4.1;   14.9;    5.0;    3.5;  14.9;   1.1;   4;    3.933;   0;eor
Kiel;20160417;   3;    7.0;   7.1;   2.6; 1004.27;   71.67;   5.8;   11.7;    4.0;    1.8;  14.9;   0.1;   4;   10.117;   0;eor
Kiel;20160418;   3;    7.3;   7.8;   6.5; 1012.19;   77.46;   5.0;   10.4;    2.8;    0.0;  15.1;   0.5;   4;    0.517;   0;eor
Kiel;20160419;   3;    8.0;   8.1;   5.5; 1016.26;   75.75;   7.6;   11.4;    5.9;    4.0;  17.6;   0.1;   4;    5.267;   0;eor
Kiel;20160420;   3;    7.5;   7.2;   2.2; 1024.64;   70.46;   5.7;   12.0;    2.0;   -1.4;  12.0;   0.0;   0;   11.767;   0;eor
Kiel;20160421;   3;    7.5;   7.7;   1.7; 1021.20;   76.13;   4.6;   13.2;    0.7;   -2.3;  12.4;   0.0;   0;   10.867;   0;eor
Kiel;20160422;   3;    7.2;   7.2;   2.8; 1014.43;   72.42;   5.1;   12.6;    1.8;   -2.1;  10.6;   0.0;   0;    9.133;-999;eor
Kiel;20160423;   3;    4.7;   6.0;   1.8; 1007.43;   73.21;   4.0;   11.1;   -0.8;   -3.0;  13.0;   0.1;   4;    9.233;-999;eor
Kiel;20160424;   3;    3.1;   6.1;   3.2; 1005.49;   80.75;   3.1;    7.3;   -1.0;   -2.8;   8.3;   0.0;   4;    8.700;-999;eor
Kiel;20160425;   3;    3.3;   6.8;   6.5;  999.62;   88.25;   3.5;    6.8;   -1.1;   -3.4;  10.2;   8.8;   4;    1.217;-999;eor
Kiel;20160426;   3;    1.9;   6.7;   7.1;  992.44;   96.00;   2.3;    5.1;    0.3;    0.0;   7.8;  19.1;   4;    0.450;-999;eor
Kiel;20160427;   3;    3.7;   7.4;   7.3;  995.61;   92.58;   2.4;    6.7;    1.1;    0.2;   7.8;   4.5;   4;    0.250;   0;eor
Kiel;20160428;   3;    5.6;   7.2;   5.3; 1006.45;   80.33;   3.9;    9.9;    1.9;    0.0;  13.5;   1.3;   4;    5.333;   0;eor
Kiel;20160429;   3;    6.7;   7.9;   5.1; 1010.68;   81.63;   3.6;   11.9;    2.4;    0.7;  14.6;   4.9;   4;    4.900;   0;eor
Kiel;20160430;   3;    7.0;   9.1;   6.3; 1015.86;   90.33;   1.7;    9.0;    2.7;    0.3;   5.7;   2.4;   4;    0.233;   0;eor
Kiel;20160501;   3;    7.7;   8.1;   0.0; 1023.54;   78.96;   2.9;   12.3;    2.9;    0.0;   6.9;   0.0;   0;   13.717;   0;eor
Kiel;20160502;   3;   12.0;   8.6;   0.7; 1019.85;   65.63;   1.8;   20.1;    1.9;   -1.2;   7.8;   0.0;   4;   12.683;   0;eor
Kiel;20160503;   3;    9.8;   9.3;   4.1; 1016.08;   76.79;   3.8;   13.5;    3.0;   -0.2;  11.8;   0.7;   4;    4.217;-999;eor
Kiel;20160504;   3;    8.6;   7.9;   0.7; 1025.29;   72.96;   2.6;   13.8;    1.5;   -1.2;   6.8;   0.0;   0;   13.133;-999;eor
Kiel;20160505;   3;   10.4;   7.5;   0.0; 1024.54;   61.88;   2.8;   16.2;    1.5;   -2.1;   9.1;   0.0;   0;   14.650;-999;eor
Kiel;20160506;   3;   14.5;  10.6;   0.0; 1016.55;   63.63;   3.5;   20.7;    6.4;    2.8;  10.6;   0.0;   0;   13.850;-999;eor
Kiel;20160507;   3;   17.6;  11.1;   0.0; 1013.40;   56.00;   3.2;   23.9;   10.9;    6.1;  10.4;   0.0;   0;   14.800;-999;eor
Kiel;20160508;   3;   17.3;  11.0;   0.0; 1016.48;   56.42;   4.0;   22.9;   11.3;    5.5;  12.1;   0.0;   0;   14.783;-999;eor
Kiel;20160509;   3;   15.4;  12.4;   0.0; 1017.45;   71.13;   4.2;   20.8;    8.9;    6.6;  10.1;   0.0;   0;   14.567;-999;eor
Kiel;20160510;   3;   16.0;  12.8;   0.0; 1012.61;   71.42;   4.4;   22.0;    9.8;    8.0;  11.2;   0.0;   0;   14.633;-999;eor
Kiel;20160511;   3;   15.4;  12.8;   1.0; 1008.59;   74.58;   5.0;   22.1;    9.5;    6.3;  14.1;   0.0;   0;   13.850;-999;eor
Kiel;20160512;   1;   13.0;  11.2;   2.4; 1005.10;   75.42;   6.0;   16.9;    9.9;    7.8;  11.8;   0.0;   0;   13.150;-999;eor
Kiel;20160513;   1;   13.1;  10.3;   0.8; 1001.15;   69.67;   3.5;   21.1;    7.4;    4.5;  12.2;   6.9;   4;   13.183;-999;eor
Kiel;20160514;   1;    8.3;   8.8;   6.5; 1002.57;   80.58;   4.6;   12.6;    4.2;    2.7;  13.5;   3.5;   4;    2.483;-999;eor
Kiel;20160515;   1;    7.6;   8.8;   5.3; 1008.13;   84.42;   4.5;   12.4;    4.1;    2.3;  15.1;   1.7;   4;    4.183;-999;eor
Kiel;20160516;   1;    8.7;   8.3;   4.1; 1011.02;   74.38;   6.0;   12.7;    4.4;    2.6;  14.1;   0.0;   4;    9.983;-999;eor
Kiel;20160517;   1;    9.4;   9.2;   7.5; 1009.54;   77.54;   4.3;   11.9;    6.0;    2.4;  11.4;   0.0;   4;    0.233;-999;eor
Kiel;20160518;   1;   13.0;  10.8;   6.3; 1006.36;   73.00;   2.2;   18.4;    6.9;    3.5;   7.1;   0.0;   0;    6.483;-999;eor
Kiel;20160519;   1;   16.0;  12.3;   5.3; 1006.98;   69.46;   2.1;   20.6;    8.9;    5.7;   7.1;   0.0;   4;    8.683;-999;eor
Kiel;20160520;   1;   14.1;  13.5;   7.3; 1011.08;   84.04;   3.0;   16.9;   11.7;   10.3;  11.3;   2.2;   4;    0.633;-999;eor
Kiel;20160521;   1;   16.6;  13.5;   6.0; 1011.03;   73.75;   2.6;   22.2;    9.6;    5.3;   9.9;   0.0;   4;    3.267;-999;eor
Kiel;20160522;   1;   19.8;  14.7;   4.8; 1005.09;   66.17;   3.3;   27.2;   13.0;   11.9;  10.9;   6.7;   4;    9.417;-999;eor
Kiel;20160523;   1;   14.8;  16.3;   7.6; 1006.58;   97.00;   2.5;   17.2;   13.0;   12.5;   7.8;   1.2;   4;    0.433;-999;eor
Kiel;20160524;   1;   13.2;  14.3;   7.8; 1008.69;   94.29;   3.4;   14.8;   10.4;   10.4;   9.4;   0.5;   4;    0.467;-999;eor
Kiel;20160525;   1;   14.7;  15.3;   7.5; 1010.91;   91.75;   2.5;   19.3;   12.2;   12.2;   5.7;   0.0;   4;    1.817;-999;eor
Kiel;20160526;   1;   13.5;  14.9;   7.8; 1013.25;   96.13;   2.1;   14.8;   11.0;    9.7;   5.0;   2.6;   4;    0.000;-999;eor
Kiel;20160527;   1;   14.4;  13.7;   5.6; 1014.84;   83.92;   2.2;   17.7;   12.1;    9.1;   6.5;   0.0;   4;    6.783;-999;eor
Kiel;20160528;   1;   16.1;  14.0;   4.8; 1013.37;   78.17;   3.8;   20.0;   12.8;   11.2;   8.7;   0.0;   0;    9.950;-999;eor
Kiel;20160529;   1;   15.5;  16.1;   5.9; 1008.37;   91.00;   5.0;   18.9;   12.8;   12.7;  11.2;   0.0;   4;    1.650;-999;eor
Kiel;20160530;   1;   17.5;  17.1;   3.9; 1004.94;   85.83;   5.8;   21.8;   14.3;   13.0;  13.4;   0.0;   0;   10.783;-999;eor
Kiel;20160531;   1;   18.0;  17.5;   3.7; 1009.00;   85.29;   4.6;   21.8;   14.6;   13.5;  10.3;   1.2;   4;   12.417;-999;eor
Kiel;20160601;   1;   18.8;  17.9;   4.5; 1011.05;   83.54;   5.1;   23.9;   14.9;   13.8;  11.8;   0.0;   4;    8.150;-999;eor
Kiel;20160602;   1;   18.6;  18.2;   3.1; 1009.80;   84.96;   4.3;   23.1;   15.5;   14.3;   9.7;   0.0;   0;    9.650;-999;eor
Kiel;20160603;   1;   18.9;  17.5;   0.7; 1011.14;   80.92;   3.6;   24.6;   15.1;   10.9;   8.2;   0.0;   0;   13.933;-999;eor
Kiel;20160604;   1;   20.2;  15.1;   0.0; 1011.52;   66.67;   2.4;   25.8;   13.1;    9.7;   6.1;   0.0;   0;   14.733;-999;eor
Kiel;20160605;   1;   20.9;  16.3;   0.0; 1014.20;   68.67;   2.4;   26.8;   12.4;    9.4;   6.5;   0.0;   0;   15.683;-999;eor
Kiel;20160606;   1;   19.1;  14.8;   1.4; 1018.86;   67.75;   3.7;   24.1;   13.1;   10.5;  10.1;   0.0;   0;   15.817;-999;eor
Kiel;20160607;   1;   19.6;  13.9;   1.8; 1018.29;   61.67;   3.1;   27.6;   12.0;   10.9;   7.8;   0.0;   0;   14.550;-999;eor
Kiel;20160608;   1;   16.0;  13.5;   6.8; 1014.57;   74.63;   4.5;   20.9;   11.6;   11.1;  11.6;   0.0;   4;    5.617;-999;eor
Kiel;20160609;   1;   15.7;  12.1;   1.4; 1013.03;   69.50;   3.7;   22.8;    9.4;    7.8;  11.4;   0.0;   0;   14.217;-999;eor
Kiel;20160610;   1;   14.4;  11.2;   3.9; 1007.82;   69.58;   4.1;   20.8;    9.0;    5.5;  11.2;   0.0;   0;    8.983;-999;eor
