STATIONS_ID; MESS_DATUM; QUALITAETS_NIVEAU; LUFTTEMPERATUR;DAMPFDRUCK;BEDECKUNGSGRAD;LUFTDRUCK_STATIONSHOEHE;REL_FEUCHTE; WINDGESCHWINDIGKEIT; LUFTTEMPERATUR_MAXIMUM;LUFTTEMPERATUR_MINIMUM;LUFTTEMP_AM_ERDB_MINIMUM; WINDSPITZE_MAXIMUM; NIEDERSCHLAGSHOEHE;NIEDERSCHLAGSHOEHE_IND;SONNENSCHEINDAUER; SCHNEEHOEHE;eor
     Koeln_Bonn;20141130;   3;    3.2;   6.8;   7.9; 1000.98;   87.79;   3.6;    3.6;    2.7;    2.6;   7.3;   0.0;   6;    0.000;   0;eor
     Koeln_Bonn;20141201;   3;    3.3;   6.3;   8.0;  999.18;   81.21;   2.8;    4.2;    2.1;    2.0;   7.5;   0.0;   6;    0.000;   0;eor
     Koeln_Bonn;20141202;   3;    2.4;   6.1;   8.0; 1001.65;   84.71;   1.6;    3.5;    1.3;    1.2;   4.1;   0.1;   6;    0.000;   0;eor
     Koeln_Bonn;20141203;   3;    1.2;   5.6;   7.4; 1007.38;   83.83;   2.6;    2.5;   -0.1;   -1.9;   5.4;   0.0;   6;    0.000;   0;eor
     Koeln_Bonn;20141204;   3;    2.3;   6.1;   7.8; 1004.83;   84.96;   1.7;    3.1;    0.9;    0.9;   4.6;   0.0;   6;    0.000;   0;eor
     Koeln_Bonn;20141205;   3;    3.9;   6.9;   7.8; 1006.61;   85.08;   1.6;    5.4;    2.5;    2.4;   3.9;   0.0;   6;    0.000;   0;eor
     Koeln_Bonn;20141206;   3;    4.7;   7.7;   7.9; 1011.29;   90.67;   1.2;    5.6;    2.7;    0.7;   4.6;   0.0;   6;    0.000;   0;eor
     Koeln_Bonn;20141207;   3;    4.0;   7.2;   7.1; 1008.78;   88.71;   2.6;    6.6;    1.7;    0.7;   7.6;   3.9;   6;    3.783;   0;eor
     Koeln_Bonn;20141208;   3;    2.8;   6.5;   4.8; 1006.82;   87.08;   2.7;    6.6;   -0.3;   -2.0;   6.5;   5.5;   8;    4.650;   0;eor
     Koeln_Bonn;20141209;   3;    2.6;   6.9;   7.3; 1014.27;   93.67;   2.0;    4.2;    1.0;   -0.2;   6.6;   0.6;   6;    0.000;   0;eor
     Koeln_Bonn;20141210;   3;    4.6;   6.9;   6.0; 1006.38;   81.33;   4.3;    7.5;    2.5;    0.6;  11.8;   2.9;   6;    0.000;   0;eor
     Koeln_Bonn;20141211;   3;    5.4;   7.2;   6.7;  999.19;   80.08;   4.8;    8.4;    1.6;    0.3;  16.1;   2.5;   6;    0.317;   0;eor
     Koeln_Bonn;20141212;   3;    8.5;   8.8;   7.8;  990.85;   79.33;   6.2;   11.0;    5.6;    5.0;  16.3;   7.0;   6;    0.000;   0;eor
     Koeln_Bonn;20141213;   3;    3.6;   7.5;   8.0;  999.02;   94.25;   1.9;    6.1;    1.6;    1.5;   5.4;   7.7;   6;    0.000;   0;eor
     Koeln_Bonn;20141214;   3;    1.5;   6.4;   4.4; 1004.75;   93.79;   1.9;    5.4;   -1.5;   -4.1;   5.8;   0.0;   0;    2.117;   0;eor
     Koeln_Bonn;20141215;   3;    3.0;   6.6;   6.7; 1002.74;   86.08;   3.3;    5.4;   -1.0;   -3.1;   7.3;   0.6;   6;    0.000;   0;eor
     Koeln_Bonn;20141216;   3;    5.0;   7.8;   7.1; 1001.47;   89.83;   2.3;    6.9;    1.9;   -1.2;   8.2;   0.8;   6;    0.100;   0;eor
     Koeln_Bonn;20141217;   3;    5.9;   8.9;   7.8;  996.89;   93.79;   3.0;    9.8;    2.4;    0.7;   8.5;   7.7;   6;    0.000;   0;eor
     Koeln_Bonn;20141218;   3;   11.3;  12.0;   8.0; 1000.38;   90.08;   3.8;   13.7;    9.4;    8.9;  12.7;   1.0;   6;    0.000;   0;eor
     Koeln_Bonn;20141219;   3;    9.6;  10.1;   5.8; 1002.80;   83.08;   5.2;   12.9;    4.5;    1.4;  14.2;   9.2;   6;    0.000;   0;eor
     Koeln_Bonn;20141220;   3;    5.6;   7.3;   4.6; 1010.46;   80.38;   5.1;    7.5;    3.2;    1.2;  18.3;   0.8;   6;    0.000;   0;eor
     Koeln_Bonn;20141221;   3;    6.6;   8.0;   7.0; 1016.16;   82.17;   3.7;    8.6;    3.3;    1.4;  13.1;   0.4;   6;    0.000;   0;eor
     Koeln_Bonn;20141222;   3;   10.1;   9.6;   7.7; 1009.25;   77.50;   5.5;   12.1;    8.3;    7.3;  14.7;   0.0;   6;    0.000;   0;eor
     Koeln_Bonn;20141223;   3;   11.0;   9.7;   7.6; 1008.21;   73.17;   5.8;   12.0;    9.5;    8.8;  14.9;   0.0;   6;    0.017;   0;eor
     Koeln_Bonn;20141224;   3;    8.3;   8.7;   7.8; 1005.73;   80.25;   5.1;    9.7;    4.7;    3.2;  12.4;   5.5;   6;    0.000;   0;eor
     Koeln_Bonn;20141225;   3;    4.0;   7.0;   6.0; 1012.43;   86.71;   3.6;    6.7;    0.7;   -2.4;  14.1;   4.0;   8;    0.050;   0;eor
     Koeln_Bonn;20141226;   3;    2.6;   6.9;   7.2; 1015.37;   94.25;   1.8;    3.9;    0.7;   -0.4;   6.2;   2.2;   8;    0.000;   0;eor
     Koeln_Bonn;20141227;   3;    0.7;   5.7;   8.0;  990.25;   88.50;   6.7;    2.7;   -1.3;   -2.5;  16.1;   5.1;   8;    0.000;   0;eor
     Koeln_Bonn;20141228;   3;   -4.2;   3.5;   1.7; 1011.43;   77.92;   2.9;   -1.3;   -7.8;  -10.9;   7.0;   4.2;   7;    6.483;   2;eor
     Koeln_Bonn;20141229;   3;   -0.5;   5.4;   7.5; 1021.09;   90.96;   2.6;    2.5;   -4.0;   -4.2;   9.3;   1.9;   8;    0.317;   6;eor
     Koeln_Bonn;20141230;   3;    1.7;   6.3;   7.4; 1023.38;   91.88;   1.5;    3.3;   -0.7;   -1.6;   5.3;   0.2;   6;    0.067;   4;eor
     Koeln_Bonn;20141231;   3;    3.1;   7.4;   7.3; 1023.09;   96.71;   1.2;    4.7;   -1.4;   -2.7;   3.8;   0.7;   6;    0.000;   0;eor
     Koeln_Bonn;20150101;   3;    1.0;   6.0;   6.5; 1022.60;   91.88;   2.7;    5.0;   -0.9;   -2.6;   8.6;   4.0;   6;    5.950;   0;eor
     Koeln_Bonn;20150102;   3;    4.6;   6.9;   6.0; 1016.20;   80.33;   4.4;    8.7;    0.9;    0.2;  10.4;   4.9;   6;    0.200;   0;eor
     Koeln_Bonn;20150103;   3;    2.1;   6.3;   7.7; 1012.80;   89.42;   2.8;    3.9;    0.1;   -0.4;   6.9;   9.9;   8;    0.000;   0;eor
     Koeln_Bonn;20150104;   3;    2.6;   6.7;   4.3; 1020.43;   91.58;   2.3;    6.1;   -0.9;   -4.2;   9.4;   0.0;   0;    5.117;   0;eor
     Koeln_Bonn;20150105;   3;    1.0;   5.5;   4.2; 1020.84;   84.25;   1.5;    5.4;   -1.7;   -3.9;   3.9;   0.0;   0;    6.267;   0;eor
     Koeln_Bonn;20150106;   3;    0.9;   5.2;   5.3; 1012.09;   80.83;   2.9;    3.9;   -2.3;   -5.2;   7.3;   1.6;   6;    1.983;   0;eor
     Koeln_Bonn;20150107;   3;    3.6;   6.9;   6.9; 1015.96;   87.42;   2.8;    7.8;   -0.5;   -1.9;   6.5;   1.9;   6;    2.733;   0;eor
     Koeln_Bonn;20150108;   3;    5.6;   8.4;   8.0; 1011.65;   91.54;   4.4;    8.8;    1.7;    1.3;  15.2;  15.3;   6;    0.000;   0;eor
     Koeln_Bonn;20150109;   3;    8.8;   9.3;   7.3; 1008.72;   80.88;   5.5;   14.6;    3.2;    1.5;  19.3;   7.7;   6;    0.000;   0;eor
     Koeln_Bonn;20150110;   3;   11.5;  10.5;   6.8; 1001.65;   75.33;   7.2;   14.7;    3.0;    1.4;  26.8;   1.9;   6;    0.033;   0;eor
     Koeln_Bonn;20150111;   3;    4.5;   6.2;   6.1; 1007.33;   73.67;   6.0;    6.3;    2.2;    0.4;  16.7;   0.1;   8;    0.417;   0;eor
     Koeln_Bonn;20150112;   3;    7.5;   7.8;   8.0; 1006.36;   74.63;   6.4;    9.3;    6.0;    5.0;  14.3;   0.1;   6;    0.000;   0;eor
     Koeln_Bonn;20150113;   3;    9.6;   8.5;   6.9;  997.24;   71.58;   5.9;   12.3;    5.3;    3.1;  15.5;   3.7;   6;    2.450;   0;eor
     Koeln_Bonn;20150114;   3;    3.7;   6.7;   4.9;  999.13;   83.38;   4.2;    7.9;    0.6;   -1.4;  20.2;   1.3;   6;    0.767;   0;eor
     Koeln_Bonn;20150115;   3;    8.6;   8.0;   7.4;  991.59;   71.96;   6.5;   11.7;    3.1;    2.2;  16.4;   0.4;   6;    0.000;   0;eor
     Koeln_Bonn;20150116;   3;    6.1;   7.4;   7.3;  994.76;   79.04;   2.1;    8.1;    2.5;   -0.5;   9.5;   0.0;   6;    0.150;   0;eor
     Koeln_Bonn;20150117;   3;    2.8;   6.3;   4.5; 1002.84;   83.92;   2.1;    5.6;   -1.2;   -4.0;   8.2;   0.0;   8;    3.750;   0;eor
     Koeln_Bonn;20150118;   3;    1.5;   5.2;   5.0; 1002.83;   76.50;   3.5;    5.0;   -1.3;   -4.3;   7.7;   0.0;   8;    2.083;   0;eor
     Koeln_Bonn;20150119;   3;   -0.4;   5.1;   6.0; 1000.08;   85.92;   1.8;    2.4;   -3.2;   -6.1;   5.4;   0.0;   7;    0.767;   0;eor
     Koeln_Bonn;20150120;   3;    0.4;   5.7;   7.5; 1000.61;   90.67;   1.1;    2.0;   -0.9;   -3.0;   3.0;   0.2;   8;    0.000;   0;eor
     Koeln_Bonn;20150121;   3;    0.2;   4.7;   5.9; 1000.50;   75.42;   3.1;    2.3;   -2.8;   -4.9;   6.8;   0.0;   7;    1.000;   0;eor
     Koeln_Bonn;20150122;   3;    0.7;   5.1;   7.6; 1004.75;   78.79;   2.3;    1.7;   -0.7;   -2.2;   4.7;   0.0;   0;    0.000;   0;eor
     Koeln_Bonn;20150123;   3;    0.6;   5.3;   7.4; 1012.70;   83.33;   2.3;    1.9;   -1.6;   -3.0;   5.2;   0.0;   0;    0.633;   0;eor
     Koeln_Bonn;20150124;   3;   -0.6;   5.6;   5.2; 1010.05;   95.21;   2.2;    0.8;   -2.3;   -8.8;   5.6;   6.3;   7;    0.000;   0;eor
     Koeln_Bonn;20150125;   3;    0.8;   6.4;   7.1; 1017.05;   97.75;   1.1;    3.4;   -2.9;   -9.4;   3.4;   4.6;   8;    0.000;   6;eor
     Koeln_Bonn;20150126;   3;    3.0;   7.3;   7.7; 1009.64;   95.75;   3.4;    5.8;    1.3;    0.9;  11.6;   7.5;   6;    0.000;   1;eor
     Koeln_Bonn;20150127;   3;    3.6;   7.3;   7.4; 1010.25;   91.79;   3.3;    5.3;    1.7;    0.3;   9.3;   2.7;   8;    0.000;   0;eor
     Koeln_Bonn;20150128;   3;    4.0;   6.8;   7.1;  997.02;   83.58;   4.9;    6.7;    1.5;    0.2;  17.0;   2.4;   6;    0.683;   0;eor
     Koeln_Bonn;20150129;   3;    2.9;   5.9;   5.4;  975.58;   79.21;   4.7;    6.7;    0.7;   -1.3;  14.4;   3.2;   8;    1.933;   0;eor
     Koeln_Bonn;20150130;   3;    1.6;   5.8;   7.2;  965.41;   84.75;   3.4;    4.6;    0.3;   -1.4;  10.5;   0.1;   8;    1.050;   1;eor
     Koeln_Bonn;20150131;   3;    2.2;   5.7;   5.5;  970.92;   79.71;   3.1;    6.6;   -2.5;   -4.9;   7.9;   0.0;   8;    2.217;   0;eor
     Koeln_Bonn;20150201;   3;    0.8;   6.0;   7.3;  979.23;   93.00;   1.7;    3.0;   -1.3;   -3.9;   5.9;   4.1;   8;    0.017;   0;eor
     Koeln_Bonn;20150202;   3;    1.5;   6.3;   7.6;  988.74;   92.79;   3.7;    2.2;    0.5;    0.0;  11.0;   1.2;   8;    0.000;   0;eor
     Koeln_Bonn;20150203;   3;    0.7;   5.9;   6.8;  992.75;   91.63;   1.6;    2.6;   -2.8;   -7.9;   6.2;   1.8;   8;    0.000;   0;eor
     Koeln_Bonn;20150204;   3;   -1.6;   5.0;   4.1; 1002.28;   92.58;   1.4;    1.9;   -5.3;  -10.6;   4.9;   0.0;   0;    1.433;   2;eor
     Koeln_Bonn;20150205;   3;   -2.5;   4.0;   5.3; 1009.82;   80.08;   2.4;    0.6;   -6.6;   -9.4;   7.2;   0.0;   7;    1.683;   0;eor
     Koeln_Bonn;20150206;   3;   -1.6;   3.8;   2.4; 1014.38;   70.58;   3.6;    3.4;   -5.5;   -8.6;  10.9;   0.0;   0;    8.233;   0;eor
     Koeln_Bonn;20150207;   3;   -0.7;   4.7;   4.2; 1018.21;   79.00;   2.1;    4.6;   -8.5;  -10.1;   8.4;   3.1;   6;    7.450;   0;eor
     Koeln_Bonn;20150208;   3;    2.7;   5.9;   6.7; 1017.34;   79.42;   4.5;    4.6;    0.0;   -3.0;  11.0;   0.1;   6;    0.933;   0;eor
     Koeln_Bonn;20150209;   3;    4.1;   7.7;   8.0; 1017.70;   94.25;   3.7;    5.2;    2.5;    1.9;   8.5;   1.2;   6;    0.000;   0;eor
     Koeln_Bonn;20150210;   3;    4.8;   8.0;   8.0; 1018.92;   92.83;   2.4;    5.5;    4.2;    3.4;   5.8;   0.0;   6;    0.000;   0;eor
     Koeln_Bonn;20150211;   3;    3.4;   6.3;   5.9; 1014.24;   80.33;   3.9;    5.2;    1.3;    0.0;   7.6;   0.0;   0;    2.883;   0;eor
     Koeln_Bonn;20150212;   3;    2.6;   6.1;   4.3; 1010.26;   82.96;   4.1;    6.1;    0.2;   -1.2;   8.1;   0.0;   0;    4.433;   0;eor
     Koeln_Bonn;20150213;   3;    3.0;   5.9;   2.0; 1004.35;   79.04;   4.9;    8.5;   -0.5;   -1.8;   9.9;   0.0;   0;    8.100;   0;eor
     Koeln_Bonn;20150214;   3;    5.5;   6.5;   4.7;  997.81;   72.08;   4.9;   10.6;   -0.2;   -2.2;  10.0;   0.0;   0;    6.633;   0;eor
     Koeln_Bonn;20150215;   3;    4.2;   5.7;   1.3; 1001.31;   71.50;   2.0;   11.2;   -2.1;   -5.7;   4.8;   0.0;   0;    8.817;   0;eor
     Koeln_Bonn;20150216;   3;    1.9;   5.5;   3.5; 1007.72;   78.75;   3.9;    5.6;   -0.7;   -4.1;   8.5;   0.0;   0;    4.633;   0;eor
     Koeln_Bonn;20150217;   3;    2.4;   6.6;   8.0; 1020.32;   90.83;   1.3;    4.2;    0.6;    0.6;   4.4;   0.5;   6;    0.000;   0;eor
     Koeln_Bonn;20150218;   3;    3.4;   6.7;   7.0; 1027.29;   86.29;   1.6;    5.9;    0.4;   -1.9;   5.0;   0.0;   0;    0.050;   0;eor
     Koeln_Bonn;20150219;   3;    0.8;   5.4;   4.4; 1017.40;   83.42;   3.7;    3.6;   -1.5;   -3.6;  10.1;   0.0;   0;    3.650;   0;eor
     Koeln_Bonn;20150220;   3;    6.3;   6.6;   7.4;  999.76;   69.67;   5.3;    9.9;    1.1;    0.8;  14.6;   0.3;   6;    0.000;   0;eor
     Koeln_Bonn;20150221;   3;    5.0;   6.8;   7.2;  987.87;   79.38;   3.8;    8.1;    1.7;   -0.7;  11.3;   1.8;   6;    1.833;   0;eor
     Koeln_Bonn;20150222;   3;    3.3;   6.1;   6.0;  996.78;   79.88;   2.2;    8.2;    0.4;   -1.6;   9.1;   6.1;   8;    5.000;   0;eor
     Koeln_Bonn;20150223;   3;    2.9;   6.6;   7.2;  986.33;   88.00;   4.2;    8.1;    0.2;    0.0;  15.7;   9.5;   8;    2.233;   1;eor
     Koeln_Bonn;20150224;   3;    4.0;   6.5;   4.7;  994.70;   79.75;   4.0;    7.2;    0.2;   -1.7;  13.5;   3.0;   6;    1.167;   0;eor
     Koeln_Bonn;20150225;   3;    4.0;   6.9;   5.8; 1006.00;   86.17;   2.8;    8.8;    0.5;   -1.2;   8.3;   1.8;   6;    4.767;   0;eor
     Koeln_Bonn;20150226;   3;    6.2;   7.8;   6.8; 1004.80;   83.42;   3.5;    9.4;    2.7;    1.6;   8.7;  11.7;   6;    2.783;   0;eor
     Koeln_Bonn;20150227;   3;    4.5;   7.3;   6.6; 1002.60;   86.17;   3.8;    6.5;   -1.5;   -3.3;  12.1;   1.7;   6;    0.000;   0;eor
     Koeln_Bonn;20150228;   3;    3.4;   5.3;   3.6; 1006.21;   70.79;   3.6;    9.1;   -3.2;   -6.2;  10.5;   4.9;   6;    9.233;   0;eor
     Koeln_Bonn;20150301;   3;    7.4;   7.5;   7.1;  992.48;   73.25;   4.4;   12.3;    3.1;    2.6;  14.3;   2.7;   6;    2.233;   0;eor
     Koeln_Bonn;20150302;   3;    5.3;   6.6;   5.1;  994.90;   74.38;   5.1;   10.3;    1.9;    0.3;  17.6;   0.8;   8;    3.283;   0;eor
     Koeln_Bonn;20150303;   3;    4.5;   6.3;   5.3; 1006.05;   75.83;   4.4;    9.7;    0.4;   -1.1;  16.7;   2.2;   8;    1.917;   0;eor
     Koeln_Bonn;20150304;   3;    4.0;   6.5;   4.7; 1013.39;   80.50;   4.3;    8.6;    1.1;   -0.9;  12.0;   1.6;   8;    2.333;   0;eor
     Koeln_Bonn;20150305;   3;    4.7;   6.9;   6.3; 1024.72;   80.75;   2.8;    8.0;    0.9;   -2.2;   7.7;   0.0;   0;    0.200;   0;eor
     Koeln_Bonn;20150306;   3;    3.8;   6.4;   4.7; 1024.19;   80.96;   1.7;    9.7;   -2.1;   -3.9;   4.3;   0.0;   0;    0.733;   0;eor
     Koeln_Bonn;20150307;   3;    6.6;   6.3;   4.6; 1018.95;   67.08;   3.2;   13.8;   -1.6;   -3.9;   7.4;   0.0;   0;    4.217;   0;eor
     Koeln_Bonn;20150308;   3;   10.2;   6.2;   4.9; 1012.94;   52.96;   2.8;   18.2;    4.1;   -0.3;   7.1;   0.0;   6;    8.300;   0;eor
     Koeln_Bonn;20150309;   3;    7.9;   9.0;   5.6; 1014.40;   84.92;   1.4;   13.3;    3.1;   -0.7;   4.8;   0.0;   6;    3.450;   0;eor
     Koeln_Bonn;20150310;   3;    6.4;   8.6;   5.7; 1015.61;   89.29;   2.0;   12.3;    1.1;   -2.6;   6.8;   0.8;   6;    1.667;   0;eor
     Koeln_Bonn;20150311;   3;    3.9;   6.0;   2.2; 1018.78;   76.54;   1.4;   10.6;   -2.6;   -6.1;   5.3;   0.0;   0;   10.150;   0;eor
     Koeln_Bonn;20150312;   3;    4.9;   5.7;   1.0; 1017.81;   69.42;   2.0;   13.3;   -4.5;   -7.5;   7.3;   0.0;   0;   10.450;   0;eor
     Koeln_Bonn;20150313;   3;    4.5;   5.2;   4.0; 1013.01;   63.21;   4.0;    9.0;   -2.6;   -5.8;  10.1;   0.0;   0;    4.633;   0;eor
     Koeln_Bonn;20150314;   3;    3.7;   6.1;   6.5; 1014.37;   76.79;   2.3;    7.8;   -1.5;   -3.4;   7.8;   0.7;   6;    0.267;   0;eor
     Koeln_Bonn;20150315;   3;    4.7;   6.7;   7.1; 1013.68;   79.38;   2.5;    7.1;    1.2;   -2.9;   7.8;   0.5;   6;    0.000;   0;eor
     Koeln_Bonn;20150316;   3;    5.7;   6.6;   2.5; 1011.33;   74.67;   1.8;   13.8;   -2.4;   -5.5;   6.8;   0.0;   0;    8.933;   0;eor
     Koeln_Bonn;20150317;   3;    9.1;   7.1;   2.4; 1012.09;   66.33;   1.7;   19.1;   -0.9;   -3.0;   5.0;   0.0;   0;   10.150;   0;eor
     Koeln_Bonn;20150318;   3;    8.9;   8.3;   3.8; 1013.57;   74.63;   3.0;   17.7;    0.3;   -2.4;   9.4;   0.0;   6;    9.717;   0;eor
     Koeln_Bonn;20150319;   3;    6.7;   8.9;   8.0; 1015.62;   91.00;   2.9;    8.0;    5.5;    5.6;   5.9;   0.0;   6;    0.000;   0;eor
     Koeln_Bonn;20150320;   3;    5.9;   7.9;   6.1; 1012.63;   85.04;   2.0;   10.3;    3.3;    0.4;   5.5;   0.0;   6;    3.717;   0;eor
     Koeln_Bonn;20150321;   3;    4.7;   7.9;   7.7; 1006.31;   92.25;   2.7;    8.0;    2.8;    1.6;   9.1;   5.2;   6;    0.350;   0;eor
     Koeln_Bonn;20150322;   3;    5.1;   6.3;   4.9; 1011.29;   72.42;   3.3;   10.1;    0.1;   -2.8;   9.1;   0.0;   0;    4.667;   0;eor
     Koeln_Bonn;20150323;   3;    5.3;   6.4;   4.9; 1004.55;   72.83;   2.1;   12.8;   -3.2;   -5.5;   5.8;   0.0;   0;    8.350;   0;eor
     Koeln_Bonn;20150324;   3;    7.9;   7.4;   6.4;  996.48;   70.42;   1.6;   13.4;    4.1;    2.9;   4.8;   0.0;   6;    4.267;   0;eor
     Koeln_Bonn;20150325;   3;    6.3;   8.1;   7.8;  994.55;   85.25;   2.8;    7.6;    4.4;    2.0;   7.6;   0.0;   6;    0.000;   0;eor
     Koeln_Bonn;20150326;   3;    6.2;   7.2;   7.8;  996.75;   77.33;   3.2;   11.1;    4.3;    4.0;  14.1;   3.7;   6;    2.017;   0;eor
     Koeln_Bonn;20150327;   3;    7.1;   7.1;   6.7; 1005.52;   71.50;   4.3;   10.6;    5.0;    3.2;  12.0;   0.0;   6;    0.767;   0;eor
     Koeln_Bonn;20150328;   3;    7.8;   8.4;   6.4; 1005.83;   79.58;   3.3;   12.6;    0.2;   -2.8;  10.6;   2.9;   6;    1.950;   0;eor
     Koeln_Bonn;20150329;   3;   10.5;  10.5;   7.8;  989.80;   82.17;   6.2;   12.5;    7.5;    6.7;  21.0;  13.2;   6;    0.000;   0;eor
     Koeln_Bonn;20150330;   3;    7.3;   6.7;   5.8;  993.25;   66.13;   6.3;   10.3;    3.8;   -0.2;  17.6;   3.4;   8;    5.117;   0;eor
     Koeln_Bonn;20150331;   3;    9.1;   8.3;   6.3;  990.19;   72.08;   9.1;   12.9;    4.6;    3.2;  23.8;   1.8;   8;    3.283;   0;eor
     Koeln_Bonn;20150401;   3;    5.9;   6.3;   6.7; 1004.73;   67.75;   7.0;    9.4;    2.6;    1.6;  20.0;  11.2;   8;    3.433;   0;eor
     Koeln_Bonn;20150402;   3;    5.8;   6.5;   5.8; 1004.28;   71.50;   6.6;    9.9;    1.8;   -0.1;  16.1;   2.5;   8;    4.733;   0;eor
     Koeln_Bonn;20150403;   3;    6.5;   5.8;   6.6; 1008.05;   63.21;   1.9;   11.9;    1.4;   -0.2;   6.2;   0.8;   6;    6.917;   0;eor
     Koeln_Bonn;20150404;   3;    5.8;   6.0;   5.3; 1005.71;   65.96;   3.4;    9.3;    0.9;   -2.3;  13.0;   0.5;   6;    4.700;   0;eor
     Koeln_Bonn;20150405;   3;    4.8;   4.9;   3.9; 1012.71;   60.54;   2.0;   11.2;   -1.9;   -4.0;   9.6;   0.0;   0;    7.967;   0;eor
     Koeln_Bonn;20150406;   3;    4.5;   6.7;   5.3; 1018.02;   79.13;   2.1;   10.0;   -0.4;   -4.4;   5.7;   0.0;   6;    2.367;   0;eor
     Koeln_Bonn;20150407;   3;    5.8;   6.1;   4.5; 1023.77;   70.71;   2.2;   13.4;   -3.4;   -6.1;   6.8;   0.0;   0;    8.333;   0;eor
     Koeln_Bonn;20150408;   3;    7.0;   7.8;   4.6; 1021.20;   78.83;   1.8;   14.4;   -0.5;   -2.5;   4.9;   0.0;   0;    5.483;   0;eor
     Koeln_Bonn;20150409;   3;   11.9;   8.9;   2.7; 1014.89;   67.96;   2.1;   21.0;    0.3;   -0.9;   6.8;   0.0;   0;   12.000;   0;eor
     Koeln_Bonn;20150410;   3;   14.4;   7.7;   4.3; 1008.23;   55.04;   1.9;   24.0;    2.0;   -0.2;   7.7;   0.0;   0;   11.450;   0;eor
     Koeln_Bonn;20150411;   3;   12.3;   8.9;   6.5; 1008.73;   62.71;   4.5;   17.1;    6.0;    3.4;  13.7;   0.5;   6;    0.200;   0;eor
     Koeln_Bonn;20150412;   3;   10.9;   7.0;   5.8; 1016.23;   57.79;   2.6;   17.6;    1.9;    0.2;   8.5;   0.3;   6;   11.733;   0;eor
     Koeln_Bonn;20150413;   3;   10.3;   7.3;   6.7; 1018.18;   59.29;   3.6;   14.0;    3.7;    0.6;  10.3;   0.0;   0;    7.633;   0;eor
     Koeln_Bonn;20150414;   3;   13.9;   8.9;   5.3; 1014.46;   58.00;   3.2;   22.9;    3.2;    0.8;  12.3;   0.0;   0;   11.500;   0;eor
     Koeln_Bonn;20150415;   3;   16.5;   9.9;   2.3; 1005.80;   57.08;   2.3;   25.1;    5.2;    2.2;   8.6;   0.0;   0;   12.650;   0;eor
     Koeln_Bonn;20150416;   3;   13.3;   9.6;   3.6; 1002.68;   64.63;   2.5;   20.1;    5.5;    2.6;   8.2;   0.0;   6;    9.617;   0;eor
     Koeln_Bonn;20150417;   3;    9.5;   6.3;   4.6; 1005.68;   54.42;   3.9;   14.7;    3.6;   -0.6;  10.7;   0.0;   0;    8.800;   0;eor
     Koeln_Bonn;20150418;   3;    8.3;   5.6;   0.6; 1013.27;   55.17;   2.5;   15.1;   -0.7;   -3.2;  12.0;   0.0;   0;   12.767;   0;eor
     Koeln_Bonn;20150419;   3;    9.7;   6.0;   3.3; 1010.14;   54.04;   2.0;   17.6;   -1.0;   -3.8;   7.1;   0.0;   0;   11.950;   0;eor
     Koeln_Bonn;20150420;   3;   12.0;   7.0;   2.5; 1014.68;   54.00;   2.3;   20.1;    2.2;   -0.6;   8.3;   0.0;   0;   12.633;   0;eor
     Koeln_Bonn;20150421;   3;   12.6;   7.9;   2.0; 1017.83;   58.79;   3.1;   21.6;    2.4;   -0.5;   9.0;   0.0;   0;   13.000;   0;eor
     Koeln_Bonn;20150422;   3;    8.6;   7.8;   3.0; 1015.21;   71.29;   3.3;   14.9;    2.7;   -0.2;  10.8;   0.0;   0;    8.800;   0;eor
     Koeln_Bonn;20150423;   3;   10.0;   7.7;   0.2; 1007.15;   67.13;   1.9;   18.6;    0.0;   -2.3;   6.6;   0.0;   0;   12.933;   0;eor
     Koeln_Bonn;20150424;   3;   13.9;   8.3;   3.0; 1001.03;   58.00;   2.5;   23.1;    1.9;   -0.1;   8.5;   0.0;   6;   12.017;   0;eor
     Koeln_Bonn;20150425;   3;   12.9;  12.4;   7.1;  997.07;   83.33;   1.9;   15.6;   10.2;    8.3;   7.7;   5.4;   6;    0.000;   0;eor
     Koeln_Bonn;20150426;   3;   13.4;  13.6;   7.3;  994.81;   89.00;   2.0;   17.5;   10.6;    9.8;   6.9;  10.4;   6;    2.483;   0;eor
     Koeln_Bonn;20150427;   3;    8.9;  10.3;   7.6;  994.53;   89.75;   3.6;   11.6;    4.2;    1.6;   9.2;   0.2;   6;    0.000;   0;eor
     Koeln_Bonn;20150428;   3;    7.2;   6.7;   3.8; 1004.40;   69.29;   3.2;   13.9;    1.0;   -1.4;  14.3;   0.0;   6;    9.233;   0;eor
     Koeln_Bonn;20150429;   3;    8.5;   6.4;   5.9; 1006.18;   60.75;   2.8;   15.2;   -1.8;   -4.2;   9.4;   0.0;   6;    7.433;   0;eor
     Koeln_Bonn;20150430;   3;    8.4;   9.3;   7.0; 1001.43;   83.96;   2.6;   11.4;    3.8;    1.5;   8.6;   9.3;   6;    0.433;   0;eor
     Koeln_Bonn;20150501;   3;    7.4;   7.4;   5.5;  997.21;   75.96;   1.7;   14.6;   -0.4;   -1.4;   5.0;   0.0;   0;    5.750;   0;eor
     Koeln_Bonn;20150502;   3;   10.2;   7.3;   5.9;  999.27;   62.88;   2.1;   16.0;   -0.5;   -1.4;   5.0;   0.0;   0;    7.383;   0;eor
     Koeln_Bonn;20150503;   3;   13.7;  13.6;   7.1;  993.20;   85.71;   3.3;   16.8;    9.8;    8.3;   9.6;   8.6;   6;    0.383;   0;eor
     Koeln_Bonn;20150504;   3;   17.0;  13.4;   6.7;  995.38;   71.33;   3.0;   22.5;   12.5;   11.5;  10.3;   1.9;   6;    5.600;   0;eor
     Koeln_Bonn;20150505;   3;   17.6;  13.9;   5.3;  991.51;   69.63;   5.5;   23.9;   10.9;    8.3;  19.9;   0.9;   6;    4.150;   0;eor
     Koeln_Bonn;20150506;   3;   13.3;   9.4;   3.5; 1001.05;   62.75;   4.8;   17.9;    8.3;    6.6;  15.6;   1.0;   6;    8.750;   0;eor
     Koeln_Bonn;20150507;   3;   12.6;   8.8;   4.2; 1006.33;   62.38;   3.6;   18.0;    7.0;    4.8;  10.4;   0.0;   0;    8.800;   0;eor
     Koeln_Bonn;20150508;   3;   14.1;   9.3;   6.5; 1003.83;   60.46;   1.8;   20.9;    7.7;    6.8;   5.2;   0.0;   6;    4.183;   0;eor
     Koeln_Bonn;20150509;   3;   15.5;  11.6;   6.6; 1006.16;   66.96;   4.1;   22.0;   11.6;   10.8;  21.1;   2.3;   6;    4.283;   0;eor
     Koeln_Bonn;20150510;   3;   14.9;  10.8;   6.0; 1014.02;   65.17;   2.7;   19.9;   10.4;    8.9;   6.6;   0.0;   0;   10.500;   0;eor
     Koeln_Bonn;20150511;   3;   18.7;  12.1;   6.3; 1009.92;   57.04;   3.3;   26.1;   11.7;   10.6;   7.0;   0.0;   6;    7.767;   0;eor
     Koeln_Bonn;20150512;   3;   18.1;  12.8;   5.8; 1005.74;   61.00;   4.4;   25.6;    8.1;    5.2;  13.3;   0.0;   0;    5.683;   0;eor
     Koeln_Bonn;20150513;   3;   13.9;   9.1;   2.5; 1006.32;   60.54;   2.7;   21.3;    4.8;    1.9;   8.9;   0.0;   0;   12.267;   0;eor
     Koeln_Bonn;20150514;   3;   12.6;   9.2;   5.4; 1000.98;   65.63;   2.1;   19.0;    5.7;    3.5;   5.3;   1.7;   6;    9.983;   0;eor
     Koeln_Bonn;20150515;   3;   13.4;  10.6;   5.0; 1004.13;   70.71;   3.6;   19.3;    5.6;    2.4;  10.4;   0.2;   6;    6.950;   0;eor
     Koeln_Bonn;20150516;   3;   10.3;  10.6;   7.2; 1011.73;   84.29;   2.6;   13.9;    4.3;    1.7;   9.3;   1.0;   6;    1.050;   0;eor
     Koeln_Bonn;20150517;   3;   12.2;   9.3;   4.8; 1012.17;   69.17;   2.4;   19.7;    2.4;    1.6;   9.1;   0.0;   0;    6.467;   0;eor
     Koeln_Bonn;20150518;   3;   14.7;   9.8;   5.6;  998.73;   62.79;   4.0;   23.5;    3.7;    2.6;  12.5;   1.0;   6;    7.650;   0;eor
     Koeln_Bonn;20150519;   3;   11.6;   8.5;   5.6;  996.62;   64.00;   4.5;   16.8;    7.7;    5.6;  14.4;   0.3;   6;    5.033;   0;eor
     Koeln_Bonn;20150520;   3;   10.7;   8.3;   4.2; 1003.15;   66.42;   3.4;   16.6;    4.8;    2.5;  10.5;   0.4;   6;    8.817;   0;eor
     Koeln_Bonn;20150521;   3;   11.4;   8.6;   4.4; 1012.97;   66.96;   2.1;   18.2;    4.2;    2.1;   8.0;   0.0;   0;    7.700;   0;eor
     Koeln_Bonn;20150522;   3;   14.3;   9.1;   4.2; 1013.24;   59.25;   1.7;   20.9;    7.6;    6.0;   9.9;   0.0;   0;   11.483;   0;eor
     Koeln_Bonn;20150523;   3;   14.1;  11.3;   6.5; 1009.23;   72.46;   2.9;   22.3;    6.8;    4.8;  10.3;   0.0;   6;    2.517;   0;eor
     Koeln_Bonn;20150524;   3;   15.4;  11.7;   6.5; 1007.03;   68.63;   2.1;   21.5;    8.8;    7.4;   6.7;   0.3;   6;    6.350;   0;eor
     Koeln_Bonn;20150525;   3;   12.2;  11.2;   6.8; 1003.83;   79.21;   2.5;   16.9;    7.4;    5.3;   7.1;   0.7;   6;    1.367;   0;eor
     Koeln_Bonn;20150526;   3;   11.1;   8.6;   6.0; 1008.63;   65.54;   4.0;   14.7;    5.0;    1.9;   9.1;   0.0;   6;    1.283;   0;eor
     Koeln_Bonn;20150527;   3;   12.1;   8.3;   6.7; 1011.32;   60.92;   1.9;   17.9;    5.9;    5.2;   7.1;   0.0;   6;    2.983;   0;eor
     Koeln_Bonn;20150528;   3;   15.0;  10.2;   7.0; 1003.32;   60.63;   4.5;   20.8;   10.2;    8.0;  13.1;   0.0;   0;    3.300;   0;eor
     Koeln_Bonn;20150529;   3;   13.1;   9.9;   7.3;  999.21;   67.29;   3.8;   17.9;    7.6;    6.4;  12.6;   3.4;   6;    2.033;   0;eor
     Koeln_Bonn;20150530;   3;   11.3;   9.7;   6.0; 1002.74;   73.67;   3.4;   17.1;    8.1;    6.7;  13.6;   0.0;   6;    4.600;   0;eor
     Koeln_Bonn;20150531;   3;   14.8;  11.7;   7.4; 1001.25;   69.50;   4.0;   20.8;    7.8;    6.5;  12.5;   3.4;   6;    1.700;   0;eor
     Koeln_Bonn;20150601;   3;   13.5;  11.0;   6.3; 1003.83;   72.46;   2.3;   18.5;    8.2;    6.5;   9.8;   1.1;   6;    4.150;   0;eor
     Koeln_Bonn;20150602;   3;   16.5;  12.6;   6.0; 1001.84;   68.33;   4.0;   23.1;    8.2;    7.2;  10.2;   0.6;   6;    0.067;   0;eor
     Koeln_Bonn;20150603;   3;   16.3;  11.6;   4.7; 1010.08;   63.83;   4.0;   21.1;    9.6;    7.6;  12.5;   0.0;   6;    6.033;   0;eor
     Koeln_Bonn;20150604;   3;   18.0;  10.8;   1.9; 1013.99;   56.33;   2.1;   25.5;    6.7;    6.2;   8.8;   0.0;   0;   14.550;   0;eor
     Koeln_Bonn;20150605;   3;   24.1;  14.4;   2.3; 1006.90;   51.00;   3.3;   33.9;   11.9;    8.7;  10.6;   4.8;   6;   14.517;   0;eor
     Koeln_Bonn;20150606;   3;   17.9;  15.2;   5.1; 1011.44;   74.38;   3.3;   22.2;    9.8;    6.9;   9.3;   0.0;   0;    6.767;   0;eor
     Koeln_Bonn;20150607;   3;   15.6;   9.4;   4.3; 1016.64;   57.00;   3.0;   22.6;    5.7;    4.0;  14.0;   0.0;   0;   14.033;   0;eor
     Koeln_Bonn;20150608;   3;   14.5;   9.2;   3.2; 1015.94;   57.79;   4.4;   20.0;    8.1;    5.9;  12.4;   0.0;   0;   11.767;   0;eor
     Koeln_Bonn;20150609;   3;   13.7;   8.8;   3.8; 1015.54;   57.13;   4.3;   19.4;    8.3;    7.7;  11.4;   0.0;   0;   11.133;   0;eor
     Koeln_Bonn;20150610;   3;   17.7;  10.2;   4.6; 1012.68;   51.54;   3.2;   24.2;   10.4;   10.6;  10.4;   0.0;   0;    8.917;   0;eor
     Koeln_Bonn;20150611;   3;   20.0;  11.9;   3.1; 1007.00;   52.29;   2.6;   26.1;   13.2;   11.8;   9.7;   0.0;   0;    9.933;   0;eor
     Koeln_Bonn;20150612;   3;   19.9;  15.2;   3.0;  999.91;   67.04;   2.6;   29.6;    9.4;    7.7;  10.2;   0.6;   6;    9.850;   0;eor
     Koeln_Bonn;20150613;   3;   19.2;  15.7;   4.8;  998.77;   72.83;   2.7;   25.4;   11.9;    9.0;   9.7;   3.0;   6;    6.983;   0;eor
     Koeln_Bonn;20150614;   3;   18.3;  12.0;   3.8;  999.74;   60.63;   2.4;   25.1;    9.2;    7.4;   7.5;   0.0;   0;   13.717;   0;eor
     Koeln_Bonn;20150615;   3;   15.5;  11.7;   5.8; 1006.15;   67.63;   3.4;   20.0;   10.8;    7.0;   7.5;   0.0;   0;    3.133;   0;eor
     Koeln_Bonn;20150616;   3;   13.3;   8.9;   4.3; 1011.68;   59.96;   3.4;   18.6;    6.6;    4.0;   9.8;   0.0;   0;   10.017;   0;eor
     Koeln_Bonn;20150617;   3;   15.8;  10.1;   5.3; 1011.20;   60.29;   2.4;   23.7;    2.9;    2.2;   8.4;   9.2;   6;   11.833;   0;eor
     Koeln_Bonn;20150618;   3;   16.8;  13.2;   6.9; 1004.75;   69.42;   5.1;   21.4;   11.0;    9.6;  13.0;   0.4;   6;    4.117;   0;eor
     Koeln_Bonn;20150619;   3;   11.7;  11.7;   7.4; 1006.83;   85.00;   3.2;   16.4;   10.1;    9.7;  10.4;   5.2;   6;    0.367;   0;eor
     Koeln_Bonn;20150620;   3;   12.3;  11.3;   7.7; 1008.45;   79.75;   2.3;   15.2;    9.6;    9.2;   6.1;   1.6;   6;    0.417;   0;eor
     Koeln_Bonn;20150621;   3;   15.6;  13.4;   7.0; 1003.97;   76.50;   2.9;   21.1;   10.9;   10.5;  10.9;   7.0;   6;    1.433;   0;eor
     Koeln_Bonn;20150622;   3;   12.0;  13.1;   7.5;  998.06;   93.13;   2.6;   14.1;    8.8;    7.9;  10.3;  15.2;   6;    0.000;   0;eor
     Koeln_Bonn;20150623;   3;   11.7;  12.3;   7.5; 1001.67;   89.46;   3.3;   15.4;    9.3;    8.9;  11.1;   6.8;   6;    0.883;   0;eor
     Koeln_Bonn;20150624;   3;   14.0;  12.0;   6.5; 1010.35;   75.88;   2.1;   19.8;    9.8;    8.0;   5.2;   0.0;   6;    4.167;   0;eor
     Koeln_Bonn;20150625;   3;   18.3;  12.9;   5.5; 1010.46;   65.00;   1.9;   25.6;    9.1;    7.3;   7.2;   0.0;   0;   11.650;   0;eor
     Koeln_Bonn;20150626;   3;   20.9;  15.1;   6.8; 1007.53;   63.63;   2.5;   27.3;   11.3;   10.2;   9.6;   3.7;   6;    3.833;   0;eor
     Koeln_Bonn;20150627;   3;   19.0;  15.4;   5.1; 1005.80;   70.83;   4.0;   23.8;    9.2;    8.5;  11.7;   0.0;   6;    6.183;   0;eor
     Koeln_Bonn;20150628;   3;   18.2;  12.4;   4.9; 1009.63;   62.46;   1.9;   23.9;    8.1;    6.5;   5.4;   0.0;   6;    8.550;   0;eor
     Koeln_Bonn;20150629;   3;   21.2;  14.8;   6.5; 1009.09;   59.75;   2.6;   26.2;   13.7;   12.0;   8.7;   0.0;   0;   12.250;   0;eor
     Koeln_Bonn;20150630;   3;   21.7;  13.0;   0.4; 1009.22;   56.54;   1.7;   29.6;   10.8;    9.3;   5.0;   0.0;   0;   14.717;   0;eor
     Koeln_Bonn;20150701;   3;   25.8;  15.4;   1.4; 1006.48;   49.17;   3.6;   33.2;   13.4;   12.4;   9.5;   0.0;   0;   14.683;   0;eor
     Koeln_Bonn;20150702;   3;   29.3;  19.2;   1.2; 1006.67;   48.17;   4.0;   36.2;   21.9;   19.0;   9.7;   0.0;   0;   12.983;   0;eor
     Koeln_Bonn;20150703;   3;   26.9;  21.9;   1.8; 1010.84;   63.54;   2.2;   33.5;   20.1;   19.3;   6.0;   0.0;   0;   13.783;   0;eor
     Koeln_Bonn;20150704;   3;   29.2;  20.9;   4.4; 1006.95;   55.00;   2.5;   37.3;   20.6;   19.4;   8.0;   0.0;   6;   10.917;   0;eor
     Koeln_Bonn;20150705;   3;   23.3;  20.5;   4.8; 1004.76;   72.50;   3.2;   35.0;   15.9;   14.9;  17.7;   7.6;   6;    5.633;   0;eor
     Koeln_Bonn;20150706;   3;   20.1;  14.3;   1.7; 1008.82;   64.63;   2.3;   26.5;   13.6;   12.3;   9.6;   0.0;   0;   14.567;   0;eor
     Koeln_Bonn;20150707;   3;   21.4;  16.1;   4.3;  999.41;   66.08;   3.1;   31.3;   12.3;   10.5;  15.0;   5.9;   6;    6.583;   0;eor
     Koeln_Bonn;20150708;   3;   16.6;  13.2;   6.3; 1000.13;   70.08;   5.8;   20.0;   13.9;   13.0;  15.8;   0.1;   6;    1.450;   0;eor
     Koeln_Bonn;20150709;   3;   14.9;  11.2;   4.9; 1008.33;   67.25;   4.5;   19.7;    8.6;    6.4;  12.6;   2.0;   6;    5.683;   0;eor
     Koeln_Bonn;20150710;   3;   15.5;  10.1;   1.9; 1010.88;   62.21;   1.7;   23.3;    5.2;    3.5;   5.1;   0.0;   0;   14.117;   0;eor
     Koeln_Bonn;20150711;   3;   21.8;  11.3;   4.0; 1004.42;   46.58;   3.4;   30.3;   10.2;    9.6;  10.8;   0.0;   0;   11.550;   0;eor
     Koeln_Bonn;20150712;   3;   17.1;  14.5;   6.5; 1006.95;   74.58;   2.6;   20.9;   13.0;   11.5;   8.3;   0.5;   6;    2.933;   0;eor
     Koeln_Bonn;20150713;   3;   17.0;  17.2;   8.0; 1005.52;   88.63;   2.6;   19.0;   15.1;   14.8;   8.8;   5.9;   6;    0.000;   0;eor
     Koeln_Bonn;20150714;   3;   19.3;  17.8;   7.5; 1005.43;   80.04;   4.2;   22.0;   16.8;   16.4;  11.2;   1.7;   6;    0.067;   0;eor
     Koeln_Bonn;20150715;   3;   20.4;  18.5;   7.0; 1007.49;   79.08;   1.8;   26.0;   16.3;   15.9;   6.8;   0.1;   6;    1.917;   0;eor
     Koeln_Bonn;20150716;   3;   23.1;  19.8;   4.3; 1005.63;   72.00;   1.8;   29.7;   17.6;   16.3;   5.3;   0.2;   6;    9.983;   0;eor
     Koeln_Bonn;20150717;   3;   27.9;  15.9;   3.5; 1001.28;   45.83;   4.0;   35.8;   19.5;   17.9;  12.1;   0.0;   0;   11.283;   0;eor
     Koeln_Bonn;20150718;   3;   22.2;  14.7;   4.5; 1004.58;   56.96;   3.4;   28.2;   17.5;   15.4;   9.9;   9.8;   6;   10.600;   0;eor
     Koeln_Bonn;20150719;   3;   18.2;  17.4;   6.5;  999.75;   83.38;   2.6;   21.5;   15.0;   14.1;   9.9;   1.0;   6;    1.067;   0;eor
     Koeln_Bonn;20150720;   3;   19.6;  20.5;   6.8; 1001.97;   89.33;   1.6;   23.7;   14.2;   12.5;   5.7;   1.7;   6;    0.017;   0;eor
     Koeln_Bonn;20150721;   3;   22.6;  21.7;   5.5; 1002.57;   79.75;   2.5;   26.4;   18.6;   17.6;   7.3;   0.0;   6;    3.717;   0;eor
     Koeln_Bonn;20150722;   3;   21.4;  17.1;   6.3; 1003.08;   69.29;   2.7;   27.1;   15.7;   13.7;   8.9;   0.0;   0;    5.017;   0;eor
     Koeln_Bonn;20150723;   3;   18.9;  13.5;   4.8; 1005.13;   63.21;   2.5;   24.0;   13.5;   12.0;   7.9;   0.0;   0;    6.783;   0;eor
     Koeln_Bonn;20150724;   3;   20.3;  15.5;   6.8;  998.45;   68.29;   2.1;   27.5;   11.9;   10.7;  15.2;   5.8;   6;    4.500;   0;eor
     Koeln_Bonn;20150725;   3;   16.0;  14.9;   5.0;  995.91;   81.17;   6.0;   19.8;   10.8;    9.0;  19.9;   0.8;   6;    2.050;   0;eor
     Koeln_Bonn;20150726;   3;   15.2;  11.6;   4.4; 1000.48;   70.54;   2.9;   23.1;    8.1;    5.7;  10.3;   4.1;   6;    7.750;   0;eor
     Koeln_Bonn;20150727;   3;   16.3;  15.5;   7.0;  991.75;   84.46;   4.5;   21.6;   13.3;   11.8;  15.2;   3.7;   6;    1.083;   0;eor
     Koeln_Bonn;20150728;   3;   15.5;  11.5;   5.2;  995.78;   66.13;   4.9;   19.9;   11.3;    9.3;  14.4;   0.1;   6;    0.517;   0;eor
     Koeln_Bonn;20150729;   3;   14.6;  11.1;   4.2;  998.43;   67.79;   4.0;   20.7;    9.8;    7.7;  13.2;   0.2;   6;    5.083;   0;eor
     Koeln_Bonn;20150730;   3;   13.0;  12.3;   5.9; 1004.48;   82.21;   2.1;   19.3;    8.3;    5.9;   9.3;   3.6;   6;    1.133;   0;eor
     Koeln_Bonn;20150731;   3;   14.4;  10.6;   5.1; 1007.33;   68.29;   1.6;   20.6;    8.7;    6.8;   7.0;   0.0;   0;   11.183;   0;eor
     Koeln_Bonn;20150801;   3;   17.9;  11.5;   5.1; 1003.80;   59.96;   1.9;   26.9;    9.2;    8.4;   7.2;   0.0;   0;   11.950;   0;eor
     Koeln_Bonn;20150802;   3;   19.9;  12.7;   3.5; 1007.17;   59.38;   1.8;   28.2;    9.3;    7.7;   5.0;   0.0;   0;   13.317;   0;eor
     Koeln_Bonn;20150803;   3;   25.3;  13.6;   2.8; 1003.15;   44.96;   2.8;   34.1;   14.0;   12.3;   8.7;   0.0;   0;   13.050;   0;eor
     Koeln_Bonn;20150804;   3;   19.6;  16.5;   5.5; 1002.68;   74.67;   2.4;   25.5;   12.1;   10.5;  12.9;   6.1;   6;    1.267;   0;eor
     Koeln_Bonn;20150805;   3;   19.3;  14.5;   3.7; 1005.67;   68.21;   3.1;   26.6;   10.2;    8.5;   9.5;   0.0;   0;   11.683;   0;eor
     Koeln_Bonn;20150806;   3;   25.4;  15.9;   3.7; 1002.55;   51.38;   3.0;   35.9;   17.4;   14.6;   9.4;   0.0;   6;   11.217;   0;eor
     Koeln_Bonn;20150807;   3;   24.8;  19.2;   4.0; 1004.01;   63.25;   2.8;   33.8;   16.6;   15.3;   7.9;   6.7;   6;    9.167;   0;eor
     Koeln_Bonn;20150808;   3;   20.9;  21.2;   7.3; 1009.10;   85.46;   3.5;   24.2;   16.7;   15.2;   8.4;   0.0;   0;    0.683;   0;eor
     Koeln_Bonn;20150809;   3;   20.2;  18.5;   5.6; 1007.93;   79.29;   2.4;   26.0;   14.7;   13.0;   6.4;   3.1;   6;    3.817;   0;eor
     Koeln_Bonn;20150810;   3;   17.2;  17.5;   7.4; 1005.87;   89.67;   2.5;   20.7;   14.5;   14.5;   8.0;  18.7;   6;    0.650;   0;eor
     Koeln_Bonn;20150811;   3;   20.0;  18.4;   5.7; 1006.78;   80.63;   2.0;   26.8;   14.4;   14.1;   7.7;   0.0;   0;    8.083;   0;eor
     Koeln_Bonn;20150812;   3;   22.5;  20.9;   5.2; 1008.40;   77.58;   1.9;   28.0;   17.3;   16.3;   6.1;   0.0;   0;    6.350;   0;eor
     Koeln_Bonn;20150813;   3;   25.0;  20.6;   3.2; 1002.28;   68.17;   2.4;   32.7;   15.5;   14.4;  10.1;   0.0;   6;   12.617;   0;eor
     Koeln_Bonn;20150814;   3;   23.1;  19.6;   6.7;  997.15;   70.38;   2.6;   28.2;   19.1;   18.0;   9.9;   0.0;   0;    7.150;   0;eor
     Koeln_Bonn;20150815;   3;   20.0;  17.4;   6.5;  997.36;   75.75;   2.6;   25.4;   15.0;   14.0;  10.1;   4.0;   6;    2.300;   0;eor
     Koeln_Bonn;20150816;   3;   15.0;  16.5;   8.0; 1001.78;   96.79;   4.1;   16.0;   13.6;   13.5;   9.0;  13.9;   6;    0.000;   0;eor
     Koeln_Bonn;20150817;   3;   13.6;  15.2;   8.0; 1001.61;   97.13;   3.4;   14.6;   12.8;   12.6;   7.9;  17.1;   6;    0.000;   0;eor
     Koeln_Bonn;20150818;   3;   14.9;  13.6;   7.0; 1003.69;   81.29;   2.3;   19.0;   11.6;   10.1;   8.0;   0.0;   0;    1.133;   0;eor
     Koeln_Bonn;20150819;   3;   15.2;  13.0;   5.3; 1009.01;   77.13;   1.6;   21.8;    7.7;    6.5;   4.2;   0.0;   0;    8.750;   0;eor
     Koeln_Bonn;20150820;   3;   18.1;  13.6;   5.3; 1011.38;   69.17;   1.9;   24.8;   12.5;   12.0;   5.0;   0.0;   0;    8.033;   0;eor
     Koeln_Bonn;20150821;   3;   19.6;  13.9;   1.3; 1011.78;   62.92;   2.5;   25.7;   12.1;   10.7;   6.6;   0.0;   0;   12.400;   0;eor
     Koeln_Bonn;20150822;   3;   19.9;  12.5;   2.9; 1006.97;   56.92;   2.9;   27.1;    9.7;    8.9;   8.7;   0.0;   0;   12.267;   0;eor
     Koeln_Bonn;20150823;   3;   20.6;  13.0;   4.3;  996.48;   55.54;   4.3;   27.0;   15.4;   13.0;  12.9;   7.7;   6;    8.800;   0;eor
     Koeln_Bonn;20150824;   3;   18.9;  17.3;   6.0;  992.23;   79.92;   4.5;   23.9;   15.2;   14.4;  14.2;   2.3;   6;    4.467;   0;eor
     Koeln_Bonn;20150825;   3;   17.1;  12.7;   6.9; 1001.56;   65.63;   5.2;   21.1;   13.9;   13.0;  13.4;   0.1;   6;    2.783;   0;eor
     Koeln_Bonn;20150826;   3;   21.5;  14.7;   6.1; 1001.61;   57.92;   4.4;   27.6;   14.4;   13.3;  11.2;   0.0;   6;   10.833;   0;eor
     Koeln_Bonn;20150827;   3;   17.2;  16.0;   7.9;  999.70;   83.29;   2.5;   23.2;   12.8;   12.8;   7.8;  23.2;   6;    0.000;   0;eor
     Koeln_Bonn;20150828;   3;   15.9;  14.6;   5.8; 1006.52;   82.54;   1.4;   21.3;   10.6;    9.2;   4.5;   0.0;   0;    3.100;   0;eor
     Koeln_Bonn;20150829;   3;   18.8;  17.5;   3.3; 1009.52;   81.46;   1.6;   26.6;    8.5;    7.6;   5.2;   0.0;   0;   11.100;   0;eor
     Koeln_Bonn;20150830;   3;   25.4;  22.8;   3.0; 1004.60;   72.71;   2.6;   34.2;   19.2;   18.0;   6.9;   0.0;   0;   10.667;   0;eor
     Koeln_Bonn;20150831;   3;   25.0;  18.8;   3.4;  999.45;   63.50;   3.7;   32.1;   17.9;   16.2;  11.8;   5.0;   6;   11.533;   0;eor
     Koeln_Bonn;20150901;   3;   16.7;  16.9;   7.0; 1001.32;   88.75;   3.3;   21.4;   11.3;   10.0;   8.6;  15.4;   6;    0.617;   0;eor
     Koeln_Bonn;20150902;   3;   14.4;  13.6;   5.9; 1005.22;   83.96;   1.7;   19.6;    9.2;    7.8;   7.4;   2.9;   6;    4.250;   0;eor
     Koeln_Bonn;20150903;   3;   13.9;  12.4;   4.9; 1003.01;   79.75;   2.1;   19.8;    8.3;    7.4;  14.7;   0.0;   6;    5.950;   0;eor
     Koeln_Bonn;20150904;   3;   13.9;  11.4;   6.4; 1003.38;   72.58;   3.5;   18.6;    9.9;    9.0;  10.2;   0.7;   6;    3.467;   0;eor
     Koeln_Bonn;20150905;   3;   13.0;  12.9;   7.1; 1004.71;   86.25;   4.1;   18.2;    9.9;    8.5;  12.6;  10.5;   6;    0.967;   0;eor
     Koeln_Bonn;20150906;   3;   12.4;  10.9;   6.4; 1011.41;   76.00;   4.0;   16.5;    9.5;    8.3;  12.3;   2.6;   6;    3.133;   0;eor
     Koeln_Bonn;20150907;   3;   13.2;  14.2;   7.5; 1013.89;   93.58;   2.7;   15.7;   11.1;   10.8;   7.6;   1.6;   6;    0.133;   0;eor
     Koeln_Bonn;20150908;   3;   13.6;  14.2;   7.4; 1013.72;   91.25;   1.6;   16.1;   11.7;   11.2;   5.2;   0.0;   6;    0.083;   0;eor
     Koeln_Bonn;20150909;   3;   15.3;  12.2;   3.2; 1011.05;   72.13;   2.2;   20.6;    8.5;    6.7;   6.7;   0.0;   0;    9.550;   0;eor
     Koeln_Bonn;20150910;   3;   14.0;  10.4;   1.3; 1009.96;   67.38;   2.8;   19.8;    7.1;    5.1;  10.1;   0.0;   0;   10.400;   0;eor
     Koeln_Bonn;20150911;   3;   13.3;  10.8;   1.1; 1005.73;   73.38;   2.0;   20.6;    4.5;    3.0;   6.5;   0.0;   6;   10.733;   0;eor
     Koeln_Bonn;20150912;   3;   16.1;  14.5;   7.1; 1001.75;   78.92;   3.0;   23.0;   11.6;   10.5;  12.2;  24.8;   6;    2.383;   0;eor
     Koeln_Bonn;20150913;   3;   16.9;  17.6;   6.6;  996.88;   91.42;   3.2;   19.4;   15.2;   14.1;   7.4;   5.7;   6;    1.533;   0;eor
     Koeln_Bonn;20150914;   3;   16.5;  14.4;   5.8;  991.24;   76.83;   4.4;   21.1;   11.3;    9.8;  13.4;   0.9;   6;    3.483;   0;eor
     Koeln_Bonn;20150915;   3;   13.6;  11.0;   5.1;  993.46;   71.17;   4.8;   18.1;    9.4;    8.1;  15.2;   8.1;   6;    4.467;   0;eor
     Koeln_Bonn;20150916;   3;   15.4;  15.4;   7.6;  984.94;   88.00;   5.7;   19.1;   11.9;   11.3;  17.8;   6.5;   6;    0.167;   0;eor
     Koeln_Bonn;20150917;   3;   14.8;  13.7;   6.2;  990.57;   81.67;   4.3;   17.4;   10.2;    8.8;  11.6;   3.1;   6;    0.017;   0;eor
     Koeln_Bonn;20150918;   3;   14.7;  13.0;   6.1; 1003.59;   78.92;   3.1;   19.8;    8.4;    7.3;  10.2;   2.5;   6;    5.333;   0;eor
     Koeln_Bonn;20150919;   3;   13.9;  14.1;   6.9; 1009.58;   89.00;   2.2;   18.5;   11.0;    9.4;   6.1;   0.9;   6;    1.967;   0;eor
     Koeln_Bonn;20150920;   3;   12.7;  12.8;   6.7; 1012.56;   87.54;   1.4;   16.7;    9.7;    9.0;   6.1;   0.0;   0;    1.500;   0;eor
     Koeln_Bonn;20150921;   3;   13.5;  11.8;   5.2; 1003.98;   77.54;   1.9;   19.2;    6.8;    5.5;   4.9;   2.8;   6;    6.133;   0;eor
     Koeln_Bonn;20150922;   3;   12.3;  13.1;   7.1;  991.45;   91.13;   2.5;   16.5;    8.1;    7.1;   9.0;  22.1;   6;    0.950;   0;eor
     Koeln_Bonn;20150923;   3;   12.2;  13.1;   7.5;  997.74;   92.13;   2.7;   16.4;    8.2;    7.2;   9.5;   0.6;   6;    0.250;   0;eor
     Koeln_Bonn;20150924;   3;   14.1;  12.3;   5.5; 1006.36;   77.33;   3.3;   18.9;    9.0;    8.1;   8.5;   0.0;   6;    3.717;   0;eor
     Koeln_Bonn;20150925;   3;   13.4;  12.5;   6.0; 1010.41;   82.21;   1.8;   17.8;    7.7;    5.5;   6.0;   0.0;   0;    2.667;   0;eor
     Koeln_Bonn;20150926;   3;   10.6;  11.3;   5.5; 1014.93;   89.00;   1.7;   16.0;    5.6;    3.6;   6.6;   0.0;   0;    1.350;   0;eor
     Koeln_Bonn;20150927;   3;   10.5;   9.7;   0.8; 1020.33;   78.63;   2.3;   18.0;    2.6;    1.0;   7.5;   0.0;   0;    9.300;   0;eor
     Koeln_Bonn;20150928;   3;   10.4;   9.6;   1.0; 1023.95;   78.92;   1.9;   18.1;    2.9;    0.6;   7.5;   0.0;   0;    9.750;   0;eor
     Koeln_Bonn;20150929;   3;   11.4;   9.1;   2.5; 1022.48;   70.50;   3.2;   18.0;    2.3;    0.8;  11.4;   0.0;   0;    9.833;   0;eor
     Koeln_Bonn;20150930;   3;   11.7;   8.9;   0.5; 1021.00;   66.67;   3.3;   17.8;    5.9;    3.2;  10.1;   0.0;   0;    9.983;   0;eor
     Koeln_Bonn;20151001;   3;   10.3;   8.0;   0.2; 1017.97;   67.17;   2.7;   17.2;    3.2;    1.1;   9.0;   0.0;   0;    9.900;   0;eor
     Koeln_Bonn;20151002;   3;   10.1;   9.1;   0.3; 1011.58;   77.21;   1.6;   20.9;    1.7;   -0.6;   5.1;   0.0;   0;    9.817;   0;eor
     Koeln_Bonn;20151003;   3;   12.5;  11.1;   3.7; 1003.43;   78.46;   1.8;   21.4;    3.9;    3.1;   4.8;   0.0;   0;    7.133;   0;eor
     Koeln_Bonn;20151004;   3;   12.7;  12.3;   4.5; 1004.49;   84.25;   2.7;   18.6;    7.5;    6.4;   8.5;   0.0;   6;    3.717;   0;eor
     Koeln_Bonn;20151005;   3;   13.3;  13.0;   5.3; 1000.38;   85.21;   3.7;   16.5;    9.8;    8.2;   9.6;  11.8;   6;    3.717;   0;eor
     Koeln_Bonn;20151006;   3;   16.5;  17.0;   7.2;  992.37;   90.38;   3.6;   20.7;   13.8;   13.6;   9.4;   3.1;   6;    1.767;   0;eor
     Koeln_Bonn;20151007;   3;   15.4;  14.8;   7.3;  999.65;   85.08;   2.8;   18.3;   13.2;   12.7;   9.1;   1.2;   6;    1.017;   0;eor
     Koeln_Bonn;20151008;   3;   12.0;  13.5;   8.0; 1008.28;   96.29;   2.0;   13.6;   11.4;   11.3;   6.8;   3.9;   6;    0.000;   0;eor
     Koeln_Bonn;20151009;   3;   12.2;  13.3;   7.5; 1009.73;   93.50;   1.5;   14.3;   10.7;    9.3;   5.6;   0.2;   6;    0.000;   0;eor
     Koeln_Bonn;20151010;   3;   11.4;  11.5;   4.3; 1007.04;   84.83;   2.0;   16.2;    6.0;    3.3;   5.1;   0.0;   0;    2.767;   0;eor
     Koeln_Bonn;20151011;   3;    7.6;   7.0;   2.0; 1005.19;   69.67;   2.1;   14.8;    1.0;   -0.4;   6.1;   0.0;   0;    9.117;   0;eor
     Koeln_Bonn;20151012;   3;    5.8;   6.6;   3.5; 1005.73;   71.83;   2.1;   11.8;   -0.9;   -2.8;   6.5;   0.0;   0;    6.300;   0;eor
     Koeln_Bonn;20151013;   3;    4.0;   6.9;   6.3; 1004.96;   85.50;   2.6;    8.9;   -1.2;   -3.3;   7.4;   0.5;   6;    0.517;   0;eor
     Koeln_Bonn;20151014;   3;    3.9;   7.3;   8.0; 1006.31;   90.13;   2.3;    5.2;    2.6;    1.7;   5.3;   0.2;   6;    0.000;   0;eor
     Koeln_Bonn;20151015;   3;    3.7;   7.7;   7.7; 1005.36;   97.13;   2.0;    5.3;    1.0;    0.1;   5.3;  10.9;   8;    0.000;   0;eor
     Koeln_Bonn;20151016;   3;    6.3;   8.7;   7.9; 1006.29;   91.21;   1.2;    8.2;    5.1;    4.9;   3.1;   0.1;   6;    0.000;   0;eor
     Koeln_Bonn;20151017;   3;    6.6;   8.5;   7.4; 1006.27;   87.54;   1.9;    8.6;    5.3;    3.2;   5.0;   0.0;   6;    0.000;   0;eor
     Koeln_Bonn;20151018;   3;    7.6;   8.7;   6.8; 1007.50;   84.79;   1.3;   11.4;    3.4;    2.7;   4.2;   0.7;   6;    2.183;   0;eor
     Koeln_Bonn;20151019;   3;    8.2;  10.4;   7.0; 1009.73;   95.63;   1.3;   10.2;    4.1;    1.8;   3.8;   0.0;   6;    0.000;   0;eor
     Koeln_Bonn;20151020;   3;    7.8;  10.2;   7.7; 1011.07;   96.08;   1.4;   11.0;    3.2;    1.9;   5.4;   0.1;   6;    0.000;   0;eor
     Koeln_Bonn;20151021;   3;   10.1;  10.7;   7.6; 1008.39;   87.13;   1.4;   14.3;    7.9;    7.4;   4.1;   0.7;   6;    1.267;   0;eor
     Koeln_Bonn;20151022;   3;   11.1;  12.6;   7.9; 1004.77;   94.79;   2.6;   13.9;    8.9;    8.9;   7.5;   0.6;   6;    0.000;   0;eor
     Koeln_Bonn;20151023;   3;   11.9;  11.0;   6.7; 1011.54;   79.83;   2.0;   15.8;    8.1;    7.3;   5.2;   0.0;   0;    4.433;   0;eor
     Koeln_Bonn;20151024;   3;   10.9;  10.6;   7.4; 1006.44;   81.79;   2.6;   13.4;    9.5;    7.3;   5.9;   0.0;   6;    0.000;   0;eor
     Koeln_Bonn;20151025;   3;   11.1;  12.3;   7.8; 1011.78;   93.21;   1.3;   12.7;    9.1;    7.4;   3.9;   0.0;   6;    0.000;   0;eor
     Koeln_Bonn;20151026;   3;   11.1;  11.0;   3.8; 1008.45;   84.46;   3.0;   16.5;    3.9;    3.1;   9.8;   0.0;   0;    7.667;   0;eor
     Koeln_Bonn;20151027;   3;   10.5;  10.8;   1.5; 1004.26;   84.88;   3.9;   14.6;    6.9;    4.8;  10.0;   0.0;   0;    7.867;   0;eor
     Koeln_Bonn;20151028;   3;    9.6;  10.3;   7.1; 1000.33;   86.13;   4.3;   11.5;    8.1;    7.0;   9.4;   0.0;   6;    0.033;   0;eor
     Koeln_Bonn;20151029;   3;   11.4;  11.2;   5.8; 1006.80;   83.96;   1.8;   16.9;    7.5;    5.1;   4.2;   0.0;   0;    4.367;   0;eor
     Koeln_Bonn;20151030;   3;    9.1;  10.4;   4.8; 1014.00;   89.79;   2.8;   13.0;    4.8;    3.1;   8.2;   0.0;   0;    1.350;   0;eor
     Koeln_Bonn;20151031;   3;    8.2;   9.5;   3.3; 1015.32;   87.29;   4.4;   10.9;    6.0;    2.9;  10.9;   0.0;   0;    2.033;   0;eor
     Koeln_Bonn;20151101;   3;    8.2;   9.9;   3.1; 1018.28;   91.50;   2.1;   14.9;    3.7;    0.7;   4.5;   0.0;   0;    4.700;   0;eor
     Koeln_Bonn;20151102;   3;    8.2;   8.3;   1.1; 1014.74;   78.67;   3.4;   14.7;    0.9;   -1.6;   8.3;   0.0;   0;    7.850;   0;eor
     Koeln_Bonn;20151103;   3;    7.5;   8.2;   3.7; 1009.49;   79.42;   2.5;   14.0;    0.2;   -1.1;   5.9;   0.0;   0;    6.950;   0;eor
     Koeln_Bonn;20151104;   3;   10.9;  10.5;   5.8; 1007.55;   79.38;   3.9;   14.8;    7.1;    4.8;   9.0;   0.2;   6;    0.417;   0;eor
     Koeln_Bonn;20151105;   3;   13.7;  13.1;   7.3; 1008.50;   83.63;   2.7;   16.3;   10.5;    9.0;   5.6;   0.9;   6;    0.600;   0;eor
     Koeln_Bonn;20151106;   3;   14.7;  14.5;   7.5; 1008.87;   86.42;   3.0;   17.8;   12.7;   12.1;   6.1;   2.0;   6;    0.233;   0;eor
     Koeln_Bonn;20151107;   3;   17.0;  17.2;   6.6; 1011.48;   89.17;   2.7;   18.8;   14.9;   12.9;   8.9;   0.0;   6;    0.017;   0;eor
     Koeln_Bonn;20151108;   3;   14.6;  13.8;   5.7; 1013.83;   83.67;   2.9;   17.8;    8.3;    7.1;   8.0;   0.1;   6;    3.650;   0;eor
     Koeln_Bonn;20151109;   3;   15.3;  12.6;   7.4; 1011.29;   71.79;   4.1;   17.5;   12.1;    9.8;  13.8;   0.5;   6;    0.783;   0;eor
     Koeln_Bonn;20151110;   3;   14.7;  12.5;   7.3; 1012.45;   74.71;   2.7;   15.7;   13.4;   12.4;   7.5;   0.0;   6;    0.000;   0;eor
     Koeln_Bonn;20151111;   3;   11.8;  10.7;   7.1; 1013.28;   76.92;   2.6;   13.9;    9.6;    7.6;   7.1;   0.1;   6;    0.083;   0;eor
     Koeln_Bonn;20151112;   3;   12.7;  11.5;   7.2; 1013.28;   78.71;   2.3;   15.8;   10.3;    8.7;   6.1;   0.0;   0;    1.650;   0;eor
     Koeln_Bonn;20151113;   3;   11.3;  10.9;   6.1; 1010.75;   80.67;   3.8;   14.1;    7.6;    5.7;  15.5;   5.7;   6;    0.000;   0;eor
     Koeln_Bonn;20151114;   3;    8.6;   8.7;   6.8; 1012.92;   77.67;   4.5;   11.0;    6.0;    3.7;  12.2;   1.7;   6;    0.583;   0;eor
     Koeln_Bonn;20151115;   3;   13.6;  12.1;   7.4; 1002.33;   77.67;   6.4;   16.4;    9.9;    8.7;  17.4;   0.0;   6;    0.150;   0;eor
     Koeln_Bonn;20151116;   3;   11.6;  11.3;   7.1; 1003.03;   83.04;   3.4;   13.7;    8.7;    7.3;   8.4;   9.4;   6;    0.000;   0;eor
     Koeln_Bonn;20151117;   3;   14.0;  13.3;   7.3;  997.27;   83.33;   4.4;   16.3;   11.2;   10.8;  17.9;   4.8;   6;    1.350;   0;eor
     Koeln_Bonn;20151118;   3;   13.4;  10.1;   5.5; 1002.24;   65.42;   6.8;   15.2;   11.6;    9.2;  21.3;   5.9;   6;    0.933;   0;eor
     Koeln_Bonn;20151119;   3;   11.0;  11.2;   7.8; 1001.38;   85.88;   4.4;   14.4;    7.6;    7.7;  15.0;  10.4;   6;    0.033;   0;eor
     Koeln_Bonn;20151120;   3;    7.6;   9.4;   7.6;  994.23;   89.75;   2.9;    9.5;    4.3;    2.5;   9.5;   6.4;   6;    0.000;   0;eor
     Koeln_Bonn;20151121;   3;    4.3;   6.9;   5.8;  986.13;   83.42;   2.9;    6.8;    2.3;    0.2;   8.3;   0.8;   6;    3.583;   0;eor
     Koeln_Bonn;20151122;   3;    2.7;   6.5;   6.5;  996.24;   87.83;   3.8;    5.0;    0.5;   -0.8;  11.1;   0.2;   8;    0.067;   0;eor
     Koeln_Bonn;20151123;   3;    2.5;   6.2;   6.2; 1010.22;   84.42;   2.6;    6.2;    0.1;   -0.8;   8.6;   0.0;   0;    3.567;   0;eor
     Koeln_Bonn;20151124;   3;    1.4;   5.7;   7.5; 1005.87;   85.25;   3.6;    3.7;    0.0;   -0.7;  11.7;   8.5;   8;    0.000;   0;eor
     Koeln_Bonn;20151125;   3;    4.3;   7.8;   7.3;  995.05;   93.92;   2.5;    7.2;    1.2;    0.7;   9.9;   2.7;   6;    0.100;   0;eor
     Koeln_Bonn;20151126;   3;    3.3;   7.4;   5.0; 1005.20;   94.83;   2.0;    7.1;   -1.4;   -3.3;   5.5;   0.0;   0;    2.000;   0;eor
     Koeln_Bonn;20151127;   3;    1.6;   6.3;   3.1; 1005.58;   92.13;   2.9;    6.1;   -2.8;   -3.9;   7.5;   2.9;   6;    4.583;   0;eor
     Koeln_Bonn;20151128;   3;    4.9;   7.0;   7.0; 1000.70;   81.04;   4.7;    7.4;    1.7;    1.2;  13.6;   3.0;   6;    1.900;   0;eor
     Koeln_Bonn;20151129;   3;    9.3;   9.5;   8.0;  999.25;   81.25;   6.8;   11.8;    5.8;    4.9;  19.1;  11.4;   6;    0.000;   0;eor
     Koeln_Bonn;20151130;   3;    9.5;  10.2;   7.8; 1004.50;   85.54;   5.8;   12.0;    7.6;    6.4;  17.7;  10.4;   6;    0.000;   0;eor
     Koeln_Bonn;20151201;   3;    9.8;  11.5;   8.0; 1011.23;   94.75;   3.4;   12.1;    6.9;    7.0;  14.2;   8.1;   6;    0.000;   0;eor
     Koeln_Bonn;20151202;   3;    9.4;   8.8;   6.3; 1016.33;   74.33;   3.2;   11.5;    4.7;    2.6;   7.7;   0.0;   0;    0.000;   0;eor
     Koeln_Bonn;20151203;   3;    8.4;   8.0;   6.0; 1015.78;   72.46;   3.1;   11.6;    5.9;    4.5;   9.6;   0.2;   6;    5.400;   0;eor
     Koeln_Bonn;20151204;   3;    7.0;   8.5;   4.2; 1015.77;   84.17;   3.3;   10.2;    2.4;    0.6;   8.2;   2.6;   6;    1.383;   0;eor
     Koeln_Bonn;20151205;   3;    5.1;   7.1;   6.1; 1016.61;   81.29;   3.8;    8.6;    2.2;    0.6;   8.6;   0.0;   0;    0.050;   0;eor
     Koeln_Bonn;20151206;   3;    8.7;   8.8;   6.0; 1012.88;   77.79;   3.9;   12.3;    3.6;    1.9;  12.0;   0.0;   0;    0.233;   0;eor
     Koeln_Bonn;20151207;   3;   11.3;  10.3;   6.5; 1018.69;   77.13;   3.1;   14.6;    9.5;    7.9;   7.7;   0.0;   0;    2.333;   0;eor
     Koeln_Bonn;20151208;   3;   10.1;   9.9;   3.5; 1017.24;   79.92;   3.3;   13.3;    8.2;    5.3;   7.7;   9.8;   6;    5.517;   0;eor
     Koeln_Bonn;20151209;   3;    7.1;   8.8;   3.8; 1023.45;   86.71;   2.6;   10.0;    2.1;   -0.6;   7.5;   0.0;   0;    2.633;   0;eor
     Koeln_Bonn;20151210;   3;    3.3;   6.6;   4.5; 1021.03;   86.21;   3.5;    7.6;    0.0;   -1.9;   8.4;   0.0;   0;    5.167;   0;eor
     Koeln_Bonn;20151211;   3;    5.0;   8.1;   8.0; 1012.49;   91.75;   3.7;    8.1;    1.5;    0.7;   8.7;  16.9;   6;    0.000;   0;eor
     Koeln_Bonn;20151212;   3;    7.4;   9.3;   7.0; 1010.12;   90.83;   2.5;   10.4;    3.9;    1.2;   9.3;   0.2;   6;    0.017;   0;eor
     Koeln_Bonn;20151213;   3;    7.5;   9.6;   7.6; 1008.05;   92.50;   2.8;    9.9;    6.2;    5.6;  12.1;   1.5;   6;    0.000;   0;eor
     Koeln_Bonn;20151214;   3;    6.9;   9.0;   5.1; 1009.06;   91.04;   2.9;    9.1;    4.8;    2.4;   7.6;   0.0;   0;    1.550;   0;eor
     Koeln_Bonn;20151215;   3;    7.2;   8.9;   6.6; 1011.06;   87.50;   2.8;   10.0;    4.5;    2.7;   6.0;   2.1;   6;    3.567;   0;eor
     Koeln_Bonn;20151216;   3;   10.1;  12.0;   8.0; 1011.79;   96.04;   3.1;   12.1;    8.2;    7.7;   7.6;   6.0;   6;    0.000;   0;eor
     Koeln_Bonn;20151217;   3;   12.9;  13.3;   6.8; 1011.30;   89.17;   2.9;   15.2;   11.5;   10.7;   6.5;   0.4;   6;    1.533;   0;eor
     Koeln_Bonn;20151218;   3;   11.7;  11.5;   7.1; 1010.58;   83.33;   2.4;   13.7;    8.5;    6.5;   7.7;   0.1;   6;    0.683;   0;eor
     Koeln_Bonn;20151219;   3;   11.5;  11.6;   5.8; 1009.79;   85.83;   3.2;   15.5;    9.1;    7.6;   6.1;   0.0;   0;    3.300;   0;eor
     Koeln_Bonn;20151220;   3;   10.9;  10.6;   6.9; 1006.62;   80.83;   3.2;   12.5;    9.7;    8.3;   7.7;   0.4;   6;    0.000;   0;eor
     Koeln_Bonn;20151221;   3;   10.9;   9.8;   7.1; 1009.47;   74.92;   4.8;   13.1;    6.7;    5.1;  13.3;   4.0;   6;    2.700;   0;eor
     Koeln_Bonn;20151222;   3;   11.9;  11.3;   7.3; 1011.03;   81.13;   4.3;   14.1;   10.0;    9.6;  11.9;   0.1;   6;    0.133;   0;eor
     Koeln_Bonn;20151223;   3;   10.4;   9.6;   6.0; 1012.69;   76.21;   4.2;   13.3;    4.9;    1.4;  11.9;   0.0;   6;    3.850;   0;eor
     Koeln_Bonn;20151224;   3;   10.6;  10.1;   6.3; 1010.22;   79.46;   4.6;   13.8;    5.6;    1.9;  13.7;   1.6;   6;    0.917;   0;eor
     Koeln_Bonn;20151225;   3;    9.7;  10.5;   7.5; 1014.83;   87.04;   2.9;   13.1;    7.3;    6.1;   6.9;   3.8;   6;    0.000;   0;eor
     Koeln_Bonn;20151226;   3;   12.2;  10.5;   5.5; 1014.37;   73.88;   3.6;   16.0;    7.0;    5.2;   7.4;   0.0;   0;    5.033;   0;eor
     Koeln_Bonn;20151227;   3;    9.6;   9.4;   5.7; 1015.35;   78.92;   3.6;   12.9;    5.1;    3.4;   7.8;   0.0;   0;    0.850;   0;eor
     Koeln_Bonn;20151228;   3;    8.3;   8.2;   5.3; 1015.08;   75.79;   4.3;   11.8;    5.7;    2.1;  11.8;   0.0;   0;    4.783;   0;eor
     Koeln_Bonn;20151229;   3;    8.0;   7.9;   5.4; 1014.20;   73.29;   4.1;   11.1;    5.6;    3.3;   8.4;   0.0;   0;    4.150;   0;eor
     Koeln_Bonn;20151230;   3;    6.1;   8.0;   5.4; 1013.75;   85.50;   5.1;    8.3;    4.1;    1.9;  15.1;   0.0;   6;    1.433;   0;eor
     Koeln_Bonn;20151231;   3;    6.5;   7.8;   5.6; 1008.95;   80.42;   4.0;   11.4;    2.1;    0.2;  10.2;   3.4;   6;    2.900;   0;eor
     Koeln_Bonn;20160101;   3;    5.1;   7.8;   6.3; 1011.71;   88.21;   3.7;    8.0;    2.2;    0.6;  10.9;   0.1;   6;    1.650;   0;eor
     Koeln_Bonn;20160102;   3;    4.2;   7.1;   7.5; 1000.52;   86.13;   6.3;    5.8;    3.2;    3.0;  13.6;   4.1;   6;    0.000;   0;eor
     Koeln_Bonn;20160103;   3;    5.6;   7.9;   7.8;  992.03;   87.29;   5.0;    7.7;    4.2;    3.7;  12.9;   6.8;   8;    0.017;   0;eor
     Koeln_Bonn;20160104;   3;    4.7;   8.1;   7.8;  978.83;   94.54;   3.6;    7.2;    1.4;    1.1;  12.9;   3.0;   6;    0.000;   0;eor
     Koeln_Bonn;20160105;   3;    6.2;   8.3;   7.2;  981.83;   87.25;   3.3;    7.9;    4.7;    3.6;   6.6;   1.8;   6;    0.000;   0;eor
     Koeln_Bonn;20160106;   3;    6.0;   8.6;   7.5;  986.87;   92.58;   2.5;    7.9;    4.9;    3.8;   5.3;   3.5;   6;    0.000;   0;eor
     Koeln_Bonn;20160107;   3;    5.4;   7.9;   6.8;  983.75;   87.96;   5.2;    7.7;    4.1;    3.2;  19.6;   7.3;   6;    0.000;   0;eor
     Koeln_Bonn;20160108;   3;    4.5;   6.4;   2.1;  991.99;   76.21;   3.7;    8.1;    0.6;   -1.9;  12.8;   0.0;   0;    5.500;   0;eor
     Koeln_Bonn;20160109;   3;    3.9;   7.0;   5.3;  989.95;   86.04;   3.6;    6.1;    1.3;   -0.2;   8.0;   0.0;   6;    5.117;   0;eor
     Koeln_Bonn;20160110;   3;    6.8;   8.1;   6.4;  982.25;   82.83;   4.2;    9.2;    4.7;    3.0;  11.2;   2.7;   6;    4.317;   0;eor
     Koeln_Bonn;20160111;   3;    5.0;   8.0;   6.4;  977.46;   91.04;   3.5;    6.7;    2.6;    0.5;   8.1;   7.6;   6;    0.067;   0;eor
     Koeln_Bonn;20160112;   3;    6.0;   7.4;   6.4;  984.18;   79.58;   4.2;    8.6;    4.8;    2.8;  12.1;   2.5;   6;    0.583;   0;eor
     Koeln_Bonn;20160113;   3;    4.6;   7.4;   6.6;  998.50;   86.92;   4.9;    6.1;   -0.1;   -1.4;  15.2;   1.8;   6;    0.000;   0;eor
     Koeln_Bonn;20160114;   3;    2.2;   6.3;   5.7;  995.80;   87.04;   4.0;    3.8;   -0.2;   -1.5;  11.4;   4.3;   8;    0.033;   0;eor
     Koeln_Bonn;20160115;   3;    2.2;   6.5;   7.8;  996.73;   91.29;   4.8;    3.8;    0.7;   -0.5;  13.3;   1.5;   8;    0.000;   0;eor
     Koeln_Bonn;20160116;   3;    1.3;   6.0;   6.4; 1008.78;   89.96;   4.1;    3.7;   -0.8;   -2.5;  16.7;   2.1;   8;    0.000;   0;eor
     Koeln_Bonn;20160117;   3;   -0.6;   4.9;   5.2; 1012.76;   83.29;   3.6;    1.6;   -5.3;   -7.8;  10.6;   0.0;   7;    1.750;   0;eor
     Koeln_Bonn;20160118;   3;   -3.8;   3.6;   3.1; 1008.72;   79.21;   2.9;   -0.1;   -7.8;   -9.0;   9.2;   0.0;   0;    5.717;   0;eor
     Koeln_Bonn;20160119;   3;   -5.8;   3.3;   3.1; 1004.98;   83.54;   2.6;   -2.7;   -9.3;  -10.8;   5.7;   0.0;   7;    4.350;   0;eor
     Koeln_Bonn;20160120;   3;   -1.0;   4.8;   7.6; 1007.28;   83.58;   1.5;    2.6;   -5.0;   -4.4;   4.5;   0.0;   8;    0.000;   0;eor
     Koeln_Bonn;20160121;   3;    0.6;   5.5;   5.4; 1014.25;   85.79;   2.3;    2.6;   -1.9;   -3.1;   7.0;   0.0;   0;    1.050;   0;eor
     Koeln_Bonn;20160122;   3;   -1.3;   4.5;   4.3; 1014.57;   81.88;   5.2;    1.5;   -4.3;   -5.4;  10.4;   3.8;   6;    5.200;   0;eor
     Koeln_Bonn;20160123;   3;    5.3;   8.3;   7.9; 1019.18;   92.21;   2.2;    7.7;    0.5;    0.0;   7.6;   0.0;   6;    0.000;   0;eor
     Koeln_Bonn;20160124;   3;    5.6;   8.4;   7.7; 1019.35;   91.75;   3.0;    8.3;    2.8;    1.0;   7.0;   1.8;   6;    0.000;   0;eor
     Koeln_Bonn;20160125;   3;    9.9;   9.9;   5.8; 1014.90;   80.96;   3.4;   13.7;    6.2;    4.4;   7.9;   0.0;   0;    5.467;   0;eor
     Koeln_Bonn;20160126;   3;    9.9;   9.4;   7.0; 1011.45;   76.83;   3.6;   13.7;    8.1;    6.2;  11.0;   0.0;   6;    1.233;   0;eor
     Koeln_Bonn;20160127;   3;   11.4;   9.0;   7.6; 1005.13;   67.17;   4.6;   13.1;    9.6;    8.4;  12.3;   3.6;   6;    0.000;   0;eor
     Koeln_Bonn;20160128;   3;    6.5;   7.5;   6.3; 1011.52;   76.75;   3.1;   11.1;    0.7;   -2.4;  10.8;   0.0;   0;    4.800;   0;eor
     Koeln_Bonn;20160129;   3;    6.0;   7.1;   6.4; 1013.34;   75.75;   4.6;    9.5;    0.1;   -2.4;  11.8;   0.0;   0;    0.000;   0;eor
     Koeln_Bonn;20160130;   3;    7.2;   7.9;   7.0; 1000.97;   77.33;   6.1;    9.8;    1.9;   -0.2;  16.0;   7.0;   6;    0.000;   0;eor
     Koeln_Bonn;20160131;   3;    6.3;   7.9;   7.5;  999.00;   81.54;   3.6;   11.8;    2.8;    1.1;  10.5;   3.2;   6;    0.033;   0;eor
     Koeln_Bonn;20160201;   3;   11.7;  10.7;   7.9; 1005.73;   78.04;   6.1;   12.2;   11.2;    9.8;  16.7;   0.0;   6;    0.000;   0;eor
     Koeln_Bonn;20160202;   3;    9.1;   9.8;   7.4; 1003.93;   85.00;   4.5;   12.6;    5.4;    3.5;  14.7;  14.5;   6;    0.000;   0;eor
     Koeln_Bonn;20160203;   3;    4.5;   6.7;   6.1; 1006.93;   79.67;   3.9;    6.8;    1.8;    1.8;  14.3;   1.6;   8;    1.350;   0;eor
     Koeln_Bonn;20160204;   3;    4.3;   7.2;   7.6; 1010.90;   86.67;   3.9;    6.9;    2.0;    0.5;  11.5;   6.7;   6;    0.000;   0;eor
     Koeln_Bonn;20160205;   3;    6.8;   8.9;   7.7; 1012.00;   88.83;   2.7;   10.0;    3.2;    2.8;   7.0;   0.8;   6;    0.000;   0;eor
     Koeln_Bonn;20160206;   3;    9.0;   8.4;   5.6;  999.63;   73.42;   4.2;   11.8;    5.5;    4.2;  11.0;   0.0;   0;    4.600;   0;eor
     Koeln_Bonn;20160207;   3;    9.0;   7.6;   5.8;  990.52;   65.75;   4.9;   11.9;    3.8;    2.1;  13.9;   0.0;   6;    0.117;   0;eor
     Koeln_Bonn;20160208;   3;    8.7;   7.3;   7.0;  984.53;   64.63;   7.8;   11.2;    7.4;    5.8;  20.9;   6.5;   6;    2.283;   0;eor
     Koeln_Bonn;20160209;   3;    6.7;   7.3;   7.0;  978.99;   74.75;   5.9;   12.7;    2.7;    1.9;  21.9;   6.2;   6;    0.333;   0;eor
     Koeln_Bonn;20160210;   3;    4.2;   6.8;   7.5;  983.42;   82.96;   4.2;    5.5;    3.1;    1.3;  12.2;   3.3;   6;    0.000;   0;eor
     Koeln_Bonn;20160211;   3;    4.6;   6.7;   6.7;  993.04;   79.50;   2.6;    8.0;    1.8;    0.6;   8.2;   0.6;   6;    1.800;   0;eor
     Koeln_Bonn;20160212;   3;    2.9;   5.7;   4.4;  988.44;   75.71;   3.1;    5.4;   -2.5;   -4.7;   8.3;   0.0;   0;    2.433;   0;eor
     Koeln_Bonn;20160213;   3;    0.9;   5.8;   5.3;  977.95;   88.42;   3.5;    4.3;   -5.1;   -6.8;   9.7;   7.8;   8;    0.067;   0;eor
     Koeln_Bonn;20160214;   3;    3.2;   7.0;   8.0;  977.56;   90.25;   2.3;    4.2;    1.6;    1.6;   6.3;   3.8;   8;    0.000;   0;eor
     Koeln_Bonn;20160215;   3;    1.0;   5.7;   7.8; 1003.18;   86.46;   4.0;    2.0;   -1.5;   -2.9;  10.3;   0.2;   8;    0.000;   0;eor
     Koeln_Bonn;20160216;   3;    0.0;   4.1;   2.3; 1022.25;   68.63;   1.8;    5.3;   -4.1;   -6.7;   6.4;   0.0;   0;    8.083;   0;eor
     Koeln_Bonn;20160217;   3;    0.7;   4.6;   2.8; 1009.66;   72.92;   2.5;    5.6;   -5.8;   -7.8;   6.2;   0.0;   6;    8.200;   0;eor
     Koeln_Bonn;20160218;   3;    2.2;   5.0;   7.2; 1003.61;   70.96;   2.7;    5.7;   -2.9;   -4.4;   7.2;   0.0;   8;    2.117;   0;eor
     Koeln_Bonn;20160219;   3;    0.5;   5.7;   5.7; 1008.03;   88.46;   2.2;    3.3;   -2.5;   -4.0;   6.7;   2.3;   8;    0.533;   0;eor
     Koeln_Bonn;20160220;   3;    6.7;   8.5;   8.0; 1000.98;   84.71;   4.8;   11.4;    1.8;    0.7;  14.1;   6.9;   6;    0.000;   0;eor
     Koeln_Bonn;20160221;   3;   12.1;  11.2;   7.5;  999.99;   79.21;   7.8;   14.3;   10.6;    9.9;  17.3;   0.0;   6;    0.017;   0;eor
     Koeln_Bonn;20160222;   3;    8.3;   8.9;   7.4;  996.77;   81.50;   6.4;   11.9;    1.6;    1.6;  15.6;   9.3;   6;    0.000;   0;eor
     Koeln_Bonn;20160223;   3;    2.9;   6.9;   7.0; 1001.78;   91.79;   2.3;    6.8;    1.2;    0.3;  13.9;   2.5;   8;    0.617;   0;eor
     Koeln_Bonn;20160224;   3;    2.0;   6.1;   5.7; 1005.50;   87.00;   1.8;    6.4;   -2.6;   -5.1;   9.1;   1.0;   8;    2.117;   0;eor
     Koeln_Bonn;20160225;   3;    0.3;   5.3;   4.6; 1002.42;   84.58;   2.4;    5.4;   -5.1;   -7.5;   9.9;   0.1;   8;    4.100;   0;eor
     Koeln_Bonn;20160226;   3;    2.1;   5.2;   6.5; 1001.07;   74.46;   2.3;    4.9;   -0.9;   -3.0;   6.2;   0.0;   0;    0.517;   0;eor
     Koeln_Bonn;20160227;   3;    3.3;   4.4;   3.3;  997.41;   57.92;   3.9;    8.5;   -1.8;   -5.3;   9.3;   0.0;   0;    9.050;   0;eor
     Koeln_Bonn;20160228;   3;    1.4;   4.3;   6.1; 1004.10;   65.71;   3.9;    6.3;   -4.6;   -7.4;  11.1;   0.0;   0;    3.117;   0;eor
     Koeln_Bonn;20160229;   3;    1.4;   4.3;   2.2; 1009.23;   65.08;   4.8;    7.3;   -3.3;   -6.3;  11.8;   0.0;   0;    8.700;   0;eor
     Koeln_Bonn;20160301;   3;    0.5;   5.1;   5.5; 1005.92;   80.58;   3.1;    6.7;   -6.4;   -9.5;  11.7;   4.6;   8;    3.633;   0;eor
     Koeln_Bonn;20160302;   3;    6.1;   6.9;   7.5;  988.90;   73.63;   4.5;    9.8;    2.4;    1.9;  19.5;   0.4;   6;    1.017;   0;eor
     Koeln_Bonn;20160303;   3;    2.9;   6.3;   5.6;  989.98;   84.08;   3.2;    6.5;   -0.7;   -3.5;  11.3;   2.2;   8;    0.983;   0;eor
     Koeln_Bonn;20160304;   3;    1.9;   6.1;   6.8;  986.24;   87.00;   5.0;    3.1;   -0.4;   -1.8;  13.2;   3.6;   8;    0.000;   0;eor
     Koeln_Bonn;20160305;   3;    2.9;   6.9;   7.6;  984.01;   92.42;   1.3;    5.0;    0.8;   -0.3;   4.1;   0.8;   6;    0.000;   0;eor
     Koeln_Bonn;20160306;   3;    2.1;   6.6;   6.8;  988.28;   92.67;   1.6;    4.4;   -1.8;   -2.7;   7.2;   4.5;   8;    0.100;   0;eor
     Koeln_Bonn;20160307;   3;    1.3;   6.1;   5.6;  993.30;   91.63;   1.7;    5.4;   -2.9;   -5.6;   5.7;   1.1;   8;    0.867;   1;eor
     Koeln_Bonn;20160308;   3;    0.8;   5.6;   4.7; 1003.20;   86.29;   1.9;    5.8;   -4.2;   -6.5;   5.3;   0.0;   0;    2.150;   0;eor
     Koeln_Bonn;20160309;   3;    3.2;   5.1;   2.1;  997.35;   67.67;   6.0;    8.2;   -1.0;   -3.1;  16.8;   0.0;   0;    9.683;   0;eor
     Koeln_Bonn;20160310;   3;    3.7;   5.3;   2.1; 1005.80;   68.96;   2.2;   10.9;   -5.5;   -7.4;   9.3;   0.0;   0;    8.750;   0;eor
     Koeln_Bonn;20160311;   3;    4.7;   6.1;   4.8; 1014.69;   72.96;   2.3;   11.6;   -2.6;   -5.5;   9.3;   0.0;   0;    2.900;   0;eor
     Koeln_Bonn;20160312;   3;    3.5;   5.4;   4.4; 1018.13;   69.29;   2.8;    6.9;   -2.9;   -5.8;   9.3;   0.0;   0;    2.167;   0;eor
     Koeln_Bonn;20160313;   3;    5.0;   5.6;   2.3; 1020.62;   64.75;   3.3;   11.0;   -1.2;   -4.4;   9.6;   0.0;   0;    9.317;   0;eor
     Koeln_Bonn;20160314;   3;    3.8;   4.5;   2.5; 1019.53;   60.83;   2.7;   12.3;   -3.9;   -6.9;  10.1;   0.0;   0;    9.900;   0;eor
     Koeln_Bonn;20160315;   3;    3.1;   5.7;   4.8; 1014.67;   73.75;   3.1;    8.2;   -3.5;   -5.7;   8.7;   0.0;   6;    1.500;   0;eor
     Koeln_Bonn;20160316;   3;    5.0;   4.9;   3.1; 1015.65;   57.54;   5.8;    8.7;   -1.3;   -4.9;  14.9;   0.0;   0;    6.267;   0;eor
     Koeln_Bonn;20160317;   3;    4.2;   5.2;   0.0; 1014.99;   66.75;   1.8;   13.4;   -5.5;   -6.8;   7.2;   0.0;   0;   10.117;   0;eor
     Koeln_Bonn;20160318;   3;    2.0;   6.3;   4.6; 1010.90;   89.42;   2.6;    4.5;   -3.5;   -5.9;   7.2;   0.2;   6;    2.200;   0;eor
     Koeln_Bonn;20160319;   3;    5.0;   7.3;   8.0; 1010.13;   84.46;   2.6;    6.6;    3.5;    3.1;   6.2;   0.0;   6;    0.000;   0;eor
     Koeln_Bonn;20160320;   3;    5.9;   7.2;   7.7; 1008.43;   77.63;   3.0;    8.8;    4.2;    3.6;   7.5;   0.4;   6;    0.233;   0;eor
     Koeln_Bonn;20160321;   3;    7.0;   7.8;   7.8; 1007.05;   78.42;   3.7;    9.3;    5.2;    4.5;   8.6;   0.1;   6;    0.000;   0;eor
     Koeln_Bonn;20160322;   3;    7.2;   8.1;   7.4; 1002.73;   80.13;   3.8;   11.8;    4.5;    3.8;  11.1;   0.0;   6;    0.717;   0;eor
     Koeln_Bonn;20160323;   3;    7.4;   7.9;   7.3; 1000.44;   76.63;   4.6;   10.5;    4.9;    3.7;   9.8;   0.2;   6;    1.000;   0;eor
     Koeln_Bonn;20160324;   3;    6.9;   7.5;   7.7; 1002.84;   75.96;   2.5;    9.8;    4.2;    2.7;   6.9;   0.8;   6;    0.000;   0;eor
     Koeln_Bonn;20160325;   3;    7.0;   8.8;   7.9; 1001.90;   87.38;   3.4;    8.5;    5.2;    3.4;  11.8;   8.4;   6;    0.017;   0;eor
     Koeln_Bonn;20160326;   3;    9.7;   8.4;   4.4; 1003.96;   72.21;   4.8;   16.0;    3.7;    0.5;  14.1;   0.2;   6;   10.100;   0;eor
     Koeln_Bonn;20160327;   3;    9.9;   8.4;   5.5;  997.07;   69.21;   5.1;   13.8;    6.1;    4.7;  14.2;   3.2;   6;    3.233;   0;eor
     Koeln_Bonn;20160328;   3;    8.4;   8.2;   6.7;  989.85;   74.71;   6.0;   12.6;    5.4;    4.6;  24.0;   4.0;   6;    0.517;   0;eor
     Koeln_Bonn;20160329;   3;    8.1;   7.3;   7.1;  995.95;   68.38;   5.2;   13.8;    4.7;    3.4;  15.8;   2.9;   6;    1.700;   0;eor
     Koeln_Bonn;20160330;   3;    9.5;   8.4;   7.9;  998.54;   72.25;   3.6;   13.2;    6.5;    6.3;  10.3;   2.1;   6;    1.200;   0;eor
     Koeln_Bonn;20160331;   3;    6.2;   8.5;   8.0; 1000.70;   89.50;   2.8;    8.0;    4.4;    4.1;   8.7;  10.8;   6;    0.000;   0;eor
     Koeln_Bonn;20160401;   3;    7.8;   7.2;   6.0; 1007.65;   70.46;   3.8;   13.4;    3.2;    1.7;   9.6;   0.0;   0;    7.467;   0;eor
     Koeln_Bonn;20160402;   3;   10.4;   8.5;   5.7; 1004.84;   67.33;   3.3;   16.1;    3.8;    2.6;   7.7;   0.0;   6;    6.267;   0;eor
     Koeln_Bonn;20160403;   3;   15.1;  11.5;   7.6;  999.03;   67.29;   3.3;   20.6;   10.2;    9.3;   9.4;   0.2;   6;    0.600;   0;eor
     Koeln_Bonn;20160404;   3;   14.6;  10.7;   6.1;  995.25;   64.67;   4.1;   17.8;    9.0;    6.6;  11.3;   0.1;   6;    1.833;   0;eor
     Koeln_Bonn;20160405;   3;   10.8;  11.3;   7.2;  995.72;   87.38;   2.5;   13.6;    6.7;    3.9;   7.0;   5.3;   6;    0.017;   0;eor
     Koeln_Bonn;20160406;   3;   10.3;   8.5;   4.3;  998.51;   69.46;   5.1;   16.6;    4.4;    1.8;  18.0;   1.0;   6;    5.567;   0;eor
     Koeln_Bonn;20160407;   3;    7.5;   7.0;   4.2;  998.67;   69.25;   4.0;   12.8;    1.9;    0.1;  13.9;   4.3;   8;    4.500;   0;eor
     Koeln_Bonn;20160408;   3;    6.5;   7.2;   4.8; 1000.21;   75.08;   2.1;   11.5;    0.6;   -1.7;   4.3;   0.0;   6;    2.200;   0;eor
     Koeln_Bonn;20160409;   3;    9.0;   6.3;   3.0;  996.95;   60.29;   3.1;   16.4;   -0.9;   -2.5;   7.9;   0.0;   6;    9.517;   0;eor
     Koeln_Bonn;20160410;   3;   12.7;   8.0;   5.0;  999.02;   55.33;   3.6;   17.8;    6.5;    2.8;   9.9;   0.0;   0;    7.850;   0;eor
     Koeln_Bonn;20160411;   3;   13.4;   8.2;   2.5;  999.37;   54.58;   5.4;   19.7;    6.9;    5.4;  12.3;   0.0;   6;   11.883;   0;eor
     Koeln_Bonn;20160412;   3;   12.4;   9.4;   4.6;  997.78;   68.00;   2.7;   19.4;    6.4;    4.4;  10.5;   1.9;   6;    6.667;   0;eor
     Koeln_Bonn;20160413;   3;    8.8;   9.8;   6.2;  997.18;   86.79;   2.1;   12.9;    2.8;    2.0;   6.5;   0.0;   6;    0.333;   0;eor
     Koeln_Bonn;20160414;   3;   11.2;   8.5;   5.1;  999.88;   67.88;   1.7;   17.7;    2.7;    1.1;   7.2;   4.2;   6;    8.883;   0;eor
     Koeln_Bonn;20160415;   3;   12.8;   9.5;   6.5;  992.40;   66.21;   4.6;   18.0;    9.0;    8.7;  14.9;   0.0;   6;    4.333;   0;eor
     Koeln_Bonn;20160416;   3;   10.8;   9.5;   6.8;  990.90;   73.33;   4.0;   15.5;    6.4;    5.7;  14.2;   3.9;   6;    1.850;   0;eor
     Koeln_Bonn;20160417;   3;    6.9;   6.9;   5.3; 1000.44;   70.54;   3.2;   12.6;    1.0;   -1.0;  12.2;   0.1;   6;    4.267;   0;eor
     Koeln_Bonn;20160418;   3;    7.7;   6.3;   3.2; 1009.72;   63.88;   3.1;   14.0;   -1.7;   -3.4;  11.1;   0.0;   0;   10.567;   0;eor
     Koeln_Bonn;20160419;   3;    9.6;   7.4;   5.6; 1014.27;   62.42;   3.5;   14.3;    3.6;    0.2;   9.6;   0.0;   0;    1.250;   0;eor
     Koeln_Bonn;20160420;   3;    8.7;   6.2;   0.9; 1017.58;   59.54;   2.2;   16.9;   -1.5;   -3.5;   7.7;   0.0;   0;   12.450;   0;eor
     Koeln_Bonn;20160421;   3;   12.9;   6.8;   2.9; 1011.11;   49.83;   2.3;   21.4;    1.0;   -1.2;   7.5;   0.0;   0;   11.917;   0;eor
     Koeln_Bonn;20160422;   3;   12.2;   7.3;   7.3; 1006.03;   51.67;   3.6;   17.2;    7.8;    6.5;   9.3;   1.2;   6;    6.300;   0;eor
     Koeln_Bonn;20160423;   3;    6.6;   6.5;   6.0; 1002.06;   67.17;   4.6;   10.6;    1.5;   -1.3;  14.7;   0.9;   6;    1.850;   0;eor
     Koeln_Bonn;20160424;   3;    3.6;   6.2;   6.3; 1002.35;   79.29;   3.9;    9.3;    0.9;   -1.2;  14.9;   3.0;   8;    3.100;   0;eor
     Koeln_Bonn;20160425;   3;    4.4;   7.0;   7.5;  996.69;   84.04;   4.0;    7.9;    1.5;    0.7;  10.8;  15.5;   8;    0.550;   0;eor
     Koeln_Bonn;20160426;   3;    3.9;   6.6;   6.6;  990.05;   81.79;   5.7;    8.1;    1.1;    0.1;  16.8;   1.4;   8;    2.517;   0;eor
     Koeln_Bonn;20160427;   3;    4.9;   6.9;   7.1;  995.08;   79.63;   6.2;    8.3;    3.2;    2.0;  15.9;   3.5;   8;    1.600;   0;eor
     Koeln_Bonn;20160428;   3;    5.8;   6.8;   5.1; 1003.00;   75.79;   2.8;   12.6;    2.9;    1.4;  11.3;   1.8;   6;    6.183;   0;eor
     Koeln_Bonn;20160429;   3;    8.3;   7.0;   5.7; 1003.56;   66.71;   5.1;   15.0;    1.8;    0.8;  13.5;   1.7;   6;    3.667;   0;eor
     Koeln_Bonn;20160430;   3;    7.8;   8.4;   8.0; 1006.67;   80.25;   3.5;   10.5;    5.4;    5.0;   8.2;   4.2;   6;    0.400;   0;eor
     Koeln_Bonn;20160501;   3;    9.7;   8.8;   4.5; 1012.59;   75.29;   4.8;   16.1;    5.0;    2.1;  11.3;   0.0;   0;    6.717;   0;eor
     Koeln_Bonn;20160502;   3;   12.3;   8.7;   3.0; 1011.18;   65.63;   1.9;   20.8;    2.1;    0.1;   6.9;   2.7;   6;   12.200;   0;eor
     Koeln_Bonn;20160503;   1;   10.8;   8.4;   4.5; 1010.62;   66.25;   4.4;   15.4;    4.7;    1.7;  16.3;   0.0;   6;    6.433;   0;eor
     Koeln_Bonn;20160504;   1;    9.5;   6.5;   3.0; 1016.47;   59.58;   1.9;   16.9;    0.6;   -0.9;   5.8;   0.0;   0;   11.233;   0;eor
     Koeln_Bonn;20160505;   1;   12.9;   7.7;   2.6; 1011.49;   52.71;   4.0;   20.3;    0.6;   -0.6;  12.7;   0.0;   0;   13.417;   0;eor
     Koeln_Bonn;20160506;   1;   17.5;  10.0;   3.9; 1002.75;   52.00;   4.7;   24.4;    9.5;    5.5;  11.8;   0.0;   0;   12.867;   0;eor
     Koeln_Bonn;20160507;   1;   19.0;   9.7;   1.4;  999.40;   46.50;   3.8;   26.3;    7.5;    6.1;  11.7;   0.0;   0;   11.983;   0;eor
     Koeln_Bonn;20160508;   1;   20.1;   8.8;   0.4; 1000.11;   38.75;   5.2;   25.5;   14.0;    8.8;  14.1;   0.0;   0;   13.617;   0;eor
     Koeln_Bonn;20160509;   1;   20.3;  10.5;   3.9; 1000.75;   45.25;   5.6;   25.4;   14.4;   12.3;  12.9;   0.0;   0;   11.400;   0;eor
     Koeln_Bonn;20160510;   1;   18.7;  12.9;   7.2;  997.95;   60.17;   3.3;   22.6;   14.5;   12.4;   8.2;   0.0;   6;    1.117;   0;eor
     Koeln_Bonn;20160511;   1;   19.3;  13.2;   4.8;  992.93;   61.04;   4.1;   24.8;   11.4;   10.5;  10.6;   0.0;   0;   11.417;   0;eor
     Koeln_Bonn;20160512;   1;   18.8;  11.7;   5.3;  987.79;   54.67;   4.0;   23.9;   14.1;   11.0;  11.1;   0.0;   0;   11.383;   0;eor
     Koeln_Bonn;20160513;   1;   17.3;  11.0;   3.1;  990.49;   58.42;   4.2;   24.2;    9.9;    7.5;  12.3;   0.0;   6;   11.850;   0;eor
     Koeln_Bonn;20160514;   1;    9.7;   7.1;   6.6; 1000.87;   59.04;   6.7;   13.1;    6.9;    6.2;  13.4;   0.0;   6;    2.633;   0;eor
     Koeln_Bonn;20160515;   1;    8.8;   7.0;   6.5; 1007.49;   62.50;   5.2;   13.6;    5.8;    4.7;  13.5;   0.2;   6;    2.433;   0;eor
     Koeln_Bonn;20160516;   1;    9.3;   7.3;   6.5; 1008.18;   63.08;   3.6;   14.3;    6.2;    4.9;   9.6;   0.0;   6;    2.867;   0;eor
     Koeln_Bonn;20160517;   1;   13.0;   8.7;   7.1; 1005.55;   60.17;   2.7;   18.7;    7.3;    6.7;   9.4;   0.0;   0;    0.917;   0;eor
     Koeln_Bonn;20160518;   1;   14.6;  10.7;   7.4;  998.30;   65.54;   3.8;   19.5;   11.5;   11.0;  10.3;   3.8;   6;    0.683;   0;eor
     Koeln_Bonn;20160519;   1;   13.6;  10.8;   5.8;  999.68;   71.50;   2.2;   19.7;   10.1;    8.6;   6.3;   0.0;   6;    6.817;   0;eor
     Koeln_Bonn;20160520;   1;   14.1;  12.0;   6.7; 1006.40;   74.92;   3.0;   19.7;    8.3;    6.3;   8.9;   0.1;   6;    2.683;   0;eor
     Koeln_Bonn;20160521;   1;   18.0;  13.0;   6.9; 1003.81;   65.17;   4.0;   24.1;   10.4;    8.9;   9.4;   0.0;   0;    9.750;   0;eor
     Koeln_Bonn;20160522;   1;   18.2;  14.8;   7.0;  996.83;   71.92;   3.4;   22.9;   13.9;   12.7;   9.4;   3.2;   6;    1.200;   0;eor
     Koeln_Bonn;20160523;   1;   12.0;  12.9;   7.8;  999.71;   91.79;   4.8;   14.6;   10.0;    9.8;  11.7;   4.5;   6;    0.000;   0;eor
     Koeln_Bonn;20160524;   1;   10.8;  11.1;   7.8; 1004.40;   85.88;   4.3;   14.0;    9.1;    8.2;  10.5;   0.3;   6;    0.067;   0;eor
     Koeln_Bonn;20160525;   1;   12.6;  11.3;   7.1; 1003.75;   78.79;   1.5;   16.7;    9.1;    8.0;   5.7;   0.0;   6;    0.883;   0;eor
     Koeln_Bonn;20160526;   1;   16.7;  12.0;   4.5; 1003.90;   66.42;   2.1;   23.3;    7.6;    5.5;   6.3;   1.0;   6;   11.050;   0;eor
     Koeln_Bonn;20160527;   1;   17.9;  15.5;   6.3; 1003.07;   77.29;   2.2;   23.5;   13.4;   12.9;   5.8;   0.6;   6;    5.650;   0;eor
     Koeln_Bonn;20160528;   1;   17.8;  16.3;   6.7; 1000.74;   81.75;   1.6;   24.6;   14.0;   12.7;   8.6;   0.0;   6;    3.383;   0;eor
     Koeln_Bonn;20160529;   1;   18.8;  16.6;   7.0;  994.77;   76.79;   3.0;   24.1;   13.6;   12.9;   8.2;  13.0;   6;    5.533;   0;eor
     Koeln_Bonn;20160530;   1;   17.3;  17.4;   6.8;  991.27;   88.21;   4.5;   22.0;   15.3;   14.9;   9.8;   7.0;   6;    2.483;   0;eor
     Koeln_Bonn;20160531;   1;   16.9;  14.6;   6.9;  997.89;   76.25;   3.9;   20.2;   13.8;   13.0;  10.1;   1.9;   6;    1.000;   0;eor
     Koeln_Bonn;20160601;   1;   15.7;  17.4;   7.9; 1000.58;   97.04;   2.5;   17.8;   13.1;   12.7;   8.4;  45.9;   6;    0.000;   0;eor
