STATIONS_ID; MESS_DATUM; QUALITAETS_NIVEAU; LUFTTEMPERATUR;DAMPFDRUCK;BEDECKUNGSGRAD;LUFTDRUCK_STATIONSHOEHE;REL_FEUCHTE; WINDGESCHWINDIGKEIT; LUFTTEMPERATUR_MAXIMUM;LUFTTEMPERATUR_MINIMUM;LUFTTEMP_AM_ERDB_MINIMUM; WINDSPITZE_MAXIMUM; NIEDERSCHLAGSHOEHE;NIEDERSCHLAGSHOEHE_IND;SONNENSCHEINDAUER; SCHNEEHOEHE;eor
Lahr;20141209;   3;    2.6;   6.8;   6.5; 1008.60;   92.63;   1.6;    3.7;   -0.7;   -2.4;   5.7;   0.2;   6;    0.000;   0;eor
Lahr;20141210;   3;    3.0;   6.3;   6.6; 1005.79;   82.88;   4.5;    5.2;   -1.3;   -2.3;  13.6;   1.5;   8;    0.000;   0;eor
Lahr;20141211;   3;    6.5;   8.1;   7.3; 1000.09;   84.17;   6.1;    8.1;    4.8;    4.2;  15.3;   1.3;   6;    0.017;   0;eor
Lahr;20141212;   3;    8.9;   7.6;   6.8;  993.00;   67.38;   7.7;   11.0;    6.7;    5.7;  14.7;   0.0;   6;    2.367;   0;eor
Lahr;20141213;   3;   10.2;   8.4;   7.2;  993.12;   67.83;   3.9;   12.7;    8.1;    6.3;   9.5;   2.2;   6;    0.333;   0;eor
Lahr;20141214;   3;    8.9;  10.8;   7.8;  997.65;   94.71;   1.8;   10.4;    6.4;    6.1;   6.5;   1.0;   6;    0.000;   0;eor
Lahr;20141215;   3;    7.1;   9.2;   7.0;  998.45;   91.08;   1.2;   11.1;    1.5;   -0.4;   5.2;   0.5;   6;    0.517;   0;eor
Lahr;20141216;   3;    6.1;   8.5;   7.6;  996.52;   89.96;   2.1;    8.3;    2.9;    2.1;   5.8;   2.3;   6;    0.000;   0;eor
Lahr;20141217;   3;    5.9;   8.0;   8.0;  995.50;   86.25;   5.1;    8.5;    3.9;    2.8;  15.5;   4.0;   6;    0.000;   0;eor
Lahr;20141218;   3;   10.9;  11.4;   7.7;  999.77;   86.96;   5.2;   13.2;    8.5;    7.9;  10.3;   0.3;   6;    0.000;   0;eor
Lahr;20141219;   3;   11.2;  10.5;   7.5; 1002.45;   79.42;   6.0;   12.2;    9.2;    8.4;  12.5;   5.5;   6;    0.300;   0;eor
Lahr;20141220;   3;    6.6;   7.1;   6.1; 1009.25;   73.29;   4.2;    9.8;    2.5;   -0.8;  13.5;   0.8;   6;    0.050;   0;eor
Lahr;20141221;   3;    6.4;   7.5;   6.8; 1014.74;   78.67;   3.8;    8.5;    4.5;    3.2;   7.9;   0.0;   0;    2.683;   0;eor
Lahr;20141222;   3;    6.7;   7.0;   7.1; 1010.62;   71.63;   4.9;    8.9;    4.9;    3.7;  12.0;   0.0;   0;    3.133;   0;eor
Lahr;20141223;   3;    5.3;   6.2;   3.8; 1006.88;   70.75;   2.3;   11.1;   -2.3;   -4.2;   7.1;   0.0;   0;    5.600;   0;eor
Lahr;20141224;   3;    6.0;   7.1;   5.8; 1005.71;   75.33;   4.8;    9.3;   -2.6;   -4.4;  12.9;   0.3;   6;    0.333;   0;eor
Lahr;20141225;   3;    6.4;   7.5;   7.3; 1008.65;   77.83;   3.0;    9.0;    4.0;    1.4;   8.1;   0.3;   6;    0.000;   0;eor
Lahr;20141226;   3;    3.4;   6.9;   6.6; 1010.17;   88.04;   2.2;    5.2;    1.3;   -0.2;   6.1;   3.0;   8;    0.233;   0;eor
Lahr;20141227;   3;    2.8;   6.6;   7.5;  984.80;   87.88;   6.0;    4.8;    0.3;    0.1;  14.7;  10.2;   8;    0.000;   1;eor
Lahr;20141228;   3;   -2.6;   4.4;   5.0;  998.10;   84.71;   5.6;    1.2;   -8.6;   -9.8;  13.2;   0.0;   7;    0.000;   0;eor
Lahr;20141229;   3;   -5.0;   3.7;   5.8; 1015.71;   87.13;   3.2;   -2.2;   -9.2;  -10.6;  10.2;   3.7;   8;    0.000;   0;eor
Lahr;20141230;   3;   -1.0;   5.2;   8.0; 1018.07;   91.58;   2.4;    0.4;   -3.2;   -4.0;   6.7;   2.0;   8;    0.000;   5;eor
Lahr;20141231;   3;   -0.4;   5.6;   7.9; 1017.23;   93.88;   1.2;    1.5;   -3.9;   -5.6;   3.2;   0.0;   7;    0.000;  12;eor
Lahr;20150101;   3;   -2.6;   4.9;   6.3; 1017.98;   96.96;   2.0;   -0.5;   -4.4;   -5.1;   6.2;   0.0;   0;    0.533;  10;eor
Lahr;20150102;   3;    1.0;   5.6;   6.0; 1015.63;   85.33;   4.0;    3.8;   -5.4;   -7.9;  11.9;   4.5;   6;    0.000;   4;eor
Lahr;20150103;   3;    5.3;   8.3;   7.3; 1008.01;   91.63;   3.9;   12.8;   -0.5;   -1.8;  16.9;   7.0;   6;    0.000;   0;eor
Lahr;20150104;   3;    3.3;   6.5;   4.3; 1014.70;   83.83;   2.2;    6.6;   -2.2;   -4.3;   8.2;   0.0;   0;    4.733;   0;eor
Lahr;20150105;   3;   -0.3;   5.1;   0.7; 1014.80;   87.13;   1.3;    6.1;   -4.4;   -6.0;   4.0;   0.0;   0;    6.717;   0;eor
Lahr;20150106;   3;   -1.1;   5.1;   4.0; 1007.17;   90.17;   1.0;    3.9;   -5.3;   -6.9;   3.8;   0.1;   6;    6.267;   0;eor
Lahr;20150107;   3;    2.7;   6.7;   6.8; 1011.71;   90.92;   1.9;    6.1;   -0.3;   -2.0;   8.7;   0.8;   6;    1.800;   0;eor
Lahr;20150108;   3;    7.5;   8.8;   7.5; 1011.13;   84.71;   4.6;   10.4;    2.3;    2.0;  13.2;   3.2;   6;    0.000;   0;eor
Lahr;20150109;   3;    9.2;   9.4;   7.5; 1010.50;   80.29;   6.9;   12.7;    6.5;    5.5;  16.8;   1.0;   6;    0.000;   0;eor
Lahr;20150110;   3;   13.3;  11.9;   7.0; 1002.79;   77.67;   7.7;   15.6;    7.9;    7.2;  15.1;   9.0;   6;    2.833;   0;eor
Lahr;20150111;   3;    5.4;   6.8;   6.9; 1006.23;   75.75;   4.8;    8.1;    3.5;    2.8;  14.4;   1.0;   6;    2.217;   0;eor
Lahr;20150112;   3;    5.9;   6.0;   6.5; 1007.54;   64.67;   5.0;    8.4;    1.2;   -2.6;  12.8;   0.0;   0;    0.400;   0;eor
Lahr;20150113;   3;   10.4;   5.6;   2.8;  997.30;   43.67;   5.0;   15.6;    0.3;   -2.8;  11.1;   1.6;   8;    6.333;   0;eor
Lahr;20150114;   3;    7.2;   8.0;   6.1;  998.28;   78.42;   5.3;   11.4;    4.3;    2.1;  17.7;   4.7;   6;    0.433;   0;eor
Lahr;20150115;   3;    9.9;   7.1;   7.5;  991.51;   58.83;   4.6;   12.2;    5.2;    4.0;  10.9;   1.2;   6;    0.000;   0;eor
Lahr;20150116;   3;    6.3;   8.6;   8.0;  989.26;   91.00;   2.7;   11.1;    4.5;    4.5;   9.8;  28.5;   6;    0.000;   0;eor
Lahr;20150117;   3;    3.9;   7.7;   7.0;  997.18;   94.71;   1.6;    5.2;    0.6;   -1.4;   5.1;   5.6;   8;    0.000;   0;eor
Lahr;20150118;   3;    0.8;   5.8;   5.4;  998.02;   90.50;   1.4;    5.5;   -3.0;   -3.6;   4.4;   0.0;   0;    7.117;   0;eor
Lahr;20150119;   3;    0.9;   6.0;   6.9;  993.14;   91.96;   1.1;    2.8;   -2.6;   -4.3;   3.9;   5.7;   8;    0.000;   0;eor
Lahr;20150120;   3;    1.0;   6.1;   8.0;  993.19;   92.67;   2.5;    2.1;    0.4;    0.4;   6.3;   0.2;   8;    0.000;   0;eor
Lahr;20150121;   3;    1.3;   6.2;   7.4;  991.32;   91.75;   1.9;    3.4;   -0.4;   -1.7;   4.8;   0.0;   0;    0.750;   0;eor
Lahr;20150122;   3;    1.1;   6.1;   7.6;  994.82;   91.33;   1.5;    2.4;   -0.9;   -2.2;   4.4;   0.0;   6;    0.000;   0;eor
Lahr;20150123;   3;    1.4;   6.3;   7.9; 1003.83;   93.46;   2.7;    2.0;    0.9;    0.9;   5.6;   0.0;   6;    0.000;   0;eor
Lahr;20150124;   3;    1.5;   6.0;   7.8; 1004.60;   87.67;   2.0;    3.8;    0.3;    0.1;   8.0;   2.7;   8;    0.000;   0;eor
Lahr;20150125;   3;    1.8;   6.1;   7.5; 1011.15;   88.13;   1.3;    3.8;    0.2;   -0.5;   3.7;   0.7;   8;    0.650;   0;eor
Lahr;20150126;   3;    1.5;   6.3;   7.9; 1006.62;   92.83;   4.6;    2.6;    0.8;    0.3;   9.8;   6.2;   8;    0.000;   0;eor
Lahr;20150127;   3;    3.3;   6.7;   7.5; 1005.33;   86.67;   2.1;    5.3;    1.1;    0.5;   5.6;   0.3;   8;    0.133;   0;eor
Lahr;20150128;   3;    3.9;   6.5;   7.4;  996.58;   81.13;   6.4;    6.1;    1.5;    0.1;  20.8;   1.2;   6;    0.167;   0;eor
Lahr;20150129;   3;    4.1;   6.7;   7.0;  974.71;   82.21;   6.4;    5.7;    1.5;    0.3;  14.3;   3.3;   8;    0.000;   0;eor
Lahr;20150130;   3;    2.6;   6.1;   7.5;  962.21;   83.38;   5.4;    5.0;    0.2;    0.1;  15.1;   1.9;   8;    0.150;   1;eor
Lahr;20150131;   3;    2.3;   6.1;   7.0;  967.25;   85.00;   3.5;    5.2;    0.9;   -1.3;   9.0;   2.3;   8;    2.083;   0;eor
Lahr;20150201;   3;    1.9;   6.1;   7.4;  974.90;   87.58;   4.3;    3.2;    0.7;    0.2;  10.8;   1.7;   8;    0.100;   0;eor
Lahr;20150202;   3;    1.5;   6.1;   7.3;  984.37;   90.54;   2.2;    2.9;   -1.9;   -3.3;   7.1;   4.4;   8;    0.733;   0;eor
Lahr;20150203;   3;   -1.3;   5.0;   5.3;  985.56;   91.17;   1.7;    2.5;   -3.7;   -5.6;   5.3;   0.0;   0;    4.267;   0;eor
Lahr;20150204;   3;   -1.9;   4.5;   4.7;  992.52;   84.21;   4.0;    1.5;   -6.7;   -7.8;  10.7;   0.0;   0;    4.083;   0;eor
Lahr;20150205;   3;   -0.2;   4.2;   7.8;  996.07;   69.42;   6.5;    0.8;   -1.1;   -1.3;  11.7;   0.0;   7;    0.000;   0;eor
Lahr;20150206;   3;    0.0;   4.0;   3.4;  999.14;   65.38;   7.0;    2.1;   -3.6;   -5.0;  12.8;   0.0;   0;    6.933;   0;eor
Lahr;20150207;   3;   -2.7;   3.7;   1.8; 1007.65;   75.13;   3.7;    1.9;   -7.1;   -8.6;   9.5;   0.2;   8;    8.267;   0;eor
Lahr;20150208;   3;   -1.4;   4.8;   6.3; 1009.89;   86.13;   1.9;    2.2;   -5.3;   -6.9;   7.0;   0.2;   7;    0.567;   1;eor
Lahr;20150209;   3;    0.8;   5.0;   7.9; 1012.92;   77.67;   2.3;    3.4;   -3.3;   -3.9;   7.9;   0.0;   8;    0.000;   0;eor
Lahr;20150210;   3;    1.6;   6.3;   5.5; 1011.05;   91.67;   1.8;    5.6;   -3.0;   -4.5;   5.4;   0.0;   0;    0.917;   0;eor
Lahr;20150211;   3;    0.3;   5.5;   0.2; 1006.79;   88.75;   1.2;    6.9;   -4.6;   -6.3;   4.5;   0.0;   0;    8.583;   0;eor
Lahr;20150212;   3;   -1.7;   5.3;   7.1; 1004.63;   99.33;   1.1;   -0.5;   -3.9;   -5.5;   3.2;   0.1;   8;    0.000;   0;eor
Lahr;20150213;   3;   -1.3;   5.5;   7.8; 1000.02;   98.92;   1.5;    1.0;   -2.9;   -2.5;   3.7;   0.1;   8;    0.000;   0;eor
Lahr;20150214;   3;    1.2;   6.5;   6.0;  991.83;   96.58;   1.6;    7.8;   -2.2;   -2.3;   6.5;   0.6;   6;    2.133;   0;eor
Lahr;20150215;   3;    0.0;   5.6;   7.8;  993.88;   92.04;   2.2;    1.1;   -1.9;   -2.3;   4.9;   0.0;   0;    0.000;   0;eor
Lahr;20150216;   3;    1.0;   6.0;   8.0; 1001.20;   92.04;   1.2;    1.8;    0.3;    0.3;   4.5;   0.0;   6;    0.000;   0;eor
Lahr;20150217;   3;    1.3;   6.1;   8.0; 1013.48;   90.13;   1.4;    2.1;    0.7;    0.7;   4.3;   0.0;   6;    0.000;   0;eor
Lahr;20150218;   3;    1.9;   5.9;   6.6; 1019.60;   84.96;   2.0;    5.4;   -1.6;   -3.8;   6.4;   0.0;   0;    0.533;   0;eor
Lahr;20150219;   3;    1.6;   5.5;   4.7; 1012.55;   81.50;   2.0;    5.2;   -3.1;   -4.7;   6.8;   0.0;   0;    2.700;   0;eor
Lahr;20150220;   3;    5.8;   5.2;   2.1;  997.26;   62.63;   3.4;   14.3;   -4.0;   -5.2;  11.4;   0.1;   6;    9.283;   0;eor
Lahr;20150221;   3;    6.0;   7.4;   7.8;  983.98;   80.00;   4.6;    9.0;    2.6;    1.8;  14.1;   7.1;   6;    0.000;   0;eor
Lahr;20150222;   3;    3.3;   6.8;   6.2;  991.40;   87.29;   1.5;    5.6;   -0.4;   -2.6;   4.3;   0.3;   8;    0.000;   0;eor
Lahr;20150223;   3;    4.3;   7.2;   6.3;  984.32;   85.67;   4.7;    7.4;   -1.2;   -2.9;  11.9;   8.4;   6;    0.017;   0;eor
Lahr;20150224;   3;    4.9;   6.7;   6.8;  992.09;   77.96;   3.3;    7.6;    2.0;    0.3;   8.6;   0.8;   6;    2.550;   0;eor
Lahr;20150225;   3;    5.0;   6.4;   3.1; 1000.95;   74.75;   2.1;   11.0;   -1.4;   -3.1;   6.4;   0.0;   0;    7.233;   0;eor
Lahr;20150226;   3;    5.9;   5.7;   5.2;  999.83;   63.96;   2.0;   11.8;   -0.9;   -2.4;   6.2;   2.4;   6;    7.433;   0;eor
Lahr;20150227;   3;    5.0;   7.2;   7.9;  995.73;   83.38;   2.9;    7.4;    3.2;    2.8;  10.3;   4.8;   6;    0.000;   0;eor
Lahr;20150228;   3;    4.4;   6.3;   3.6; 1001.57;   77.08;   1.8;    9.0;   -0.2;   -2.0;   6.7;   0.9;   6;    8.983;   0;eor
Lahr;20150301;   3;    8.3;   8.6;   7.5;  991.68;   76.79;   5.6;   11.9;    2.1;    0.9;  14.6;   1.5;   6;    0.017;   0;eor
Lahr;20150302;   3;    7.9;   7.9;   5.6;  993.13;   73.79;   5.9;   11.8;    3.0;    0.8;  19.5;   2.0;   6;    2.917;   0;eor
Lahr;20150303;   3;    7.1;   5.9;   5.0; 1003.69;   60.21;   4.4;   13.2;    1.6;   -0.2;  12.8;   0.6;   6;    5.800;   0;eor
Lahr;20150304;   3;    5.2;   6.0;   6.2; 1009.13;   69.17;   2.5;    9.1;    1.4;   -2.1;   7.5;   0.0;   6;    3.867;   0;eor
Lahr;20150305;   3;    3.5;   5.5;   4.7; 1017.34;   72.08;   2.1;    8.2;   -1.4;   -4.0;   8.7;   0.0;   6;    5.533;   0;eor
Lahr;20150306;   3;    3.3;   5.4;   1.2; 1017.91;   73.21;   1.1;   10.9;   -3.3;   -4.8;   4.0;   0.0;   0;    9.950;   0;eor
Lahr;20150307;   3;    3.8;   5.9;   3.4; 1013.47;   75.29;   1.5;   11.0;   -3.1;   -5.0;   5.0;   0.0;   0;    7.983;   0;eor
Lahr;20150308;   3;    4.8;   6.6;   4.7; 1007.09;   77.92;   1.4;   13.7;   -2.4;   -4.3;   5.5;   0.0;   0;   10.000;   0;eor
Lahr;20150309;   3;    7.1;   7.4;   3.4; 1006.32;   75.29;   2.2;   16.0;   -1.0;   -2.6;   6.9;   0.0;   0;    9.967;   0;eor
Lahr;20150310;   3;    7.5;   8.3;   5.3; 1008.10;   81.00;   2.2;   14.9;   -0.7;   -2.9;   8.0;   1.1;   6;    4.283;   0;eor
Lahr;20150311;   3;    7.2;   7.4;   4.4; 1009.49;   73.67;   3.8;   11.7;   -0.1;   -3.4;   8.0;   0.0;   0;    7.883;   0;eor
Lahr;20150312;   3;    4.4;   5.3;   0.3; 1008.84;   66.75;   2.4;   13.2;   -3.3;   -5.6;   9.9;   0.0;   0;   10.517;   0;eor
Lahr;20150313;   3;    4.2;   5.5;   1.2; 1002.33;   68.00;   2.8;   11.6;   -2.7;   -5.1;   8.3;   0.0;   0;   10.233;   0;eor
Lahr;20150314;   3;    3.8;   5.5;   1.5; 1003.36;   70.67;   3.3;   10.1;   -2.5;   -5.4;  10.7;   0.0;   0;    6.583;   0;eor
Lahr;20150315;   3;    4.5;   6.1;   2.4; 1002.73;   75.63;   2.4;   11.7;   -1.6;   -4.8;   9.2;   0.0;   0;    8.800;   0;eor
Lahr;20150316;   3;    5.0;   6.9;   5.3; 1002.71;   79.75;   1.4;   12.6;    0.1;   -3.2;   5.5;   0.0;   0;    3.967;   0;eor
Lahr;20150317;   3;    7.5;   7.5;   5.5; 1003.46;   74.58;   1.2;   17.2;   -1.0;   -3.7;   5.1;   0.0;   0;    9.683;   0;eor
Lahr;20150318;   3;    9.9;   8.3;   4.8; 1004.89;   70.88;   1.6;   18.2;    2.7;    0.0;   6.5;   0.0;   0;   10.217;   0;eor
Lahr;20150319;   3;    8.4;   8.4;   1.4; 1005.03;   77.79;   2.2;   15.8;    1.4;   -1.3;   8.5;   0.0;   0;    5.233;   0;eor
Lahr;20150320;   3;    7.2;   7.1;   0.5; 1003.00;   73.33;   2.2;   16.2;   -1.9;   -4.1;   7.3;   0.0;   0;   10.650;   0;eor
Lahr;20150321;   3;    6.2;   6.9;   5.3;  998.65;   74.42;   2.7;   12.9;    0.0;   -2.6;   9.9;   0.0;   0;    1.733;   0;eor
Lahr;20150322;   3;    7.1;   7.0;   7.3; 1000.28;   70.33;   4.2;    9.8;    2.8;    1.6;  11.4;   0.0;   0;    0.550;   0;eor
Lahr;20150323;   3;    8.2;   7.2;   4.5;  996.93;   68.04;   1.8;   13.8;    2.6;   -0.5;   5.4;   0.0;   0;    7.317;   0;eor
Lahr;20150324;   3;    8.5;   7.5;   2.6;  989.37;   70.00;   1.6;   17.6;   -0.4;   -2.9;   5.6;   0.0;   0;    9.650;   0;eor
Lahr;20150325;   3;    7.8;   8.4;   6.7;  986.87;   79.38;   3.0;   12.8;    3.8;    0.9;   9.9;   0.4;   6;    3.100;   0;eor
Lahr;20150326;   3;    7.1;   8.1;   7.9;  992.25;   81.38;   3.0;    9.4;    5.7;    5.3;   9.2;   0.5;   6;    0.000;   0;eor
Lahr;20150327;   3;    8.5;   6.7;   4.4; 1001.18;   62.25;   3.7;   14.0;    1.5;   -2.1;   9.4;   0.0;   0;    5.467;   0;eor
Lahr;20150328;   3;    8.4;   7.2;   6.3; 1002.84;   66.38;   3.7;   14.3;    0.3;   -2.3;  10.1;   0.1;   6;    4.717;   0;eor
Lahr;20150329;   3;   11.3;  10.7;   7.9;  991.85;   79.75;   7.3;   12.5;   10.2;    9.5;  18.0;  12.8;   6;    0.000;   0;eor
Lahr;20150330;   3;   10.5;   8.4;   7.3;  990.88;   66.38;   5.0;   13.5;    8.5;    7.7;  17.5;   0.0;   6;    1.617;   0;eor
Lahr;20150331;   3;   12.0;   9.0;   5.4;  991.83;   63.96;   9.4;   14.8;    8.0;    6.1;  25.8;   1.4;   6;    2.617;   0;eor
Lahr;20150401;   3;    6.3;   6.3;   6.9; 1003.88;   66.75;   5.1;    9.6;    2.5;    2.2;  14.0;   0.8;   8;    2.617;   0;eor
Lahr;20150402;   3;    6.7;   7.8;   7.3; 1000.93;   79.71;   4.8;    8.6;    1.1;   -1.1;  16.5;   6.6;   6;    0.000;   0;eor
Lahr;20150403;   3;    6.1;   7.2;   5.9; 1001.79;   78.63;   1.8;   11.9;   -1.4;   -3.3;   6.7;   3.5;   6;    7.167;   0;eor
Lahr;20150404;   3;    5.8;   8.5;   7.8;  995.83;   91.96;   3.3;    7.6;    4.3;    3.5;  10.2;   9.1;   6;    0.000;   0;eor
Lahr;20150405;   3;    4.9;   5.7;   4.2; 1002.77;   67.33;   4.0;   10.2;   -0.9;   -3.8;  10.6;   0.0;   6;    7.883;   0;eor
Lahr;20150406;   3;    3.8;   5.5;   3.4; 1009.48;   71.00;   1.9;   10.6;   -2.8;   -4.9;   7.7;   0.0;   0;    2.617;   0;eor
Lahr;20150407;   3;    5.3;   5.5;   1.8; 1015.92;   65.88;   2.2;   13.3;   -2.7;   -4.9;   9.0;   0.0;   0;   11.600;   0;eor
Lahr;20150408;   3;    8.0;   6.4;   3.8; 1013.00;   62.63;   2.1;   16.6;   -1.5;   -3.7;   7.6;   0.0;   0;   11.933;   0;eor
Lahr;20150409;   3;   11.3;   7.4;   2.1; 1007.76;   60.92;   1.2;   21.7;    0.2;   -1.1;   4.5;   0.0;   0;   11.900;   0;eor
Lahr;20150410;   3;   14.5;   7.1;   5.2; 1003.09;   49.13;   2.0;   23.9;    3.3;    0.6;   7.9;   0.0;   6;   10.383;   0;eor
Lahr;20150411;   3;   13.8;   8.8;   7.3; 1005.64;   56.88;   4.2;   16.4;    8.7;    7.5;  12.3;   0.6;   6;    0.117;   0;eor
Lahr;20150412;   3;   13.9;  10.0;   4.2; 1010.26;   65.83;   1.7;   20.8;    6.9;    4.0;   5.0;   0.0;   0;   11.317;   0;eor
Lahr;20150413;   3;   13.4;   9.1;   4.1; 1011.29;   63.04;   2.0;   21.3;    4.9;    2.2;   8.5;   0.0;   0;    8.383;   0;eor
Lahr;20150414;   3;   14.2;   8.8;   3.5; 1009.90;   59.04;   1.8;   23.6;    5.1;    2.5;   6.4;   0.0;   0;   11.917;   0;eor
Lahr;20150415;   3;   16.5;   7.5;   2.8; 1000.69;   47.42;   2.5;   27.1;    6.0;    2.3;   7.7;   0.0;   0;   11.583;   0;eor
Lahr;20150416;   3;   16.8;   8.5;   6.0;  995.75;   46.67;   2.9;   23.2;    7.0;    3.6;  11.0;   0.2;   6;    2.567;   0;eor
Lahr;20150417;   3;   12.7;  12.1;   7.5;  995.80;   82.17;   3.5;   17.2;    5.5;    4.4;  11.4;  15.2;   6;    0.367;   0;eor
Lahr;20150418;   3;    8.9;   6.8;   2.7; 1003.18;   63.71;   3.4;   14.9;    2.8;    0.3;  10.5;   0.0;   0;   10.833;   0;eor
Lahr;20150419;   3;   10.9;   6.1;   0.8; 1000.12;   50.42;   3.4;   19.6;    0.3;   -2.0;   8.5;   0.0;   0;   12.650;   0;eor
Lahr;20150420;   3;   11.4;   7.2;   1.2; 1005.29;   56.58;   3.1;   19.5;    2.1;   -1.3;  10.3;   0.0;   0;   12.667;   0;eor
Lahr;20150421;   3;   13.0;   8.2;   1.0; 1008.72;   59.21;   2.7;   22.0;    3.2;    0.3;   8.1;   0.0;   0;   12.683;   0;eor
Lahr;20150422;   3;   12.6;   8.0;   0.8; 1005.01;   59.21;   3.1;   21.3;    4.1;    0.6;   9.5;   0.0;   0;   12.783;   0;eor
Lahr;20150423;   3;   11.3;   7.1;   0.2;  999.15;   55.58;   2.4;   18.7;    2.0;   -0.8;   9.6;   0.0;   0;   12.833;   0;eor
Lahr;20150424;   3;   13.4;   7.5;   1.1;  995.88;   52.58;   1.6;   21.8;    2.9;    0.1;   6.1;   0.0;   6;   12.550;   0;eor
Lahr;20150425;   3;   13.8;  12.2;   6.9;  992.91;   75.83;   3.5;   17.9;    7.2;    4.8;  11.0;   2.5;   6;    0.017;   0;eor
Lahr;20150426;   3;   16.2;  12.8;   6.4;  989.17;   71.83;   3.0;   22.9;    8.9;    6.5;   9.3;   0.4;   6;    8.550;   0;eor
Lahr;20150427;   3;   14.3;  13.8;   7.5;  984.36;   84.96;   3.9;   20.0;    8.7;    8.6;  11.7;   8.8;   6;    1.833;   0;eor
Lahr;20150428;   3;    9.5;   8.5;   7.0;  998.13;   73.25;   2.8;   13.8;    4.3;    2.0;   8.7;   0.0;   6;    0.933;   0;eor
Lahr;20150429;   3;   10.2;   8.5;   5.3;  999.65;   71.33;   1.7;   16.6;    1.6;   -0.3;   5.4;   0.0;   6;   10.433;   0;eor
Lahr;20150430;   3;   12.3;   8.9;   7.2;  997.20;   64.46;   3.9;   17.3;    9.2;    7.5;  12.3;   5.3;   6;    5.517;   0;eor
Lahr;20150501;   3;   10.0;  11.8;   7.9;  988.85;   96.29;   3.0;   11.0;    8.8;    9.0;   7.2;  26.8;   6;    0.000;   0;eor
Lahr;20150502;   3;   11.9;  12.1;   7.8;  992.67;   86.71;   1.4;   15.3;    8.6;    8.8;   3.8;   7.0;   6;    0.033;   0;eor
Lahr;20150503;   3;   15.5;  16.6;   7.7;  989.07;   93.63;   2.6;   19.7;   11.3;   11.3;   8.1;   6.2;   6;    0.000;   0;eor
Lahr;20150504;   3;   19.3;  16.5;   6.9;  990.45;   75.83;   2.8;   24.7;   14.1;   13.3;   8.2;   0.0;   6;    6.867;   0;eor
Lahr;20150505;   3;   18.3;  15.5;   7.2;  988.72;   74.33;   4.1;   22.8;   14.3;   13.6;  11.8;   0.8;   6;    0.550;   0;eor
Lahr;20150506;   3;   15.7;  10.7;   4.1;  997.58;   61.08;   3.4;   20.8;   10.8;    7.9;  10.6;   0.0;   6;    7.233;   0;eor
Lahr;20150507;   3;   13.9;   9.2;   4.7; 1001.25;   59.17;   2.2;   19.4;    7.4;    5.8;   8.7;   0.0;   0;    9.867;   0;eor
Lahr;20150508;   3;   16.2;  10.5;   6.4;  997.09;   59.46;   1.8;   23.1;    7.1;    5.3;   9.1;   0.8;   6;    8.650;   0;eor
Lahr;20150509;   3;   16.9;  13.0;   6.0; 1003.02;   68.46;   3.7;   21.9;   12.4;    8.7;   9.7;   0.0;   6;    4.567;   0;eor
Lahr;20150510;   3;   16.3;  11.5;   3.0; 1008.03;   63.46;   2.0;   22.4;    8.5;    6.7;   5.2;   0.0;   0;   12.667;   0;eor
Lahr;20150511;   3;   18.6;  11.9;   3.3; 1004.19;   59.29;   2.1;   28.5;    9.0;    7.3;   5.8;   0.0;   0;   11.850;   0;eor
Lahr;20150512;   3;   21.5;  13.4;   6.0; 1000.42;   56.04;   3.6;   30.5;   11.9;    9.3;  12.0;   0.0;   0;   11.200;   0;eor
Lahr;20150513;   3;   17.8;  13.8;   4.3;  998.59;   69.00;   1.9;   24.9;   11.6;    8.2;   7.9;  10.4;   8;   11.000;   0;eor
Lahr;20150514;   3;   16.1;  14.7;   7.0;  993.51;   81.29;   1.8;   20.0;   11.3;   11.0;  16.5;  16.8;   8;    0.400;   0;eor
Lahr;20150515;   3;   10.7;  11.7;   6.2;  996.81;   90.96;   2.2;   13.3;    7.9;    5.8;   6.5;   2.4;   6;    0.617;   0;eor
Lahr;20150516;   3;   14.1;  12.0;   5.5; 1005.40;   76.96;   2.1;   20.8;    6.5;    4.4;   7.0;   0.1;   6;    6.567;   0;eor
Lahr;20150517;   3;   15.6;  12.2;   4.1; 1005.78;   70.33;   1.8;   21.0;    9.8;    7.1;   5.6;   0.0;   0;    8.333;   0;eor
Lahr;20150518;   3;   16.9;  10.9;   0.8;  994.09;   60.25;   2.3;   24.4;    8.1;    5.7;   8.1;   0.0;   0;   13.483;   0;eor
Lahr;20150519;   3;   14.1;  10.1;   6.7;  992.23;   63.46;   2.5;   17.8;   11.0;    9.6;   7.6;   0.7;   6;    2.417;   0;eor
Lahr;20150520;   3;   10.3;   9.6;   7.0;  997.72;   77.50;   2.0;   14.0;    7.3;    6.6;   9.3;  10.6;   6;    3.250;   0;eor
Lahr;20150521;   3;   11.4;   8.8;   1.6; 1005.63;   68.21;   3.0;   17.6;    4.5;    2.4;   9.7;   0.0;   0;   13.033;   0;eor
Lahr;20150522;   3;   12.6;   8.7;   0.6; 1005.49;   63.96;   3.2;   19.9;    4.0;    1.3;  12.3;   0.0;   0;   13.950;   0;eor
Lahr;20150523;   3;   14.8;  10.3;   6.1; 1000.20;   63.67;   3.5;   21.4;    6.4;    3.9;  11.9;   0.0;   0;    8.850;   0;eor
Lahr;20150524;   3;   16.9;  13.2;   6.8;  998.94;   69.25;   2.1;   20.9;   12.6;   11.9;   6.9;   0.0;   0;    2.833;   0;eor
Lahr;20150525;   3;   15.9;  13.3;   7.0;  996.72;   75.08;   1.9;   20.9;   12.9;   12.1;   8.8;   1.8;   6;    3.367;   0;eor
Lahr;20150526;   3;   12.8;  10.8;   7.4; 1000.47;   73.88;   3.1;   16.7;    9.4;    6.6;   9.1;   0.0;   6;    1.017;   0;eor
Lahr;20150527;   3;   12.2;   9.1;   4.1; 1004.82;   66.42;   1.8;   17.6;    6.5;    3.8;   6.6;   0.0;   0;    8.233;   0;eor
Lahr;20150528;   3;   15.8;  10.1;   4.9;  999.10;   58.17;   2.9;   23.2;    6.1;    3.7;   9.1;   0.1;   6;   10.367;   0;eor
Lahr;20150529;   3;   16.6;  13.3;   6.6;  994.31;   71.42;   2.1;   24.0;   11.0;    8.9;  11.0;   0.0;   6;    4.967;   0;eor
Lahr;20150530;   3;   14.8;  11.8;   6.3;  997.74;   70.58;   2.7;   19.6;    9.1;    5.9;   8.2;   0.0;   6;    1.517;   0;eor
Lahr;20150531;   3;   16.8;  11.8;   6.3;  997.57;   64.75;   2.5;   23.6;    7.1;    5.0;  10.3;   0.0;   6;    7.200;   0;eor
Lahr;20150601;   3;   16.2;  14.1;   6.6;  998.56;   76.88;   3.4;   21.2;   10.8;    8.3;  10.2;   0.0;   6;    2.017;   0;eor
Lahr;20150602;   3;   20.1;  13.2;   3.6;  999.39;   60.71;   3.6;   27.7;   10.9;    9.4;  12.3;   0.0;   0;   11.667;   0;eor
Lahr;20150603;   3;   21.0;  14.2;   1.5; 1003.75;   59.67;   3.0;   27.9;   13.2;   10.8;   8.5;   0.0;   0;   13.600;   0;eor
Lahr;20150604;   3;   20.4;  15.7;   0.7; 1005.20;   67.38;   2.7;   28.0;   11.1;    8.4;   7.0;   0.0;   0;   14.317;   0;eor
Lahr;20150605;   3;   24.9;  17.2;   0.9; 1000.52;   58.92;   1.5;   33.8;   14.2;   12.2;   9.5;   0.5;   6;   14.183;   0;eor
Lahr;20150606;   3;   24.3;  19.5;   4.2; 1003.15;   64.92;   3.3;   30.1;   19.0;   18.0;  15.2;   0.0;   0;   10.883;   0;eor
Lahr;20150607;   3;   21.7;  15.9;   4.8; 1005.83;   61.83;   4.7;   27.0;   14.1;   13.7;  10.4;  25.8;   8;    7.983;   0;eor
Lahr;20150608;   3;   15.1;  14.3;   6.7; 1004.48;   83.50;   4.1;   18.3;   11.5;   10.2;  10.7;   0.0;   0;    0.783;   0;eor
Lahr;20150609;   3;   14.7;  12.7;   6.9; 1003.94;   76.46;   4.2;   18.7;   10.4;    9.1;  10.3;   0.0;   0;    0.317;   0;eor
Lahr;20150610;   3;   16.0;  14.2;   6.8; 1002.97;   77.88;   3.7;   20.1;   12.2;   11.7;   9.2;   0.0;   0;    2.067;   0;eor
Lahr;20150611;   3;   20.3;  17.6;   3.2;  998.15;   74.92;   2.0;   27.0;   12.7;   11.6;   6.6;   0.0;   0;   10.000;   0;eor
Lahr;20150612;   3;   20.3;  18.7;   3.5;  993.30;   80.29;   1.7;   29.1;   14.3;   11.9;   8.8;   2.7;   6;    8.717;   0;eor
Lahr;20150613;   3;   19.7;  18.0;   4.2;  993.57;   79.46;   2.7;   24.0;   15.2;   12.7;   7.8;   0.0;   6;    6.500;   0;eor
Lahr;20150614;   3;   21.0;  17.0;   5.8;  991.48;   70.33;   3.3;   26.6;   14.9;   12.9;  12.0;   0.1;   6;   10.117;   0;eor
Lahr;20150615;   3;   18.5;  18.3;   7.5;  996.66;   86.38;   1.7;   21.4;   16.6;   16.1;   7.2;   3.5;   6;    0.000;   0;eor
Lahr;20150616;   3;   17.5;  14.4;   7.4; 1001.10;   72.71;   3.1;   21.9;   13.4;   11.9;   8.8;   0.0;   0;    0.317;   0;eor
Lahr;20150617;   3;   16.3;  11.0;   1.6; 1003.90;   60.71;   2.5;   22.7;    9.3;    6.4;   7.5;   0.0;   0;   12.600;   0;eor
Lahr;20150618;   3;   15.4;  15.1;   6.5;  999.78;   85.46;   3.1;   18.4;   11.1;    9.6;  10.1;   7.7;   6;    0.000;   0;eor
Lahr;20150619;   3;   15.4;  12.0;   6.3; 1000.42;   69.88;   2.0;   19.2;   10.7;    9.0;   5.5;   2.6;   6;    3.933;   0;eor
Lahr;20150620;   3;   13.8;  12.1;   7.3; 1002.17;   77.04;   1.7;   16.9;   11.6;   10.1;   5.8;   1.7;   6;    1.983;   0;eor
Lahr;20150621;   3;   16.2;  14.8;   6.6;  999.87;   80.63;   2.9;   22.4;   11.4;   10.6;  10.9;   5.2;   6;    2.417;   0;eor
Lahr;20150622;   3;   16.6;  15.4;   6.5;  994.08;   81.96;   2.5;   20.0;   13.0;   11.6;  10.8;   2.5;   6;    0.183;   0;eor
Lahr;20150623;   3;   14.5;  11.7;   5.3;  997.02;   71.67;   3.0;   18.3;    9.8;    7.4;  10.0;   0.2;   6;    5.017;   0;eor
Lahr;20150624;   3;   15.8;  11.9;   1.2; 1003.29;   69.29;   1.7;   22.4;    8.1;    5.8;   6.0;   0.0;   0;   14.283;   0;eor
Lahr;20150625;   3;   17.9;  13.3;   3.0; 1004.25;   68.46;   1.6;   25.0;   10.3;    8.3;   5.9;   0.0;   0;   12.850;   0;eor
Lahr;20150626;   3;   20.2;  13.6;   3.2; 1002.48;   60.50;   1.6;   27.3;   11.6;    9.3;   5.6;   0.0;   6;   10.767;   0;eor
Lahr;20150627;   3;   20.4;  15.0;   4.8;  999.90;   63.38;   2.8;   26.9;   13.2;   10.9;  11.4;   0.4;   6;    7.967;   0;eor
Lahr;20150628;   3;   19.5;  13.4;   2.0; 1002.67;   62.42;   1.8;   26.4;   10.4;    8.1;   6.6;   0.0;   0;   13.950;   0;eor
Lahr;20150629;   3;   22.2;  15.5;   5.3; 1002.31;   61.50;   1.6;   30.7;   13.3;   11.2;   4.7;   0.0;   0;    8.350;   0;eor
Lahr;20150630;   3;   23.3;  17.5;   0.7; 1000.86;   64.17;   2.4;   30.7;   15.3;   13.0;   8.9;   0.0;   0;   14.367;   0;eor
Lahr;20150701;   3;   25.8;  18.4;   0.4;  999.15;   57.71;   1.6;   33.9;   15.3;   13.4;   6.0;   0.0;   0;   14.350;   0;eor
Lahr;20150702;   3;   28.4;  21.3;   0.6; 1000.63;   57.63;   1.6;   36.6;   18.5;   16.8;   7.2;   0.0;   0;   13.483;   0;eor
Lahr;20150703;   3;   28.4;  20.5;   1.9; 1003.23;   55.88;   1.9;   35.4;   21.0;   18.8;   6.6;   0.0;   6;   10.833;   0;eor
Lahr;20150704;   3;   29.2;  18.7;   4.3; 1001.11;   48.71;   2.3;   38.4;   20.4;   19.2;   8.3;   0.0;   6;   11.617;   0;eor
Lahr;20150705;   3;   29.5;  19.6;   2.0;  997.37;   51.75;   2.7;   38.0;   20.2;   18.6;  10.4;   0.0;   6;   13.000;   0;eor
Lahr;20150706;   3;   24.3;  16.2;   2.3; 1001.87;   55.13;   2.4;   30.1;   18.5;   16.7;   7.7;   0.0;   0;   14.150;   0;eor
Lahr;20150707;   3;   26.4;  18.1;   4.0;  993.63;   57.46;   2.6;   37.0;   16.7;   14.9;  13.9;   2.0;   6;   11.233;   0;eor
Lahr;20150708;   3;   20.9;  12.9;   6.4;  996.75;   53.04;   4.8;   24.5;   17.3;   16.5;  11.9;   0.0;   0;    5.200;   0;eor
Lahr;20150709;   3;   18.5;  11.8;   5.5; 1002.21;   56.04;   3.3;   22.5;   11.5;    8.3;   8.8;   0.0;   0;    4.617;   0;eor
Lahr;20150710;   3;   18.3;  11.4;   0.5; 1002.69;   58.21;   2.6;   26.3;    8.9;    6.7;   8.5;   0.0;   0;   14.267;   0;eor
Lahr;20150711;   3;   23.6;  11.7;   2.2;  998.02;   45.21;   3.1;   32.8;   12.2;   10.7;  11.3;   0.0;   0;   13.967;   0;eor
Lahr;20150712;   3;   21.7;  13.9;   5.2; 1000.55;   55.58;   2.6;   28.2;   14.2;   11.6;   8.3;   0.0;   6;    9.017;   0;eor
Lahr;20150713;   3;   21.5;  15.7;   7.5; 1000.72;   62.33;   1.7;   26.1;   17.4;   16.8;   6.9;   0.0;   0;    1.483;   0;eor
Lahr;20150714;   3;   23.4;  15.8;   3.7; 1000.31;   56.33;   3.0;   29.4;   16.4;   14.0;   8.9;   0.0;   0;    9.683;   0;eor
Lahr;20150715;   3;   23.0;  16.3;   0.5; 1000.51;   62.00;   1.7;   30.8;   14.4;   12.0;   6.7;   0.0;   0;   14.067;   0;eor
Lahr;20150716;   3;   25.5;  16.3;   0.5;  998.18;   55.29;   1.6;   35.0;   15.6;   13.1;   6.0;   0.0;   0;   14.017;   0;eor
Lahr;20150717;   3;   28.7;  15.7;   3.1;  996.72;   42.83;   2.3;   36.7;   18.8;   16.0;   8.7;   0.8;   6;   11.683;   0;eor
Lahr;20150718;   3;   24.1;  20.6;   4.8;  998.51;   70.83;   2.2;   31.1;   18.3;   16.7;  10.6;   1.8;   6;    7.250;   0;eor
Lahr;20150719;   3;   24.4;  19.3;   5.0;  994.15;   64.71;   3.8;   31.0;   18.7;   16.6;  13.9;   4.1;   6;    4.633;   0;eor
Lahr;20150720;   3;   25.1;  19.3;   5.6;  996.61;   62.04;   2.1;   31.2;   20.5;   19.0;   7.8;   0.0;   0;    5.500;   0;eor
Lahr;20150721;   3;   25.8;  19.5;   0.8;  997.03;   62.04;   1.6;   33.3;   18.3;   16.2;   7.3;   0.0;   6;   13.733;   0;eor
Lahr;20150722;   3;   26.0;  20.9;   4.2;  995.35;   63.71;   2.3;   32.8;   18.0;   16.6;   7.7;   4.4;   6;    8.533;   0;eor
Lahr;20150723;   3;   22.4;  17.5;   5.2;  997.64;   66.46;   1.5;   27.5;   16.9;   14.7;   5.5;   0.0;   0;    2.317;   0;eor
Lahr;20150724;   3;   23.9;  17.3;   1.7;  991.00;   61.88;   1.7;   32.7;   15.0;   13.0;   9.0;   6.0;   6;   12.067;   0;eor
Lahr;20150725;   3;   19.2;  14.0;   3.6;  994.50;   63.46;   5.4;   23.9;   10.3;    8.0;  18.9;   0.0;   6;    8.233;   0;eor
Lahr;20150726;   3;   16.8;  11.6;   5.2;  995.38;   64.04;   2.1;   24.0;    8.5;    6.3;   8.6;   0.9;   6;    7.300;   0;eor
Lahr;20150727;   3;   19.4;  14.2;   6.6;  990.27;   64.79;   5.2;   24.3;   15.7;   15.1;  15.6;   0.1;   6;    2.883;   0;eor
Lahr;20150728;   3;   19.4;  11.9;   7.2;  992.64;   54.29;   4.4;   24.2;   13.6;   13.1;  11.3;   2.0;   6;    1.967;   0;eor
Lahr;20150729;   3;   15.1;  13.9;   5.8;  994.35;   81.79;   2.4;   19.4;   11.1;    8.7;   7.5;   1.3;   6;    2.883;   0;eor
Lahr;20150730;   3;   16.4;  11.2;   5.3;  998.16;   63.67;   2.0;   23.1;    9.9;    7.3;   9.1;   0.0;   0;    6.633;   0;eor
Lahr;20150731;   3;   16.6;  11.0;   4.0;  997.70;   61.83;   3.5;   24.8;    7.4;    4.5;  10.9;   0.0;   0;   12.267;   0;eor
Lahr;20150801;   3;   18.6;  14.4;   6.8;  996.34;   67.71;   2.7;   24.7;   12.4;   11.0;   8.4;   0.0;   6;    1.917;   0;eor
Lahr;20150802;   3;   21.4;  15.1;   0.8;  999.47;   63.33;   1.9;   30.1;   12.7;    9.6;   7.2;   0.0;   0;   13.400;   0;eor
Lahr;20150803;   3;   24.2;  15.4;   0.6;  997.41;   55.13;   1.6;   34.0;   13.2;   11.0;  13.3;   0.0;   0;   13.317;   0;eor
Lahr;20150804;   3;   20.6;  18.5;   6.1;  997.73;   76.83;   2.7;   26.2;   17.1;   14.9;  12.2;   6.1;   6;    1.333;   0;eor
Lahr;20150805;   3;   22.1;  19.2;   2.9;  998.19;   75.46;   1.6;   30.8;   14.1;   12.7;   6.6;   0.0;   0;   10.300;   0;eor
Lahr;20150806;   3;   26.7;  19.1;   2.2;  996.30;   59.58;   1.9;   36.8;   17.7;   15.8;   7.2;   0.0;   0;   11.667;   0;eor
Lahr;20150807;   3;   28.5;  17.7;   1.3;  995.65;   50.63;   1.9;   39.5;   18.1;   16.6;  13.9;   0.0;   0;   11.500;   0;eor
Lahr;20150808;   3;   26.6;  18.4;   3.9;  999.44;   53.67;   3.2;   31.5;   17.8;   16.6;  11.2;   0.0;   6;   10.500;   0;eor
Lahr;20150809;   3;   23.7;  20.4;   6.7;  998.72;   70.21;   3.1;   29.1;   20.0;   19.6;   7.7;   0.1;   6;    3.217;   0;eor
Lahr;20150810;   3;   23.8;  21.6;   4.9;  997.10;   74.79;   2.3;   29.6;   19.2;   17.1;   8.9;   0.0;   0;    5.717;   0;eor
Lahr;20150811;   3;   23.4;  20.2;   2.0;  998.03;   72.63;   2.5;   30.0;   16.5;   15.3;   8.3;   0.0;   0;   10.250;   0;eor
Lahr;20150812;   3;   24.9;  20.9;   3.1;  999.56;   69.50;   1.7;   33.6;   17.7;   16.0;   8.7;   0.0;   0;   10.617;   0;eor
Lahr;20150813;   3;   25.5;  20.8;   4.0;  994.78;   68.54;   2.2;   34.2;   17.7;   15.7;  21.1;   5.0;   6;   10.733;   0;eor
Lahr;20150814;   3;   21.3;  20.0;   7.3;  992.45;   79.75;   2.1;   25.9;   18.8;   17.5;   8.5;   0.1;   6;    1.267;   0;eor
Lahr;20150815;   3;   19.5;  15.9;   7.0;  993.36;   70.71;   4.3;   22.5;   16.1;   15.3;  11.0;   0.5;   6;    1.800;   0;eor
Lahr;20150816;   3;   16.2;  16.3;   7.4;  995.40;   88.50;   1.7;   19.5;   13.2;   11.6;   5.5;   1.2;   6;    0.750;   0;eor
Lahr;20150817;   3;   16.3;  14.0;   5.8;  995.57;   76.96;   1.8;   22.2;   10.8;    9.1;  12.4;   0.0;   0;    3.517;   0;eor
Lahr;20150818;   3;   15.7;  11.9;   2.5;  997.43;   69.79;   1.8;   23.1;    7.8;    6.1;   7.7;   0.0;   0;    8.800;   0;eor
Lahr;20150819;   3;   15.8;  12.2;   4.3; 1001.79;   70.25;   2.2;   22.9;    9.1;    7.4;   6.7;   0.0;   0;    4.633;   0;eor
Lahr;20150820;   3;   17.8;  11.9;   3.0; 1004.54;   63.04;   1.6;   26.0;    9.1;    6.8;   7.6;   0.0;   0;    9.917;   0;eor
Lahr;20150821;   3;   19.0;  12.9;   0.7; 1004.26;   62.88;   2.1;   27.7;   10.2;    7.6;   7.6;   0.0;   0;   12.667;   0;eor
Lahr;20150822;   3;   20.9;  12.2;   0.8;  998.36;   54.58;   2.3;   29.7;   10.9;    8.1;   9.0;   0.0;   0;   12.650;   0;eor
Lahr;20150823;   3;   19.3;  15.4;   4.6;  990.51;   70.38;   2.5;   27.5;   13.0;   10.9;  13.4;   5.8;   6;    5.350;   0;eor
Lahr;20150824;   3;   17.9;  17.3;   6.3;  989.49;   83.83;   3.3;   22.5;   16.4;   14.7;  12.3;   7.8;   6;    0.767;   0;eor
Lahr;20150825;   3;   17.4;  11.3;   1.5;  999.67;   59.33;   3.5;   23.4;   12.4;   10.0;   8.8;   0.0;   0;   12.333;   0;eor
Lahr;20150826;   3;   19.8;  12.9;   1.9;  997.92;   59.33;   1.9;   28.7;   11.0;    8.9;   5.3;   0.0;   0;   12.517;   0;eor
Lahr;20150827;   3;   24.3;  14.9;   4.7;  993.62;   53.75;   3.2;   32.8;   13.8;   12.3;  11.4;   0.1;   6;   11.250;   0;eor
Lahr;20150828;   3;   22.7;  20.2;   5.6;  999.49;   74.25;   2.5;   28.8;   17.1;   16.3;   9.6;   0.0;   6;    2.783;   0;eor
Lahr;20150829;   3;   23.1;  20.4;   3.2; 1001.89;   75.58;   1.6;   32.7;   16.4;   14.5;   7.4;   0.0;   0;    8.800;   0;eor
Lahr;20150830;   3;   26.3;  17.9;   1.0;  999.30;   58.17;   2.0;   35.4;   18.5;   17.4;   7.0;   0.0;   0;   11.550;-999;eor
Lahr;20150831;   3;   26.6;  15.3;   2.0;  995.01;   48.13;   3.3;   34.4;   16.2;   13.9;  11.1;   0.0;   0;   11.250;   0;eor
Lahr;20150901;   3;   20.2;  16.7;   5.5;  994.65;   73.04;   3.0;   27.6;   12.7;   10.9;  13.4;   4.6;   6;    1.017;   0;eor
Lahr;20150902;   3;   16.7;  14.4;   5.4;  998.23;   77.63;   2.0;   22.5;   11.1;    9.9;   7.3;   0.0;   6;    4.217;   0;eor
Lahr;20150903;   3;   17.0;  12.7;   6.5;  996.68;   67.42;   1.4;   22.3;   13.4;   11.3;   6.9;   0.0;   6;    4.600;   0;eor
Lahr;20150904;   3;   16.0;  11.0;   5.0;  997.97;   62.71;   2.4;   21.5;   11.0;    8.9;  10.3;   0.0;   0;    8.150;   0;eor
Lahr;20150905;   3;   13.6;  10.5;   5.5; 1000.29;   69.29;   1.8;   18.7;    6.9;    3.8;   6.9;   1.3;   6;    3.450;   0;eor
Lahr;20150906;   3;   13.6;  10.0;   6.5; 1005.88;   65.67;   2.3;   17.7;    9.3;    7.9;   9.2;   0.0;   0;    4.300;   0;eor
Lahr;20150907;   3;   12.6;  10.6;   5.2; 1007.91;   74.17;   1.5;   18.4;    5.4;    2.8;   8.3;   0.0;   6;    4.133;   0;eor
Lahr;20150908;   3;   14.2;  11.3;   2.3; 1004.65;   72.67;   2.3;   22.1;    6.9;    4.0;   8.3;   0.0;   0;    7.450;   0;eor
Lahr;20150909;   3;   14.6;   9.6;   0.6; 1001.25;   63.67;   2.5;   23.6;    5.3;    3.0;  12.8;   0.0;   0;   10.950;   0;eor
Lahr;20150910;   3;   14.7;   8.8;   0.5;  999.40;   56.42;   2.8;   22.5;    6.4;    2.3;  10.0;   0.0;   0;   11.517;   0;eor
Lahr;20150911;   3;   14.5;   9.9;   2.9;  997.84;   63.83;   1.4;   24.1;    4.8;    1.4;   5.3;   0.5;   6;   10.767;   0;eor
Lahr;20150912;   3;   19.1;  15.2;   7.3;  996.71;   71.08;   2.6;   27.5;   13.4;   11.5;  11.4;   5.2;   6;    5.667;   0;eor
Lahr;20150913;   3;   18.0;  17.8;   6.3;  991.42;   86.67;   1.9;   23.9;   14.4;   13.6;  18.4;  16.6;   6;    4.250;   0;eor
Lahr;20150914;   3;   17.5;  13.9;   5.3;  988.78;   70.63;   5.1;   22.9;   14.0;   12.7;  14.3;   0.2;   6;    5.167;   0;eor
Lahr;20150915;   3;   15.7;  12.0;   7.4;  990.43;   67.96;   3.4;   18.9;   13.5;   12.3;   8.4;   1.1;   6;    0.617;   0;eor
Lahr;20150916;   3;   17.0;  16.6;   7.6;  981.65;   85.21;   1.9;   24.8;   13.6;   12.9;   7.7;   1.7;   6;    1.833;   0;eor
Lahr;20150917;   3;   15.1;  14.9;   7.1;  988.83;   86.46;   3.1;   17.3;   13.5;   12.4;  14.6;  15.7;   6;    1.333;   0;eor
Lahr;20150918;   3;   15.5;  13.4;   5.2;  999.37;   76.67;   2.7;   20.2;   10.1;    8.7;   7.8;   0.4;   6;    2.617;   0;eor
Lahr;20150919;   3;   14.0;  13.3;   6.0; 1003.79;   84.21;   1.9;   18.9;    8.9;    7.4;   6.7;   1.2;   6;    2.483;   0;eor
Lahr;20150920;   3;   13.8;  12.8;   5.1; 1005.59;   82.67;   1.8;   19.9;    7.8;    5.6;   7.9;   0.0;   6;    4.467;   0;eor
Lahr;20150921;   3;   12.8;  11.3;   1.8;  997.93;   79.04;   1.3;   21.4;    5.3;    3.9;   4.2;   0.0;   0;    9.717;   0;eor
Lahr;20150922;   3;   14.5;  13.2;   7.5;  988.60;   80.29;   4.5;   17.5;   11.5;   10.4;  13.4;   7.1;   6;    0.350;   0;eor
Lahr;20150923;   3;   12.3;  12.4;   7.4;  994.44;   87.13;   3.2;   15.4;   10.8;    9.9;   7.0;   1.6;   6;    0.900;   0;eor
Lahr;20150924;   3;   14.0;  11.7;   3.8; 1001.93;   75.46;   1.7;   20.3;    9.1;    7.3;   5.4;   0.0;   0;    9.200;   0;eor
Lahr;20150925;   3;   14.1;  12.3;   5.2; 1003.48;   78.58;   1.8;   20.3;    8.6;    6.4;   6.2;   0.0;   0;    9.183;   0;eor
Lahr;20150926;   3;   14.5;  12.4;   6.9; 1004.46;   76.79;   3.3;   20.8;   10.3;    8.0;  10.0;   0.0;   0;    1.000;   0;eor
Lahr;20150927;   3;   13.1;  10.0;   1.9; 1008.63;   69.25;   4.3;   20.5;    7.0;    3.7;  11.0;   0.0;   0;    7.100;   0;eor
Lahr;20150928;   3;   11.4;   8.0;   0.8; 1012.54;   63.58;   3.7;   19.4;    3.7;    0.7;  12.1;   0.0;   0;    8.850;   0;eor
Lahr;20150929;   3;   13.3;   7.8;   0.5; 1009.91;   53.54;   4.5;   19.9;    6.5;    3.1;  12.7;   0.0;   0;   10.683;   0;eor
Lahr;20150930;   3;   12.4;   7.7;   0.5; 1008.91;   55.96;   3.3;   19.2;    5.1;    1.3;  10.0;   0.0;   0;   10.650;   0;eor
Lahr;20151001;   3;   10.1;   7.7;   0.2; 1006.46;   63.58;   2.8;   17.9;    3.7;    0.0;   7.6;   0.0;   0;   10.600;   0;eor
Lahr;20151002;   3;   10.3;   9.3;   0.9; 1001.94;   75.50;   2.2;   18.8;    1.9;   -0.3;   7.1;   0.0;   0;   10.550;   0;eor
Lahr;20151003;   3;   14.2;  11.4;   4.7;  997.58;   72.92;   1.8;   22.5;    6.5;    4.4;   6.3;  15.0;   6;    7.850;   0;eor
Lahr;20151004;   3;   14.1;  12.4;   4.9;  998.98;   78.75;   2.7;   19.6;    8.7;    7.1;  10.5;   0.9;   6;    7.267;   0;eor
Lahr;20151005;   3;   14.2;  14.5;   7.5;  994.53;   88.75;   1.5;   19.8;    8.7;    7.9;   4.1;   2.2;   6;    1.517;   0;eor
Lahr;20151006;   3;   16.6;  16.9;   7.5;  988.74;   89.75;   2.4;   19.3;   14.1;   12.1;   8.6;   4.5;   6;    0.533;   0;eor
Lahr;20151007;   3;   15.0;  14.0;   7.0;  996.09;   82.25;   2.8;   17.6;    9.5;    7.8;  10.4;   0.2;   6;    1.217;   0;eor
Lahr;20151008;   3;   12.2;  11.8;   6.8; 1001.83;   84.08;   1.4;   17.2;    7.9;    5.5;   5.9;   0.0;   0;    2.750;   0;eor
Lahr;20151009;   3;   13.0;  12.6;   6.3; 1000.85;   84.83;   2.7;   17.6;    9.3;    6.3;   7.8;   0.0;   0;    4.083;   0;eor
Lahr;20151010;   3;   11.2;  11.7;   5.1;  996.96;   89.04;   2.9;   17.5;    6.6;    4.7;   8.5;   0.0;   0;    3.217;   0;eor
Lahr;20151011;   3;   10.5;  10.5;   5.1;  994.52;   82.92;   3.4;   15.9;    5.7;    3.1;   8.3;   0.0;   0;    4.050;   0;eor
Lahr;20151012;   3;    7.4;   8.4;   4.6;  996.43;   82.00;   2.4;   13.4;    1.6;   -0.5;   5.9;   0.0;   0;    7.400;   0;eor
Lahr;20151013;   3;    7.4;   8.8;   6.5;  996.16;   86.08;   1.5;   11.8;    3.6;    2.4;   8.4;   0.6;   6;    0.117;   0;eor
Lahr;20151014;   3;    6.0;   8.4;   7.9;  997.71;   90.13;   2.6;    7.3;    4.4;    4.4;   6.2;   0.0;   6;    0.000;   0;eor
Lahr;20151015;   3;    5.7;   8.1;   8.0;  996.76;   88.58;   2.3;    7.1;    4.3;    4.3;   5.6;   0.6;   6;    0.000;   0;eor
Lahr;20151016;   3;    6.6;   7.8;   7.4; 1000.12;   80.00;   1.5;    9.3;    4.4;    2.2;   4.5;   0.0;   6;    0.000;   0;eor
Lahr;20151017;   3;    6.6;   7.9;   8.0;  999.96;   81.50;   1.4;    8.8;    5.4;    5.0;   5.2;   0.0;   6;    0.000;   0;eor
Lahr;20151018;   3;    7.6;   8.7;   7.0;  999.83;   83.83;   1.7;   11.4;    4.9;    4.5;   4.7;   0.0;   0;    2.217;   0;eor
Lahr;20151019;   3;    7.2;   8.9;   4.8; 1002.16;   87.63;   2.2;   11.0;    1.4;   -1.1;   6.0;   0.0;   0;    5.983;   0;eor
Lahr;20151020;   3;    6.3;   8.3;   5.0; 1003.52;   86.63;   1.7;   13.0;   -1.8;   -2.4;   7.6;   0.0;   0;    4.633;   0;eor
Lahr;20151021;   3;    8.5;   9.3;   6.5; 1002.31;   84.58;   1.3;   13.9;    3.5;    1.8;   6.5;   0.0;   0;    4.367;   0;eor
Lahr;20151022;   3;   10.0;   9.9;   7.9; 1001.10;   80.88;   3.0;   13.0;    4.7;    2.8;   7.3;   0.0;   6;    0.000;   0;eor
Lahr;20151023;   3;   11.9;  12.0;   7.6; 1004.82;   85.92;   1.8;   15.2;    9.7;    9.0;   5.6;   0.0;   0;    0.783;   0;eor
Lahr;20151024;   3;   11.6;  10.8;   5.9; 1000.43;   79.92;   1.7;   16.8;    6.0;    3.6;   4.7;   0.1;   6;    5.233;   0;eor
Lahr;20151025;   3;   12.2;  11.7;   4.9; 1005.06;   82.83;   2.1;   17.7;    6.1;    3.4;   6.5;   0.0;   0;    1.633;   0;eor
Lahr;20151026;   3;    7.6;  10.4;   7.7; 1001.20;   99.79;   1.3;    9.2;    5.9;    3.5;   3.4;   0.0;   0;    0.000;   0;eor
Lahr;20151027;   3;    7.7;  10.5;   8.0;  998.65;   99.25;   1.3;    8.8;    6.3;    6.7;   3.3;   0.0;   6;    0.000;   0;eor
Lahr;20151028;   3;    9.1;  10.8;   7.5;  994.42;   93.58;   1.5;   11.8;    7.3;    7.4;   4.4;   3.8;   6;    0.917;   0;eor
Lahr;20151029;   3;   11.1;  11.8;   5.0; 1000.88;   89.96;   1.7;   16.0;    5.1;    3.1;   4.4;   0.0;   0;    4.883;   0;eor
Lahr;20151030;   3;    7.6;   9.9;   6.5; 1006.14;   95.08;   1.3;   13.8;    4.6;    2.7;   4.1;   0.0;   1;    2.283;   0;eor
Lahr;20151031;   3;    6.1;   9.3;   5.7; 1008.31;   98.58;   1.0;    9.7;    2.1;   -0.1;   4.1;   0.0;   0;    0.633;   0;eor
Lahr;20151101;   3;    6.1;   9.4;   8.0; 1011.66;   99.08;   1.4;    8.6;    1.5;   -0.3;   4.5;   0.1;   6;    0.000;   0;eor
Lahr;20151102;   3;    6.7;   9.6;   8.0; 1009.29;   97.63;   1.5;    8.0;    5.7;    5.9;   5.4;   0.0;   6;    0.000;   0;eor
Lahr;20151103;   3;    6.0;   9.2;   8.0; 1004.14;   98.00;   1.5;    7.0;    5.1;    5.4;   4.4;   0.0;   6;    0.000;   0;eor
Lahr;20151104;   3;    8.7;  10.2;   5.9; 1003.36;   90.58;   1.5;   16.0;    2.1;    1.6;   4.1;   0.0;   6;    3.900;   0;eor
Lahr;20151105;   3;   11.4;  11.5;   4.3; 1003.28;   86.38;   1.1;   19.4;    4.6;    2.8;   3.7;   0.0;   6;    8.250;   0;eor
Lahr;20151106;   3;   15.0;  13.2;   7.1; 1005.72;   78.38;   2.7;   20.9;    9.7;    8.8;   8.1;   0.3;   6;    2.717;   0;eor
Lahr;20151107;   3;   17.4;  15.7;   5.8; 1008.08;   79.33;   2.4;   23.0;   11.9;   10.1;   6.7;   0.0;   0;    2.417;   0;eor
Lahr;20151108;   3;   15.2;  14.2;   5.0; 1008.93;   83.17;   1.5;   22.1;   10.0;    7.3;   4.0;   0.0;   0;    7.867;   0;eor
Lahr;20151109;   3;   14.7;  12.3;   4.0; 1009.30;   74.04;   3.6;   19.0;    9.7;    6.7;  10.9;   0.0;   6;    2.433;   0;eor
Lahr;20151110;   3;   12.2;  11.2;   3.2; 1009.93;   80.17;   2.8;   18.0;    7.2;    4.3;  10.3;   0.0;   0;    6.817;   0;eor
Lahr;20151111;   3;    8.4;   9.1;   1.2; 1009.07;   83.92;   1.6;   14.9;    3.4;    0.8;   6.3;   0.0;   0;    7.817;   0;eor
Lahr;20151112;   3;    8.7;   9.4;   4.0; 1008.36;   84.13;   1.8;   16.4;    3.0;    0.9;   5.0;   0.0;   0;    6.300;   0;eor
Lahr;20151113;   3;    9.8;   9.9;   6.2; 1008.57;   81.63;   3.8;   14.0;    2.7;    1.5;   9.1;   0.4;   6;    2.117;   0;eor
Lahr;20151114;   3;   10.1;   8.2;   6.8; 1011.41;   66.71;   2.9;   13.3;    4.3;    2.4;   8.3;   0.0;   6;    5.733;   0;eor
Lahr;20151115;   3;   12.9;   9.3;   4.5; 1002.88;   63.25;   5.8;   16.9;    8.8;    5.2;  11.9;   0.0;   0;    4.000;   0;eor
Lahr;20151116;   3;    9.7;   8.4;   4.3; 1000.68;   71.25;   2.9;   18.5;    2.7;   -0.4;  10.2;   0.0;   6;    7.033;   0;eor
Lahr;20151117;   3;   13.8;  11.9;   7.7;  998.89;   74.79;   7.4;   16.3;   10.5;    9.9;  17.0;   0.3;   6;    0.000;   0;eor
Lahr;20151118;   3;   14.8;  11.2;   3.8; 1002.52;   66.71;   5.9;   17.6;   12.1;   10.3;  14.4;   0.0;   6;    5.983;   0;eor
Lahr;20151119;   3;   14.7;  12.0;   6.8; 1001.30;   71.88;   7.3;   16.7;   12.7;   12.0;  17.8;   1.7;   6;    1.200;   0;eor
Lahr;20151120;   3;   10.7;  11.9;   7.7;  989.60;   92.21;   4.6;   16.0;    5.7;    5.0;  15.5;  29.0;   6;    0.000;   0;eor
Lahr;20151121;   3;    4.0;   7.2;   6.3;  981.72;   88.42;   3.5;    6.9;    1.5;    0.0;  11.1;   4.4;   8;    0.167;   0;eor
Lahr;20151122;   3;    3.2;   6.4;   7.2;  990.60;   83.67;   2.3;    6.6;    1.2;    0.5;   8.0;   0.2;   8;    1.883;   0;eor
Lahr;20151123;   3;    1.9;   6.2;   5.3; 1004.19;   89.54;   1.7;    4.7;   -2.6;   -4.3;   6.3;   0.0;   6;    1.317;   0;eor
Lahr;20151124;   3;    0.9;   5.1;   5.0; 1003.36;   79.75;   3.4;    4.4;   -4.1;   -6.1;  13.2;   2.0;   8;    3.917;   0;eor
Lahr;20151125;   3;    3.8;   7.3;   7.5;  991.41;   90.71;   4.6;    6.1;    1.6;    1.1;  13.0;   5.8;   6;    0.117;   0;eor
Lahr;20151126;   3;    3.9;   7.8;   7.0;  997.85;   96.42;   1.1;    6.0;   -0.7;   -2.0;   4.2;   1.8;   6;    0.017;   0;eor
Lahr;20151127;   3;    0.2;   6.1;   7.9; 1000.49;   98.71;   2.0;    1.4;   -1.5;   -1.9;   6.4;   0.1;   8;    0.000;   0;eor
Lahr;20151128;   3;    3.1;   6.4;   6.4;  999.76;   84.38;   4.6;    6.4;    0.1;   -0.5;  10.7;   2.0;   8;    0.617;   0;eor
Lahr;20151129;   3;    7.5;   8.4;   8.0; 1003.03;   79.63;   8.3;   11.1;    4.6;    4.0;  16.7;   1.0;   6;    0.000;   0;eor
Lahr;20151130;   3;   10.9;  10.0;   7.7; 1006.43;   76.29;   7.6;   12.5;    9.9;    8.7;  15.6;   8.8;   6;    0.083;   0;eor
Lahr;20151201;   3;   10.3;  10.4;   7.5; 1010.30;   82.92;   5.3;   11.3;    9.4;    8.6;  14.8;   4.0;   6;    0.000;   0;eor
Lahr;20151202;   3;    9.0;   9.4;   5.3; 1011.26;   82.42;   1.7;   12.8;    1.9;    0.5;   4.1;   0.0;   0;    2.100;   0;eor
Lahr;20151203;   3;    3.4;   7.5;   5.4; 1011.35;   95.83;   2.4;    7.6;    1.4;    0.3;   5.7;   0.0;   0;    5.250;   0;eor
Lahr;20151204;   3;    5.8;   8.2;   7.0; 1013.20;   88.04;   2.5;    9.9;   -0.4;   -0.9;   6.8;   0.1;   6;    0.000;   0;eor
Lahr;20151205;   3;    7.3;   9.0;   5.6; 1013.33;   88.79;   1.7;   11.8;    3.1;    1.0;   5.1;   0.0;   0;    6.000;   0;eor
Lahr;20151206;   3;    8.2;   9.2;   3.0; 1010.92;   85.13;   2.6;   14.0;    1.0;   -0.7;  10.4;   0.2;   6;    6.517;   0;eor
Lahr;20151207;   3;    8.5;   9.7;   4.2; 1013.67;   88.00;   1.2;   14.7;    2.0;    0.2;   4.0;   0.0;   0;    5.050;   0;eor
Lahr;20151208;   3;    4.9;   8.0;   2.3; 1013.05;   91.67;   1.4;   11.7;   -0.5;   -1.9;   4.7;   8.2;   6;    6.350;   0;eor
Lahr;20151209;   3;    6.4;   8.6;   4.2; 1018.22;   89.46;   1.6;   10.7;    0.4;   -1.9;   6.2;   0.0;   0;    2.667;   0;eor
Lahr;20151210;   3;    0.5;   6.0;   2.5; 1016.61;   95.54;   1.7;    6.8;   -3.4;   -5.0;   5.6;   0.0;   0;    5.983;   0;eor
Lahr;20151211;   3;    3.9;   6.9;   5.3; 1011.23;   85.00;   3.4;    9.1;   -3.1;   -4.4;  11.3;   0.0;   0;    1.667;   0;eor
Lahr;20151212;   3;    8.7;   8.5;   6.5; 1007.28;   75.92;   3.3;   11.6;    3.2;    1.3;   9.4;   0.0;   0;    0.767;   0;eor
Lahr;20151213;   3;    5.8;   7.8;   4.3; 1004.09;   84.92;   2.2;   11.5;   -0.1;   -2.6;   7.4;   0.0;   0;    4.117;   0;eor
Lahr;20151214;   3;    2.5;   6.9;   3.7; 1003.78;   93.75;   1.2;    7.0;   -2.2;   -4.1;   3.6;   0.0;   0;    2.917;   0;eor
Lahr;20151215;   3;    5.1;   7.9;   6.1; 1006.53;   89.42;   1.8;   10.5;   -0.3;   -2.2;   4.1;   2.9;   6;    1.500;   0;eor
Lahr;20151216;   3;    9.8;  11.4;   7.5; 1008.97;   93.08;   2.8;   12.1;    5.5;    4.2;   7.9;   1.4;   6;    0.350;   0;eor
Lahr;20151217;   3;   12.4;  12.5;   6.8; 1008.16;   87.04;   2.3;   16.9;    8.5;    6.7;   6.1;   0.2;   6;    0.917;   0;eor
Lahr;20151218;   3;   10.1;  10.7;   6.3; 1006.63;   86.88;   2.5;   14.7;    5.8;    3.9;   9.2;   0.1;   6;    1.067;   0;eor
Lahr;20151219;   3;    7.3;   9.4;   3.6; 1005.48;   92.63;   1.3;   13.4;    2.7;    1.0;   4.5;   0.0;   0;    5.483;   0;eor
Lahr;20151220;   3;    8.6;   9.4;   4.5; 1003.46;   84.25;   2.3;   15.2;    2.5;    0.4;   5.2;   1.0;   6;    5.117;   0;eor
Lahr;20151221;   3;   10.6;  10.1;   6.6; 1008.94;   79.29;   4.9;   13.0;    8.4;    6.8;  11.2;   4.6;   6;    1.967;   0;eor
Lahr;20151222;   3;   11.3;   9.6;   6.0; 1010.55;   72.08;   4.2;   14.4;    5.9;    2.7;   9.9;   0.0;   0;    5.983;   0;eor
Lahr;20151223;   3;   10.9;  10.2;   5.0; 1010.24;   78.63;   3.7;   13.0;    6.2;    2.3;  11.4;   0.0;   6;    0.000;   0;eor
Lahr;20151224;   3;   11.5;  10.2;   5.6; 1007.54;   76.29;   3.4;   15.9;    8.0;    6.9;  11.0;   0.3;   6;    4.167;   0;eor
Lahr;20151225;   3;   12.1;  10.2;   4.7; 1011.97;   72.33;   3.7;   15.3;    6.5;    2.9;   9.5;   0.0;   0;    6.667;   0;eor
Lahr;20151226;   3;    8.5;   9.1;   3.2; 1012.08;   83.13;   2.3;   14.2;    3.4;    0.2;   9.8;   0.0;   0;    6.667;   0;eor
Lahr;20151227;   3;    6.5;   8.2;   2.8; 1012.17;   85.71;   2.2;   13.5;    0.4;   -2.4;   7.9;   0.0;   0;    6.267;   0;eor
Lahr;20151228;   3;    1.7;   6.5;   3.4; 1009.59;   93.54;   1.0;    8.0;   -1.9;   -3.9;   2.9;   0.0;   0;    6.650;   0;eor
Lahr;20151229;   3;    2.2;   6.8;   6.2; 1009.59;   92.71;   1.3;    7.5;   -4.1;   -5.0;   4.6;   0.0;   6;    3.967;   0;eor
Lahr;20151230;   3;    3.5;   7.8;   7.0; 1007.74;   99.21;   1.6;    4.6;    0.2;   -0.8;   4.6;   0.0;   6;    0.000;   0;eor
Lahr;20151231;   3;    5.8;   8.9;   7.8; 1005.20;   95.21;   2.3;    8.8;    1.8;    1.8;   5.8;   2.5;   6;    0.000;   0;eor
Lahr;20160101;   3;    4.7;   8.5;   7.1; 1005.64;   99.46;   2.0;    7.2;    2.0;    0.4;   6.3;   1.1;   6;    0.000;   0;eor
Lahr;20160102;   3;    5.5;   8.7;   7.8;  995.06;   95.96;   2.3;    7.6;    1.2;   -0.1;   7.7;   5.4;   6;    0.000;   0;eor
Lahr;20160103;   3;    6.8;   8.2;   7.5;  988.03;   82.71;   3.3;    8.7;    5.0;    4.1;  11.5;   7.4;   6;    0.400;   0;eor
Lahr;20160104;   3;    6.5;   8.4;   6.3;  975.83;   86.04;   4.8;    8.5;    2.7;   -0.4;  11.5;   2.6;   6;    0.383;   0;eor
Lahr;20160105;   3;    6.8;   8.2;   7.0;  977.99;   82.92;   4.6;    8.9;    4.5;    3.1;  12.3;   0.7;   6;    0.850;   0;eor
Lahr;20160106;   3;    5.9;   8.1;   7.6;  982.14;   87.67;   3.2;    6.8;    4.7;    3.5;   9.0;   4.9;   6;    0.000;   0;eor
Lahr;20160107;   3;    6.1;   8.2;   6.8;  981.05;   86.96;   3.7;    9.3;    2.4;    0.5;  15.5;   6.6;   6;    0.500;   0;eor
Lahr;20160108;   3;    6.0;   8.3;   6.5;  987.62;   88.88;   1.9;    8.8;    1.7;   -0.5;   7.3;   2.4;   6;    2.017;   0;eor
Lahr;20160109;   3;    5.7;   8.9;   7.0;  984.84;   96.67;   1.1;    8.4;    0.7;   -0.1;   3.7;   2.0;   6;    0.000;   0;eor
Lahr;20160110;   3;    7.1;   8.6;   7.8;  979.91;   85.71;   4.6;   10.0;    2.1;    1.8;  12.8;   7.0;   6;    0.000;   0;eor
Lahr;20160111;   3;    6.9;   8.4;   7.5;  975.32;   84.83;   5.1;    9.2;    4.8;    4.7;  18.1;  11.4;   6;    0.533;   0;eor
Lahr;20160112;   3;    5.9;   7.8;   7.2;  983.86;   84.08;   5.8;    9.5;    4.0;    3.4;  14.2;   6.9;   6;    1.067;   0;eor
Lahr;20160113;   3;    4.5;   6.9;   7.4;  997.97;   81.83;   5.2;    5.9;    0.4;   -0.9;  13.7;   0.1;   6;    0.000;   0;eor
Lahr;20160114;   3;    2.5;   5.8;   4.8;  993.45;   80.58;   3.6;    6.8;   -2.1;   -4.0;  12.6;   2.2;   8;    5.217;   0;eor
Lahr;20160115;   3;    2.1;   5.7;   7.2;  994.80;   80.08;   5.8;    3.8;    0.9;   -0.2;  14.3;   1.2;   8;    0.033;   0;eor
Lahr;20160116;   3;    1.2;   6.2;   7.0; 1004.07;   93.29;   2.4;    3.1;   -1.1;   -1.7;   9.1;   2.6;   8;    0.817;   0;eor
Lahr;20160117;   3;   -0.6;   5.1;   5.3; 1005.96;   87.25;   2.7;    1.4;   -6.1;   -7.3;  10.4;   0.8;   8;    2.700;   2;eor
Lahr;20160118;   3;   -4.1;   3.7;   3.7; 1000.55;   83.83;   1.6;   -0.9;   -7.7;   -9.5;   5.9;   0.0;   0;    6.083;   3;eor
Lahr;20160119;   3;   -3.3;   4.1;   8.0;  997.30;   85.88;   1.8;   -2.0;   -5.8;   -6.4;   4.2;   0.0;   7;    0.000;   2;eor
Lahr;20160120;   3;   -4.2;   4.3;   8.0; 1001.55;   96.58;   2.0;   -2.6;   -6.0;   -6.1;   5.0;   0.2;   8;    0.000;   1;eor
Lahr;20160121;   3;   -3.4;   4.7;   5.5; 1007.37;   97.38;   1.4;   -1.0;   -4.9;   -5.7;   4.4;   0.0;   8;    2.067;   2;eor
Lahr;20160122;   3;   -3.4;   4.6;   6.9; 1009.98;   95.75;   1.7;    0.0;   -6.2;   -6.3;   3.9;   1.8;   8;    3.183;   2;eor
Lahr;20160123;   3;    4.5;   7.5;   5.2; 1015.12;   88.58;   2.7;   10.1;   -1.2;   -3.1;   7.2;   0.0;   0;    2.917;   0;eor
Lahr;20160124;   3;    3.8;   7.0;   6.1; 1015.31;   87.17;   2.0;    8.1;   -1.9;   -3.6;   7.9;   0.0;   6;    0.117;   0;eor
Lahr;20160125;   3;    5.3;   6.9;   1.3; 1010.90;   77.46;   1.7;   12.6;   -0.6;   -2.5;   6.1;   0.0;   0;    8.133;   0;eor
Lahr;20160126;   3;    9.5;   8.5;   3.5; 1009.01;   71.92;   3.3;   15.5;    3.2;    1.2;  10.0;   0.0;   0;    6.900;   0;eor
Lahr;20160127;   3;   11.8;   9.6;   7.0; 1004.69;   69.54;   4.7;   14.5;    6.6;    3.8;  12.3;   0.0;   6;    0.000;   0;eor
Lahr;20160128;   3;    9.3;   9.6;   7.9; 1006.60;   83.54;   3.0;   12.4;    6.3;    6.2;  11.9;   5.1;   6;    0.000;   0;eor
Lahr;20160129;   3;    6.4;   8.4;   4.5; 1012.10;   87.50;   2.9;   10.1;    1.4;   -0.5;   9.4;   0.0;   0;    3.250;   0;eor
Lahr;20160130;   3;    6.9;   8.1;   5.8; 1002.03;   81.29;   6.2;   10.3;    2.6;   -0.9;  18.5;  12.2;   6;    1.783;   0;eor
Lahr;20160131;   3;    7.9;   9.9;   7.9;  997.37;   91.33;   4.4;   13.0;    4.8;    4.5;  11.2;   1.9;   6;    0.000;   0;eor
Lahr;20160201;   3;   12.4;  11.2;   7.5; 1005.88;   77.71;   5.9;   14.6;   10.2;    9.7;  13.6;   0.0;   6;    0.133;   0;eor
Lahr;20160202;   3;   10.9;  10.0;   7.7; 1003.75;   77.33;   5.6;   13.0;    6.1;    5.7;  14.0;   5.2;   6;    0.433;   0;eor
Lahr;20160203;   3;    5.3;   7.7;   7.1; 1003.60;   86.79;   3.3;    7.6;    2.1;    1.3;  14.9;   2.7;   8;    0.617;   0;eor
Lahr;20160204;   3;    4.5;   7.4;   7.8; 1008.83;   87.58;   5.8;    5.9;    3.2;    2.4;  16.0;   2.6;   6;    0.083;   0;eor
Lahr;20160205;   3;    7.5;   9.2;   5.3; 1008.18;   88.63;   2.3;   12.4;    4.2;    1.1;   6.7;   0.0;   6;    3.067;   0;eor
Lahr;20160206;   3;    7.9;   7.6;   4.7;  996.82;   74.04;   2.8;   15.5;    0.7;   -0.8;  10.7;   0.0;   0;    6.367;   0;eor
Lahr;20160207;   3;    5.6;   7.9;   6.6;  988.94;   86.17;   3.6;    7.7;    1.4;   -0.3;  11.6;   4.8;   6;    0.000;   0;eor
Lahr;20160208;   3;    9.4;   8.2;   6.8;  987.75;   69.50;   8.9;   13.1;    5.8;    4.4;  23.8;   4.0;   6;    0.383;   0;eor
Lahr;20160209;   3;    9.1;   8.9;   7.7;  979.76;   76.29;   7.5;   13.8;    5.1;    4.7;  22.7;   5.9;   8;    0.150;   0;eor
Lahr;20160210;   3;    4.3;   6.5;   7.3;  982.70;   78.75;   6.4;    6.5;    2.4;    1.5;  13.7;   0.4;   8;    0.100;   0;eor
Lahr;20160211;   3;    4.3;   6.2;   7.2;  989.23;   74.83;   3.9;    8.2;    0.7;   -0.8;  10.2;   1.2;   8;    0.667;   0;eor
Lahr;20160212;   3;    3.9;   6.8;   6.6;  981.28;   84.88;   2.0;    7.9;    0.6;   -1.0;   9.2;   1.2;   6;    5.167;   0;eor
Lahr;20160213;   3;    6.5;   8.2;   7.6;  972.16;   85.21;   4.6;    9.9;    3.0;    2.9;  16.1;   4.3;   6;    0.117;   0;eor
Lahr;20160214;   3;    6.9;   8.6;   7.5;  973.23;   86.29;   4.1;    8.6;    4.6;    4.0;  12.6;   4.1;   6;    0.000;   0;eor
Lahr;20160215;   3;    3.7;   7.0;   7.9;  993.89;   87.83;   3.0;    5.4;    2.4;    1.9;   9.3;   0.5;   6;    0.000;   0;eor
Lahr;20160216;   3;    1.8;   5.8;   7.8; 1011.61;   83.96;   5.7;    2.5;    0.9;    0.8;  10.4;   0.0;   0;    0.000;   0;eor
Lahr;20160217;   3;    1.3;   5.8;   8.0; 1001.35;   86.83;   2.7;    2.5;    0.1;    0.1;   9.0;   0.0;   0;    0.000;   0;eor
Lahr;20160218;   3;    3.9;   6.6;   7.5;  997.45;   82.75;   1.4;    8.5;    0.0;   -1.2;   6.3;   3.9;   6;    4.000;   0;eor
Lahr;20160219;   3;    3.5;   6.6;   7.1; 1003.54;   84.83;   3.0;    5.3;    2.0;    1.6;  10.0;   0.6;   8;    0.017;   0;eor
Lahr;20160220;   3;    6.2;   7.6;   7.0; 1002.75;   78.08;   8.2;   10.9;    2.7;    1.0;  19.4;   0.5;   6;    0.000;   0;eor
Lahr;20160221;   3;   11.3;  10.4;   6.5; 1001.35;   77.75;   6.7;   13.3;    5.6;    2.4;  16.5;   0.0;   0;    0.000;   0;eor
Lahr;20160222;   3;   10.3;   9.6;   4.6;  995.53;   77.54;   3.7;   15.5;    3.6;    1.6;  10.4;   0.2;   6;    5.083;   0;eor
Lahr;20160223;   3;    6.2;   8.5;   7.4;  995.75;   89.75;   4.6;   10.6;    2.9;    1.3;  12.1;  11.7;   6;    0.483;   0;eor
Lahr;20160224;   3;    4.2;   6.7;   6.3;  998.61;   82.67;   2.2;    7.8;   -0.6;   -2.6;   8.3;   4.8;   8;    6.333;   0;eor
Lahr;20160225;   3;    3.2;   6.4;   6.6;  994.64;   84.83;   2.5;    7.4;   -0.5;   -2.8;   6.4;   0.3;   8;    1.883;   0;eor
Lahr;20160226;   3;    1.4;   5.4;   5.1;  993.05;   81.33;   1.9;    6.5;   -4.0;   -5.1;   6.7;   0.0;   0;    6.767;   0;eor
Lahr;20160227;   3;    1.7;   5.5;   2.4;  986.44;   80.25;   2.5;    8.1;   -3.7;   -5.1;   7.8;   0.0;   0;    8.917;   0;eor
Lahr;20160228;   3;    2.6;   5.7;   7.0;  989.97;   77.50;   3.7;    5.8;   -1.3;   -3.1;   9.3;   0.0;   0;    0.617;   0;eor
Lahr;20160229;   3;    3.2;   5.7;   8.0;  996.70;   74.79;   6.6;    4.2;    1.7;    1.3;  11.5;   0.0;   8;    0.000;   0;eor
Lahr;20160301;   3;    4.1;   6.0;   6.2; 1001.97;   73.83;   4.5;    8.7;    1.3;    0.8;  12.5;   1.5;   8;    6.200;   0;eor
Lahr;20160302;   3;    5.3;   7.8;   7.0;  988.38;   86.54;   6.3;    9.4;    0.8;    0.2;  15.9;   9.3;   8;    0.067;   0;eor
Lahr;20160303;   3;    3.5;   7.0;   7.5;  986.06;   88.54;   4.2;    5.8;    1.2;    0.6;  12.5;   4.0;   6;    0.367;   0;eor
Lahr;20160304;   3;    4.5;   7.2;   6.9;  982.07;   85.17;   2.6;    8.4;   -0.3;   -1.9;   7.6;   5.2;   6;    0.283;   0;eor
Lahr;20160305;   3;    5.8;   7.9;   7.5;  977.68;   85.83;   3.4;    7.8;    3.3;    1.7;  10.4;  10.3;   8;    0.000;   0;eor
Lahr;20160306;   3;    3.4;   6.5;   7.2;  984.85;   83.29;   4.3;    7.6;    0.3;    0.1;  11.5;   1.7;   6;    1.267;   1;eor
Lahr;20160307;   3;    3.3;   6.2;   6.6;  986.46;   80.63;   3.5;    7.3;   -0.4;   -2.1;  10.0;   4.0;   8;    4.533;   0;eor
Lahr;20160308;   3;    1.7;   6.6;   7.5;  996.84;   95.38;   1.4;    3.8;    0.4;   -0.8;   3.7;   0.7;   8;    0.000;   0;eor
Lahr;20160309;   3;    2.8;   5.8;   3.9;  991.23;   79.21;   2.0;    7.7;   -3.4;   -4.3;   5.9;   0.0;   0;    8.400;   0;eor
Lahr;20160310;   3;    3.9;   6.5;   3.6;  997.31;   81.50;   2.5;   10.0;   -0.1;   -2.6;   8.1;   0.0;   0;    7.617;   0;eor
Lahr;20160311;   3;    3.2;   6.5;   2.1; 1004.60;   85.04;   2.7;    9.3;   -2.5;   -4.3;   8.9;   0.0;   0;    7.517;   0;eor
Lahr;20160312;   3;    5.3;   6.6;   6.2; 1007.18;   74.92;   4.2;   11.1;    1.2;    0.0;   9.4;   0.0;   0;    3.733;   0;eor
Lahr;20160313;   3;    6.0;   6.9;   7.0; 1007.88;   74.29;   5.9;   10.0;    2.5;    1.8;  12.9;   0.0;   0;    2.083;   0;eor
Lahr;20160314;   3;    5.8;   6.0;   4.0; 1007.71;   66.58;   4.6;   10.8;    0.2;   -3.0;  10.7;   0.0;   0;    6.267;   0;eor
Lahr;20160315;   3;    2.4;   6.1;   5.3; 1004.60;   84.38;   3.2;    8.2;   -2.4;   -4.4;  10.6;   1.6;   8;    2.767;   0;eor
Lahr;20160316;   3;    5.5;   5.7;   4.9; 1002.18;   64.17;   5.8;    9.7;    1.2;   -0.3;  16.6;   0.0;   0;    6.067;   0;eor
Lahr;20160317;   3;    4.4;   6.2;   0.0; 1005.42;   74.79;   2.1;   11.2;   -1.6;   -4.5;   5.9;   0.0;   0;   11.017;   0;eor
Lahr;20160318;   3;    5.8;   6.3;   0.0; 1001.67;   71.58;   1.6;   14.7;   -2.5;   -4.1;   5.0;   0.0;   0;   11.000;   0;eor
Lahr;20160319;   3;    3.3;   6.6;   3.2; 1001.52;   85.25;   3.4;    8.5;   -1.3;   -4.0;   8.9;   0.0;   0;    3.933;   0;eor
Lahr;20160320;   3;    5.0;   6.8;   5.6; 1000.37;   78.33;   2.1;   10.7;    2.1;    0.4;   8.3;   0.0;   0;    5.117;   0;eor
Lahr;20160321;   3;    5.8;   6.9;   6.0;  999.65;   76.54;   2.3;   11.7;    0.4;   -2.8;   8.5;   0.0;   0;    4.317;   0;eor
Lahr;20160322;   3;    7.6;   6.5;   5.7;  994.84;   65.08;   3.1;   12.4;    3.0;    1.0;  10.6;   0.1;   6;    7.967;   0;eor
Lahr;20160323;   3;    7.4;   7.5;   6.7;  991.68;   73.46;   3.6;   12.2;    2.0;   -1.3;  11.4;   0.0;   6;    1.717;   0;eor
Lahr;20160324;   3;    6.4;   6.2;   6.1;  997.01;   67.88;   1.4;   11.6;   -0.2;   -2.7;   6.2;   0.3;   6;    2.067;   0;eor
Lahr;20160325;   3;    7.2;   8.3;   7.9;  998.04;   81.08;   3.9;    8.3;    5.8;    4.8;  10.6;   6.5;   6;    0.000;   0;eor
Lahr;20160326;   3;   11.0;   9.0;   3.9;  998.83;   70.71;   2.1;   17.7;    5.2;    3.5;   8.1;   0.0;   6;    9.467;   0;eor
Lahr;20160327;   3;    8.9;   7.9;   4.5;  994.56;   69.75;   3.7;   12.9;    2.4;    0.2;  10.9;   1.5;   6;    1.917;   0;eor
Lahr;20160328;   3;    8.8;   7.8;   6.0;  988.63;   70.63;   5.4;   17.9;    1.3;   -0.8;  21.3;   6.2;   6;    1.633;   0;eor
Lahr;20160329;   3;   11.4;   7.2;   5.6;  993.92;   54.79;   5.3;   16.3;    5.8;    3.3;  15.0;   1.3;   6;    7.583;   0;eor
Lahr;20160330;   3;   11.1;  11.7;   7.6;  993.62;   88.17;   2.0;   15.6;    8.1;    7.2;   6.2;   2.4;   6;    0.567;   0;eor
Lahr;20160331;   3;   10.3;  11.7;   7.1;  989.30;   93.25;   2.7;   14.0;    6.4;    6.2;   7.0;   0.3;   6;    0.350;   0;eor
Lahr;20160401;   3;    7.0;   8.9;   7.3;  998.39;   88.67;   3.6;    8.9;    4.0;    1.9;   8.1;   0.2;   6;    0.000;   0;eor
Lahr;20160402;   3;    7.5;   9.3;   6.7;  997.44;   89.88;   1.1;   12.5;    1.9;    0.7;   4.5;   0.0;   0;    0.517;   0;eor
Lahr;20160403;   3;   13.3;  12.1;   7.5;  993.25;   79.54;   2.2;   18.5;    6.9;    5.3;   7.1;   0.0;   6;    1.717;   0;eor
Lahr;20160404;   3;   13.3;  12.4;   7.5;  990.05;   82.42;   1.7;   17.8;   10.0;    9.1;   4.9;   3.6;   6;    0.683;   0;eor
Lahr;20160405;   3;   11.6;  12.5;   7.7;  990.92;   91.33;   2.8;   14.3;    9.5;    8.6;   9.1;  13.2;   6;    0.350;   0;eor
Lahr;20160406;   3;   12.6;   9.8;   3.7;  995.35;   69.29;   3.6;   17.9;    9.2;    7.4;  10.5;   0.3;   6;    8.667;   0;eor
Lahr;20160407;   3;    9.0;   7.9;   6.3;  994.48;   69.21;   3.1;   12.1;    4.2;    2.2;   9.2;   0.1;   6;    1.750;   0;eor
Lahr;20160408;   3;    7.3;   6.7;   3.3;  993.39;   69.04;   1.6;   13.4;    0.6;   -1.6;   6.2;   0.0;   0;    8.933;   0;eor
Lahr;20160409;   3;    8.1;   7.8;   7.2;  990.20;   73.54;   1.5;   11.9;    2.5;    0.4;   5.3;   0.0;   0;    0.000;   0;eor
Lahr;20160410;   3;   12.5;   8.3;   4.0;  991.23;   59.00;   3.1;   19.0;    4.4;    1.9;  11.3;   0.0;   0;   12.267;   0;eor
Lahr;20160411;   3;   12.1;   9.5;   2.8;  992.00;   68.50;   2.6;   19.4;    4.5;    2.0;   8.1;   3.2;   6;    9.600;   0;eor
Lahr;20160412;   3;   13.2;  10.7;   6.3;  992.38;   73.50;   2.9;   20.4;    8.6;    7.4;  11.5;   5.6;   6;    5.600;   0;eor
Lahr;20160413;   3;   11.4;  10.8;   7.0;  990.43;   80.54;   3.0;   16.3;    8.0;    7.1;  10.3;   5.6;   6;    1.733;   0;eor
Lahr;20160414;   3;   12.2;  10.2;   6.6;  993.88;   73.04;   2.7;   16.8;    8.3;    6.6;   8.9;   2.1;   6;    5.300;   0;eor
Lahr;20160415;   3;   11.9;  11.1;   7.5;  990.07;   80.25;   3.9;   15.3;    9.7;    9.3;  11.8;  10.5;   6;    2.100;   0;eor
Lahr;20160416;   3;   11.8;  12.1;   7.6;  986.98;   87.33;   3.2;   14.2;    9.0;    9.1;   9.8;  25.7;   6;    0.150;   0;eor
Lahr;20160417;   3;    8.7;   9.4;   7.8;  993.22;   83.96;   2.6;   11.6;    6.6;    6.4;   8.7;   3.6;   6;    0.583;   0;eor
Lahr;20160418;   3;    7.9;   9.3;   6.8; 1002.67;   86.88;   1.9;   11.7;    3.6;    1.2;   5.5;   2.4;   6;    0.467;   0;eor
Lahr;20160419;   3;    8.5;   7.9;   0.7; 1007.55;   73.79;   1.7;   15.0;    0.8;   -1.0;   7.4;   0.0;   0;   12.967;   0;eor
Lahr;20160420;   3;   10.2;   8.4;   1.0; 1007.26;   70.58;   3.6;   18.0;    2.1;   -0.1;  10.9;   0.0;   0;   12.967;   0;eor
Lahr;20160421;   3;   12.0;   9.0;   5.4; 1002.43;   65.38;   2.0;   20.3;    3.2;    0.4;   5.9;   0.0;   0;   11.583;   0;eor
Lahr;20160422;   3;   13.3;  10.4;   7.1;  996.95;   69.83;   2.2;   18.1;    7.1;    6.1;   6.2;   0.0;   6;    2.933;   0;eor
Lahr;20160423;   3;    7.8;   9.4;   7.1;  992.61;   87.92;   3.2;   11.8;    2.5;    0.6;  12.7;   5.3;   6;    0.000;   0;eor
Lahr;20160424;   3;    5.2;   6.7;   6.4;  996.40;   76.50;   2.6;    9.1;    2.6;    1.4;  13.3;   1.3;   8;    5.367;   0;eor
Lahr;20160425;   3;    5.7;   6.3;   7.4;  994.54;   69.58;   4.7;    8.0;    2.6;    1.0;  13.9;   0.8;   6;    0.767;   0;eor
Lahr;20160426;   3;    5.0;   7.4;   7.7;  987.43;   84.67;   4.1;    7.3;    2.5;    2.1;  12.6;   9.1;   6;    0.017;   0;eor
Lahr;20160427;   3;    5.6;   6.2;   5.7;  993.59;   69.42;   4.7;   10.9;    1.2;   -1.2;  13.9;   1.6;   8;    6.033;   0;eor
Lahr;20160428;   3;    6.0;   6.7;   5.1;  997.65;   73.63;   1.7;   11.5;    1.0;   -1.1;   6.8;   0.8;   6;    4.983;   0;eor
Lahr;20160429;   3;    8.9;   6.6;   2.6;  999.00;   61.83;   2.1;   16.5;    0.8;   -1.7;   8.7;   0.0;   0;   10.500;   0;eor
Lahr;20160430;   3;    9.6;   8.7;   5.8;  997.11;   75.08;   2.7;   17.3;    1.9;   -0.6;  12.2;  30.2;   6;    6.050;   0;eor
Lahr;20160501;   3;    9.3;  10.1;   7.4; 1000.72;   86.17;   4.1;   14.7;    6.6;    6.5;   9.8;   3.1;   6;    1.000;   0;eor
Lahr;20160502;   3;   11.8;   9.9;   3.0; 1003.17;   75.00;   1.9;   18.9;    4.7;    4.1;   6.4;   0.0;   0;   10.633;   0;eor
Lahr;20160503;   3;    9.3;   9.7;   4.5; 1004.26;   83.83;   2.3;   14.7;    3.9;    2.3;  10.1;   8.1;   6;    2.817;   0;eor
Lahr;20160504;   3;    9.3;   7.9;   1.8; 1008.03;   70.25;   2.8;   16.0;    1.9;    0.4;   9.2;   0.0;   0;   12.367;   0;eor
Lahr;20160505;   3;   13.6;   7.9;   0.5; 1001.74;   54.13;   3.3;   21.4;    3.2;    0.3;  10.9;   0.0;   0;   13.767;   0;eor
Lahr;20160506;   3;   15.9;  10.4;   1.7;  995.83;   59.58;   2.7;   23.3;    6.1;    3.6;   9.1;   0.0;   0;   13.717;   0;eor
Lahr;20160507;   3;   16.7;  11.2;   1.8;  991.73;   60.83;   2.2;   25.5;    8.2;    6.0;   8.4;   0.0;   0;   10.983;   0;eor
Lahr;20160508;   3;   18.5;  10.6;   1.8;  990.86;   53.33;   2.9;   26.6;    8.3;    6.3;  11.0;   0.0;   0;   12.900;   0;eor
Lahr;20160509;   3;   18.2;  12.8;   6.0;  992.80;   61.21;   1.7;   23.0;   11.3;    9.0;   4.6;   1.2;   6;    4.333;   0;eor
Lahr;20160510;   3;   17.3;  16.0;   7.2;  991.00;   81.54;   2.0;   21.7;   14.8;   13.2;   6.5;   0.5;   6;    2.400;   0;eor
Lahr;20160511;   3;   16.3;  16.0;   7.3;  984.46;   86.71;   2.7;   23.7;   12.0;   10.7;  10.4;  15.5;   6;    3.300;   0;eor
Lahr;20160512;   1;   13.8;  14.7;   8.0;  980.86;   93.04;   2.2;   15.6;   12.4;   12.2;  12.8;  17.5;   6;    0.000;   0;eor
Lahr;20160513;   1;   14.7;  14.4;   7.4;  982.89;   86.54;   2.4;   20.0;   12.8;   12.2;  13.0;   1.7;   6;    1.017;   0;eor
Lahr;20160514;   1;   12.6;  11.7;   6.8;  992.23;   79.71;   2.8;   15.5;    8.8;    7.3;   9.9;   0.0;   6;    2.383;   0;eor
Lahr;20160515;   1;    9.4;   7.1;   7.0; 1002.39;   61.08;   2.3;   12.5;    6.5;    6.2;   7.1;   0.6;   6;    2.967;   0;eor
Lahr;20160516;   1;    9.0;   9.3;   7.7; 1002.69;   80.88;   3.0;   12.3;    7.1;    6.4;   8.5;   7.5;   6;    0.217;   0;eor
Lahr;20160517;   1;   12.5;   9.4;   5.9; 1000.72;   67.21;   1.4;   17.2;    5.9;    4.8;   7.0;   0.0;   0;    7.200;   0;eor
Lahr;20160518;   1;   15.2;  10.7;   6.2;  993.33;   64.33;   2.7;   22.0;    8.2;    5.7;  18.1;   6.0;   6;    6.700;   0;eor
Lahr;20160519;   1;   12.9;  11.0;   6.4;  995.05;   74.50;   3.2;   17.3;   10.1;    9.1;   8.0;   0.1;   6;    3.750;   0;eor
Lahr;20160520;   1;   15.3;  11.1;   5.3; 1002.17;   66.08;   2.7;   21.2;    9.3;    7.3;   7.3;   0.0;   0;   11.850;   0;eor
Lahr;20160521;   1;   17.6;  12.3;   3.7;  998.42;   64.33;   1.7;   26.2;    9.2;    7.0;   8.3;   0.0;   0;   13.100;   0;eor
Lahr;20160522;   1;   18.3;  12.2;   6.1;  992.50;   61.42;   2.9;   26.0;   11.1;    9.0;  11.6;  11.5;   6;    7.833;   0;eor
Lahr;20160523;   1;   11.4;  12.4;   7.8;  995.93;   91.79;   4.0;   13.0;   10.5;   10.6;   8.6;   8.0;   6;    0.000;   0;eor
Lahr;20160524;   1;   11.8;  12.0;   8.0;  997.47;   87.21;   1.7;   13.8;    9.4;    7.7;   3.9;   1.1;   6;    0.000;   0;eor
Lahr;20160525;   1;   14.5;  12.1;   4.0;  995.88;   75.54;   1.5;   21.2;    7.7;    5.6;   5.5;   0.0;   0;    9.700;   0;eor
Lahr;20160526;   1;   17.9;  13.3;   3.2;  996.03;   68.04;   1.5;   25.7;    8.5;    7.2;   5.7;   0.0;   6;   10.600;   0;eor
Lahr;20160527;   1;   19.7;  16.2;   5.1;  995.21;   72.25;   2.1;   26.4;   13.9;   12.6;   7.7;   0.0;   0;    9.100;   0;eor
Lahr;20160528;   1;   20.2;  16.7;   5.5;  992.76;   72.63;   2.4;   27.3;   15.6;   14.0;  11.1;  14.2;   6;    6.450;   0;eor
Lahr;20160529;   1;   17.5;  16.6;   7.1;  988.15;   83.58;   3.0;   21.3;   14.3;   13.6;  10.1;  10.2;   6;    1.117;   0;eor
Lahr;20160530;   1;   15.8;  15.2;   7.7;  987.84;   84.75;   6.4;   17.6;   14.5;   14.1;  15.5;   7.5;   6;    0.700;   0;eor
Lahr;20160531;   1;   17.2;  12.7;   5.1;  992.34;   65.83;   5.6;   21.3;   12.3;   10.4;  14.3;   0.0;   6;    8.883;   0;eor
Lahr;20160601;   1;   16.6;  14.0;   5.5;  995.48;   74.88;   1.8;   21.7;    9.8;    8.3;   5.6;   2.7;   6;    8.583;   0;eor
Lahr;20160602;   1;   17.3;  14.8;   7.4;  992.24;   75.42;   4.2;   21.0;   14.6;   13.9;   9.7;   0.1;   6;    2.967;   0;eor
Lahr;20160603;   1;   17.5;  15.7;   7.0;  992.58;   79.04;   2.2;   21.7;   15.2;   14.4;   5.8;   5.2;   6;    2.733;   0;eor
Lahr;20160604;   1;   16.9;  17.0;   7.3;  994.31;   88.54;   2.8;   21.3;   14.8;   13.7;   8.3;  11.7;   6;    3.583;   0;eor
Lahr;20160605;   1;   18.6;  17.2;   7.3;  998.28;   81.50;   1.5;   23.4;   14.7;   14.3;   4.6;   0.8;   6;    4.817;   0;eor
Lahr;20160606;   1;   18.9;  18.2;   3.5; 1000.14;   84.25;   1.5;   26.4;   13.6;   12.1;  12.5;   0.0;   6;    4.467;   0;eor
Lahr;20160607;   1;   19.1;  17.3;   4.3; 1001.78;   80.33;   1.8;   27.5;   13.5;   12.1;   9.0;   1.4;   6;    8.100;   0;eor
Lahr;20160608;   1;   18.1;  17.8;   7.4; 1000.43;   86.25;   2.1;   22.4;   14.4;   13.7;   7.4;   7.7;   6;    1.600;   0;eor
Lahr;20160609;   1;   18.4;  15.2;   5.2;  998.48;   73.50;   2.1;   23.3;   14.3;   12.2;   6.9;   0.0;   0;    9.383;   0;eor
Lahr;20160610;   1;   18.5;  13.9;   4.0;  993.88;   67.92;   1.8;   24.4;   11.8;   10.0;   6.4;   2.6;   6;   11.833;   0;eor
