STATIONS_ID; MESS_DATUM; QUALITAETS_NIVEAU; LUFTTEMPERATUR;DAMPFDRUCK;BEDECKUNGSGRAD;LUFTDRUCK_STATIONSHOEHE;REL_FEUCHTE; WINDGESCHWINDIGKEIT; LUFTTEMPERATUR_MAXIMUM;LUFTTEMPERATUR_MINIMUM;LUFTTEMP_AM_ERDB_MINIMUM; WINDSPITZE_MAXIMUM; NIEDERSCHLAGSHOEHE;NIEDERSCHLAGSHOEHE_IND;SONNENSCHEINDAUER; SCHNEEHOEHE;eor
     Leipzig;20141130;   3;   -0.1;   5.2;   8.0; 1000.01;   86.79;   5.9;    1.0;   -0.9;   -0.8;  11.7;   0.0;   0;    0.000;   0;eor
     Leipzig;20141201;   3;   -1.8;   4.3;   7.9;  999.28;   80.58;   7.5;   -0.9;   -2.4;   -2.3;  13.8;   0.0;   0;    0.000;   0;eor
     Leipzig;20141202;   3;   -2.0;   4.3;   7.7;  999.83;   81.13;   4.8;   -1.3;   -3.0;   -2.7;   9.5;   0.4;   8;    0.000;   0;eor
     Leipzig;20141203;   3;   -1.8;   5.0;   8.0; 1004.63;   93.75;   2.9;   -0.5;   -2.7;   -2.6;   6.2;   0.0;   8;    0.000;   0;eor
     Leipzig;20141204;   3;    1.3;   6.4;   8.0; 1001.68;   95.08;   2.6;    3.1;   -0.5;   -0.5;   6.1;   0.3;   6;    0.000;   0;eor
     Leipzig;20141205;   3;    2.4;   7.0;   7.9; 1001.97;   96.33;   2.0;    3.0;    1.7;    1.8;   4.2;   0.0;   6;    0.000;   0;eor
     Leipzig;20141206;   3;    3.8;   7.3;   7.6; 1005.75;   90.67;   1.9;    5.8;    2.6;    1.9;   4.2;   0.0;   6;    3.283;   0;eor
     Leipzig;20141207;   3;    3.1;   6.9;   6.9; 1003.60;   90.29;   3.3;    4.7;   -0.2;   -3.1;   9.5;   2.8;   6;    0.000;   0;eor
     Leipzig;20141208;   3;    2.3;   6.3;   2.8; 1001.13;   86.63;   5.2;    5.4;   -2.2;   -4.8;  10.9;   0.0;   0;    6.250;   0;eor
     Leipzig;20141209;   3;   -0.7;   5.3;   2.4; 1009.81;   90.75;   3.1;    3.5;   -3.3;   -6.8;   7.1;   0.0;   0;    7.067;   0;eor
     Leipzig;20141210;   3;    1.9;   5.8;   6.5; 1002.39;   82.54;   7.3;    3.7;   -1.4;   -2.4;  14.9;   0.1;   8;    0.000;   0;eor
     Leipzig;20141211;   3;    3.6;   6.6;   5.5;  993.35;   83.54;   7.3;    6.4;    1.5;    0.1;  18.8;   0.9;   6;    0.000;   0;eor
     Leipzig;20141212;   3;    7.4;   7.6;   7.2;  986.58;   73.75;   9.2;   10.1;    3.5;    2.0;  19.9;   0.8;   6;    0.000;   0;eor
     Leipzig;20141213;   3;    5.2;   7.9;   7.9;  993.42;   88.92;   4.6;    9.1;    2.9;    2.6;  14.0;   1.4;   6;    0.000;   0;eor
     Leipzig;20141214;   3;    2.8;   7.1;   7.7; 1000.03;   95.29;   2.0;    3.7;    1.4;   -0.3;   5.8;   0.9;   6;    0.000;   0;eor
     Leipzig;20141215;   3;    4.6;   7.2;   6.7;  997.71;   86.13;   5.3;    9.3;    0.2;   -0.6;  13.6;   0.0;   6;    4.133;   0;eor
     Leipzig;20141216;   3;    4.9;   7.5;   6.4;  995.33;   87.08;   4.1;    7.9;    0.4;   -1.7;  11.1;   0.2;   6;    0.983;   0;eor
     Leipzig;20141217;   3;    2.4;   6.8;   5.5;  992.28;   92.50;   5.6;    5.8;   -0.8;   -4.0;  12.4;   3.5;   6;    0.000;   0;eor
     Leipzig;20141218;   3;    9.2;  10.3;   7.8;  993.75;   88.13;   6.6;   12.6;    5.7;    5.4;  15.3;   1.0;   6;    0.300;   0;eor
     Leipzig;20141219;   3;   10.1;  10.0;   7.6;  994.23;   80.04;   8.6;   12.4;    4.5;    2.9;  18.6;   5.3;   6;    0.000;   0;eor
     Leipzig;20141220;   3;    4.8;   6.8;   6.6;  999.10;   79.63;   9.4;    6.0;    1.8;    0.4;  20.2;   4.6;   6;    0.000;   0;eor
     Leipzig;20141221;   3;    5.3;   7.3;   7.0; 1007.08;   81.46;   8.2;    7.4;    2.9;    1.9;  18.4;   0.0;   6;    1.117;   0;eor
     Leipzig;20141222;   3;    8.7;   8.8;   7.8;  998.68;   77.96;  13.5;   10.2;    7.2;    6.2;  23.5;   0.2;   6;    0.000;   0;eor
     Leipzig;20141223;   3;   10.2;   9.5;   7.8;  999.09;   76.29;  10.0;   10.9;    9.4;    8.6;  17.7;   0.0;   6;    0.000;   0;eor
     Leipzig;20141224;   3;    8.1;   8.1;   7.9;  997.55;   75.50;   9.4;    9.8;    5.3;    4.5;  19.2;   3.7;   6;    0.000;   0;eor
     Leipzig;20141225;   3;    3.7;   6.7;   5.5; 1002.11;   83.88;   6.8;    6.8;    0.4;    0.0;  15.3;   1.2;   8;    0.850;   0;eor
     Leipzig;20141226;   3;   -0.7;   5.1;   5.4; 1009.48;   86.58;   3.1;    1.0;   -4.2;   -6.6;   9.4;   0.0;   7;    4.367;   1;eor
     Leipzig;20141227;   3;   -3.4;   4.1;   5.0;  994.63;   86.92;   5.2;   -1.1;   -6.2;   -6.4;  11.4;   0.0;   0;    0.000;   0;eor
     Leipzig;20141228;   3;   -5.3;   3.6;   7.4; 1005.58;   87.08;   4.5;   -2.1;   -8.1;   -9.1;  13.3;   0.5;   7;    1.667;   0;eor
     Leipzig;20141229;   3;   -3.4;   4.5;   7.1; 1011.69;   93.79;   4.0;   -0.5;   -8.9;  -15.9;  10.9;   3.2;   7;    0.567;   3;eor
     Leipzig;20141230;   3;   -1.0;   5.6;   8.0; 1014.53;   98.04;   3.6;    1.8;   -4.4;   -4.8;   7.1;   2.5;   8;    0.000;   9;eor
     Leipzig;20141231;   3;    1.6;   6.7;   8.0; 1015.19;   97.38;   4.0;    2.3;    0.8;    0.3;   7.7;   1.3;   6;    0.000;   7;eor
     Leipzig;20150101;   3;    2.8;   7.0;   6.2; 1016.18;   93.21;   5.1;    5.4;    1.1;    0.0;  10.2;   0.0;   0;    6.417;   0;eor
     Leipzig;20150102;   3;    3.9;   6.7;   6.4; 1006.62;   83.29;   9.1;    5.5;    1.4;    0.4;  18.2;   2.5;   6;    0.000;   0;eor
     Leipzig;20150103;   3;    2.9;   6.1;   6.9; 1004.52;   80.92;   7.8;    4.2;    1.7;    0.4;  14.6;   0.1;   6;    0.000;   0;eor
     Leipzig;20150104;   3;    3.1;   6.5;   5.5; 1008.36;   85.50;   6.2;    4.5;    2.1;    0.4;  12.8;   0.1;   6;    1.183;   0;eor
     Leipzig;20150105;   3;    2.3;   6.2;   7.3; 1013.02;   85.54;   4.9;    3.0;    1.6;    0.6;  12.3;   0.0;   6;    0.017;   0;eor
     Leipzig;20150106;   3;    1.6;   5.6;   7.0; 1008.93;   81.46;   3.0;    4.4;   -1.6;   -4.1;   7.3;   0.4;   8;    5.200;   0;eor
     Leipzig;20150107;   3;    2.1;   6.2;   6.3; 1009.45;   87.58;   5.1;    4.6;    0.3;   -0.9;   8.6;   0.4;   8;    0.050;   0;eor
     Leipzig;20150108;   3;    4.0;   7.3;   7.7; 1005.12;   88.83;   6.3;    7.1;    0.0;   -1.1;  17.5;   7.3;   6;    0.000;   0;eor
     Leipzig;20150109;   3;    6.8;   7.8;   5.6;  998.82;   78.67;  10.9;    9.5;    3.3;    2.0;  27.3;   3.0;   6;    0.000;   0;eor
     Leipzig;20150110;   3;    9.9;   9.8;   6.6;  989.67;   78.83;  10.0;   14.6;    2.5;    0.8;  24.5;   4.1;   6;    0.250;   0;eor
     Leipzig;20150111;   3;    3.0;   5.9;   6.2;  995.40;   77.79;   9.6;    5.0;    1.4;    0.5;  21.0;   1.2;   8;    1.950;   0;eor
     Leipzig;20150112;   3;    6.0;   7.1;   7.3;  999.15;   76.00;  10.5;    7.5;    3.9;    3.2;  19.5;   0.0;   6;    0.000;   0;eor
     Leipzig;20150113;   3;    9.6;   7.1;   5.0;  992.99;   60.04;   9.4;   12.2;    7.2;    6.3;  17.1;   0.1;   6;    7.300;   0;eor
     Leipzig;20150114;   3;    5.6;   7.1;   5.8;  993.46;   78.38;   6.7;    8.5;    1.1;   -0.4;  25.6;   1.4;   6;    3.050;   0;eor
     Leipzig;20150115;   3;    5.3;   6.4;   5.2;  991.72;   72.42;   8.0;    8.9;    0.2;   -1.5;  16.2;   0.0;   6;    0.417;   0;eor
     Leipzig;20150116;   3;    6.7;   7.7;   7.3;  990.64;   79.42;   3.6;    8.2;    4.5;    4.0;  13.5;   8.1;   6;    0.000;   0;eor
     Leipzig;20150117;   3;    2.9;   7.0;   6.6;  996.70;   92.21;   2.1;    4.8;   -1.7;   -4.8;   6.5;   0.0;   6;    0.133;   0;eor
     Leipzig;20150118;   3;   -0.1;   5.2;   3.5; 1000.28;   86.46;   3.8;    3.8;   -2.9;   -5.3;   9.0;   0.0;   0;    7.583;   0;eor
     Leipzig;20150119;   3;    0.1;   5.7;   6.2;  996.88;   91.63;   2.6;    2.3;   -3.5;   -6.4;   4.8;   0.0;   6;    0.000;   0;eor
     Leipzig;20150120;   3;    0.8;   6.3;   8.0;  995.00;   96.63;   2.8;    1.6;   -0.2;   -0.5;   6.1;   1.1;   8;    0.000;   0;eor
     Leipzig;20150121;   3;   -0.6;   5.0;   5.5;  998.95;   86.29;   2.6;    1.4;   -2.2;   -3.6;   8.6;   0.0;   0;    4.533;   0;eor
     Leipzig;20150122;   3;   -0.3;   5.7;   7.9; 1000.38;   95.63;   3.9;    0.2;   -0.8;   -1.1;   7.7;   1.0;   8;    0.000;   0;eor
     Leipzig;20150123;   3;   -0.7;   5.7;   8.0; 1007.08;   97.75;   2.8;   -0.2;   -1.2;   -1.2;   6.5;   0.1;   7;    0.000;   2;eor
     Leipzig;20150124;   3;   -0.4;   5.4;   7.3; 1004.04;   90.96;   4.0;    1.7;   -1.3;   -1.8;   9.4;   0.2;   7;    2.717;   1;eor
     Leipzig;20150125;   3;    1.0;   6.3;   7.2; 1008.75;   95.13;   3.2;    2.6;   -1.4;   -2.5;   7.4;   0.7;   8;    0.100;   1;eor
     Leipzig;20150126;   3;    1.8;   6.5;   7.5; 1003.64;   94.08;   4.8;    3.6;    0.3;   -0.2;  11.8;   4.3;   8;    1.283;   0;eor
     Leipzig;20150127;   3;    3.1;   6.5;   7.1;  999.45;   85.29;   5.8;    4.5;    1.1;   -0.6;  12.6;   0.0;   6;    0.000;   0;eor
     Leipzig;20150128;   3;    3.3;   6.4;   7.5;  991.97;   82.79;   6.8;    5.3;    1.2;    0.1;  15.2;   1.0;   6;    0.367;   0;eor
     Leipzig;20150129;   3;    1.9;   5.5;   4.3;  972.51;   79.38;   6.9;    4.6;    0.3;   -1.2;  14.6;   3.2;   8;    3.583;   0;eor
     Leipzig;20150130;   3;    1.3;   6.2;   7.5;  958.56;   91.75;   6.3;    3.1;   -0.6;   -1.2;  13.6;   1.3;   8;    0.550;   0;eor
     Leipzig;20150131;   3;    0.1;   5.5;   6.1;  965.21;   89.25;   4.8;    2.6;   -2.7;   -4.4;  10.5;   0.1;   7;    0.300;   3;eor
     Leipzig;20150201;   3;   -0.7;   5.0;   3.1;  973.95;   87.04;   3.8;    3.6;   -3.9;   -6.2;   6.5;   0.0;   7;    6.850;   0;eor
     Leipzig;20150202;   3;    0.3;   5.4;   6.6;  980.45;   87.04;   4.6;    3.4;   -2.9;   -4.7;  10.7;   0.0;   7;    1.667;   0;eor
     Leipzig;20150203;   3;    0.1;   5.5;   7.0;  985.44;   89.67;   4.7;    3.0;   -2.9;   -8.5;  10.1;   1.3;   8;    1.050;   0;eor
     Leipzig;20150204;   3;   -2.6;   4.7;   7.1;  996.01;   91.83;   2.2;   -0.8;   -6.0;   -9.7;   4.9;   0.1;   7;    0.517;   3;eor
     Leipzig;20150205;   3;   -1.8;   4.9;   6.9; 1005.93;   91.29;   2.9;   -0.4;   -3.2;   -6.1;  10.2;   0.3;   7;    1.033;   4;eor
     Leipzig;20150206;   3;   -2.9;   4.2;   7.6; 1012.43;   86.17;   4.2;   -2.1;   -4.3;   -5.4;   9.6;   0.0;   7;    0.000;   4;eor
     Leipzig;20150207;   3;   -1.6;   4.8;   5.8; 1010.37;   86.25;   4.2;    3.4;   -7.0;   -8.4;  12.9;   0.0;   6;    4.983;   3;eor
     Leipzig;20150208;   3;    0.9;   4.4;   5.4; 1005.55;   67.13;   6.7;    3.3;   -3.6;   -5.3;  15.9;   0.4;   8;    6.750;   0;eor
     Leipzig;20150209;   3;    3.1;   7.2;   8.0; 1005.84;   93.71;   5.6;    5.4;   -1.1;   -1.2;  11.1;   0.4;   6;    0.000;   1;eor
     Leipzig;20150210;   3;    4.6;   7.6;   8.0; 1011.25;   89.92;   3.6;    5.4;    3.5;    3.2;   8.6;   0.0;   6;    0.000;   0;eor
     Leipzig;20150211;   3;    3.6;   6.7;   7.4; 1011.16;   84.33;   1.7;    5.1;   -0.5;   -3.2;   5.2;   0.0;   0;    0.000;   0;eor
     Leipzig;20150212;   3;   -0.3;   5.8;   6.3; 1006.90;   96.17;   3.1;    2.7;   -2.8;   -3.8;   6.0;   0.0;   0;    4.017;   0;eor
     Leipzig;20150213;   3;    0.9;   5.2;   0.1; 1002.45;   81.67;   3.7;    7.2;   -3.0;   -4.3;   8.1;   0.0;   0;    9.317;   0;eor
     Leipzig;20150214;   3;    1.0;   5.1;   0.5;  996.89;   79.17;   2.9;    8.0;   -3.3;   -5.3;   6.1;   0.0;   0;    9.300;   0;eor
     Leipzig;20150215;   3;    0.7;   5.6;   3.9; 1000.05;   87.04;   2.7;    4.9;   -4.4;   -7.5;   6.6;   0.0;   0;    2.933;   0;eor
     Leipzig;20150216;   3;    1.5;   5.7;   0.4; 1005.02;   85.00;   6.4;    6.9;   -2.7;   -4.7;  12.6;   0.0;   0;    8.133;   0;eor
     Leipzig;20150217;   3;    0.0;   5.7;   4.5; 1014.30;   92.38;   3.0;    2.4;   -4.0;   -7.0;   7.0;   0.0;   6;    2.833;   0;eor
     Leipzig;20150218;   3;    2.2;   6.5;   5.7; 1022.27;   90.96;   2.8;    6.0;   -0.7;   -3.5;   6.3;   0.0;   0;    1.500;   0;eor
     Leipzig;20150219;   3;    1.0;   5.4;   1.3; 1012.22;   83.08;   5.2;    6.9;   -2.5;   -3.5;  11.4;   0.0;   0;    9.083;   0;eor
     Leipzig;20150220;   3;    3.6;   5.5;   1.8;  997.82;   70.54;   6.3;   10.9;   -3.3;   -4.4;  13.9;   0.0;   0;    6.783;   0;eor
     Leipzig;20150221;   3;    4.8;   5.8;   5.7;  983.65;   67.83;   6.0;   10.6;    0.5;   -2.2;  15.8;   0.2;   6;    3.233;   0;eor
     Leipzig;20150222;   3;    0.6;   5.5;   4.9;  992.37;   86.17;   2.3;    4.8;   -2.9;   -5.7;   5.7;   0.0;   0;    0.333;   0;eor
     Leipzig;20150223;   3;    1.6;   6.0;   6.2;  984.42;   87.00;   5.3;    4.6;   -1.2;   -2.8;  12.7;   3.2;   8;    0.000;   0;eor
     Leipzig;20150224;   3;    3.7;   6.1;   5.4;  990.40;   77.33;   4.9;    7.3;    0.5;   -1.7;  11.9;   0.0;   0;    2.483;   0;eor
     Leipzig;20150225;   3;    2.8;   5.6;   2.2; 1001.74;   76.54;   3.2;    8.2;   -1.3;   -5.3;   8.5;   0.0;   0;    6.767;   0;eor
     Leipzig;20150226;   3;    2.4;   4.8;   0.3; 1003.60;   70.25;   3.6;    9.3;   -2.8;   -5.8;   7.9;   0.0;   0;   10.133;   0;eor
     Leipzig;20150227;   3;    3.4;   5.3;   3.3;  997.12;   70.67;   3.4;   11.0;   -1.9;   -5.6;   8.4;   0.3;   6;    8.167;   0;eor
     Leipzig;20150228;   3;    2.8;   5.5;   4.3; 1002.46;   74.33;   3.5;    7.3;   -0.6;   -4.0;   7.7;   0.0;   6;    7.867;   0;eor
     Leipzig;20150301;   3;    4.8;   6.6;   5.6;  989.74;   75.88;   6.9;    9.6;    0.9;   -0.6;  16.3;   4.5;   6;    2.083;   0;eor
     Leipzig;20150302;   3;    5.4;   6.0;   4.4;  986.55;   68.25;   7.3;    9.2;    0.7;   -2.2;  17.0;   1.3;   8;    9.250;   0;eor
     Leipzig;20150303;   3;    4.2;   5.7;   5.2;  999.46;   70.33;   7.6;    8.0;    0.8;   -0.4;  19.1;   1.5;   6;    3.650;   0;eor
     Leipzig;20150304;   3;    3.1;   6.0;   5.4; 1005.15;   79.50;   6.4;    6.6;    0.0;   -1.7;  14.5;   2.3;   8;    4.683;   0;eor
     Leipzig;20150305;   3;    3.6;   6.6;   7.1; 1015.78;   83.25;   4.6;    6.4;    1.3;   -2.3;  11.8;   0.0;   6;    1.483;   0;eor
     Leipzig;20150306;   3;    4.2;   6.7;   7.1; 1018.52;   81.33;   3.9;    6.3;    0.3;   -2.4;   8.5;   0.0;   6;    0.000;   0;eor
     Leipzig;20150307;   3;    6.6;   6.0;   6.3; 1015.50;   63.92;   4.3;   12.2;    0.8;   -2.5;   9.2;   0.0;   0;    8.250;   0;eor
     Leipzig;20150308;   3;    9.7;   6.2;   5.3; 1009.34;   53.21;   4.3;   16.1;    4.0;    2.4;   7.0;   0.0;   0;    8.383;   0;eor
     Leipzig;20150309;   3;    7.5;   7.8;   3.9; 1009.89;   74.75;   2.6;   12.0;    3.0;   -1.6;   6.9;   0.0;   6;    4.600;   0;eor
     Leipzig;20150310;   3;    5.8;   8.5;   4.6; 1009.26;   92.04;   3.1;   12.5;    0.2;   -1.8;   7.5;   3.3;   6;    3.967;   0;eor
     Leipzig;20150311;   3;    4.3;   6.8;   6.0; 1011.79;   82.33;   3.8;    7.2;    0.3;   -2.3;   9.6;   0.1;   6;    1.083;   0;eor
     Leipzig;20150312;   3;    2.4;   6.6;   6.5; 1014.69;   91.13;   2.4;    4.1;   -0.4;   -1.4;   5.3;   0.0;   6;    0.000;   0;eor
     Leipzig;20150313;   3;    2.3;   6.0;   7.3; 1010.80;   83.63;   2.9;    5.5;   -0.3;   -0.1;   6.3;   0.6;   8;    1.517;   0;eor
     Leipzig;20150314;   3;    3.2;   7.2;   8.0; 1010.35;   93.83;   3.0;    4.0;    2.1;    2.1;   7.0;   3.1;   8;    0.000;   0;eor
     Leipzig;20150315;   3;    4.8;   7.5;   6.6; 1011.88;   87.13;   4.8;    7.2;    3.5;    1.7;  10.7;   0.0;   0;    0.117;   0;eor
     Leipzig;20150316;   3;    8.1;   7.3;   5.6; 1011.03;   68.79;   6.4;   13.4;    3.9;    2.5;  15.2;   0.0;   0;    5.850;   0;eor
     Leipzig;20150317;   3;    9.5;   7.1;   4.5; 1010.84;   62.46;   4.9;   16.7;    3.1;    1.3;  10.8;   0.0;   0;    7.683;   0;eor
     Leipzig;20150318;   3;    7.8;   6.3;   0.6; 1009.73;   61.67;   4.1;   14.8;    2.4;   -2.1;   8.8;   0.0;   0;   11.200;   0;eor
     Leipzig;20150319;   3;    5.7;   4.9;   2.0; 1010.06;   56.96;   2.3;   12.7;   -0.7;   -4.6;   6.0;   0.0;   0;   11.250;   0;eor
     Leipzig;20150320;   3;    4.8;   4.5;   0.9; 1006.85;   56.13;   1.6;   12.6;   -2.2;   -6.8;   4.8;   0.0;   0;   11.217;   0;eor
     Leipzig;20150321;   3;    2.9;   6.7;   5.4;  999.79;   88.46;   2.2;    6.1;   -1.1;   -5.4;   8.6;   0.8;   8;    1.383;   0;eor
     Leipzig;20150322;   3;    1.3;   4.9;   6.1; 1008.80;   73.21;   4.1;    5.2;   -2.2;   -7.1;  11.8;   0.0;   0;    5.400;   0;eor
     Leipzig;20150323;   3;    3.3;   5.8;   4.6; 1000.85;   76.46;   2.6;   11.1;   -3.8;   -7.6;   8.4;   0.0;   0;    8.083;   0;eor
     Leipzig;20150324;   3;    5.7;   6.8;   6.0;  993.23;   75.08;   2.7;    9.4;    2.2;   -3.2;   6.4;   0.0;   0;    0.417;   0;eor
     Leipzig;20150325;   3;    8.8;   7.3;   3.3;  990.48;   67.21;   3.9;   17.5;   -0.4;   -3.8;  10.2;   0.3;   6;    9.550;   0;eor
     Leipzig;20150326;   3;    7.1;   8.1;   7.8;  990.61;   80.63;   3.2;    9.9;    5.6;    4.1;   9.3;   0.2;   6;    0.000;   0;eor
     Leipzig;20150327;   3;    6.8;   7.5;   7.3;  997.69;   76.50;   6.0;   11.4;    4.9;    4.0;  17.3;   0.3;   8;    1.183;   0;eor
     Leipzig;20150328;   3;    7.5;   6.3;   6.5; 1002.02;   62.00;   3.6;   11.7;    3.7;    2.1;   8.8;   0.0;   6;    4.183;   0;eor
     Leipzig;20150329;   3;    9.7;   9.9;   7.6;  983.69;   81.50;   8.2;   11.6;    8.0;    6.9;  26.1;   5.4;   6;    0.000;   0;eor
     Leipzig;20150330;   3;    5.8;   6.4;   4.7;  982.63;   69.88;   9.2;    9.4;    2.1;    0.8;  25.3;   6.7;   8;    3.583;   0;eor
     Leipzig;20150331;   3;    6.2;   7.0;   6.1;  979.51;   73.96;  10.7;   12.8;    0.4;    0.1;  32.3;   2.5;   6;    5.533;   0;eor
     Leipzig;20150401;   3;    3.2;   6.1;   6.5;  993.14;   79.92;   8.7;    8.3;    0.3;   -0.2;  20.0;   7.4;   8;    1.883;   0;eor
     Leipzig;20150402;   3;    1.9;   6.2;   6.1;  993.80;   88.58;   6.4;    5.1;   -0.3;   -1.8;  16.1;   3.7;   7;    3.100;   1;eor
     Leipzig;20150403;   3;    3.5;   5.7;   5.6; 1002.05;   74.54;   4.5;    7.9;   -0.7;   -3.2;   9.8;   0.3;   8;    3.383;   0;eor
     Leipzig;20150404;   3;    3.2;   5.3;   4.5; 1000.35;   71.54;   2.4;    8.4;   -2.0;   -5.2;   9.7;   0.4;   6;    9.200;   0;eor
     Leipzig;20150405;   3;    3.6;   5.0;   3.0; 1006.15;   66.50;   3.0;    9.5;   -1.3;   -3.8;   9.1;   0.0;   6;    9.050;   0;eor
     Leipzig;20150406;   3;    4.6;   5.2;   4.9; 1011.29;   62.75;   3.7;    9.7;   -0.1;   -4.6;  10.8;   0.0;   6;    7.133;   0;eor
     Leipzig;20150407;   3;    6.3;   5.7;   4.8; 1016.90;   62.50;   3.5;   13.2;   -1.9;   -6.3;   9.5;   0.0;   0;   10.817;   0;eor
     Leipzig;20150408;   3;    7.9;   8.1;   7.5; 1015.10;   75.88;   3.5;    9.7;    5.7;    4.1;  10.2;   0.0;   6;    0.033;   0;eor
     Leipzig;20150409;   3;   10.4;   8.5;   4.9; 1012.41;   68.25;   2.4;   16.0;    7.4;    1.8;   7.6;   0.0;   0;    7.650;   0;eor
     Leipzig;20150410;   3;   12.6;   9.2;   1.8; 1005.81;   66.29;   2.3;   20.3;    4.8;    0.6;   5.1;   0.0;   0;   12.033;   0;eor
     Leipzig;20150411;   3;   13.8;   9.0;   5.3; 1002.78;   59.54;   6.2;   21.2;    8.1;    4.6;  15.8;   1.4;   6;    6.967;   0;eor
     Leipzig;20150412;   3;    9.9;   5.8;   6.0; 1011.34;   50.13;   4.2;   15.3;    3.3;   -0.5;  13.6;   0.0;   6;   10.833;   0;eor
     Leipzig;20150413;   3;    9.3;   6.0;   5.7; 1010.63;   52.25;   5.8;   11.9;    3.1;   -1.3;  15.9;   0.0;   0;    6.967;   0;eor
     Leipzig;20150414;   3;    9.8;   7.2;   4.7; 1009.00;   60.58;   4.6;   15.9;    1.4;   -2.9;  12.3;   0.0;   0;    8.217;   0;eor
     Leipzig;20150415;   3;   15.8;   8.7;   3.8;  999.86;   52.42;   4.8;   23.5;    7.1;    2.2;  12.8;   0.0;   0;   10.950;   0;eor
     Leipzig;20150416;   3;   10.4;   7.8;   6.9;  998.17;   62.13;   2.9;   14.2;    6.2;    4.2;   7.2;   0.0;   6;    0.350;   0;eor
     Leipzig;20150417;   3;    7.0;   6.3;   5.9; 1000.04;   63.46;   3.1;   10.0;    3.0;    0.4;   9.1;   0.0;   0;    1.350;   0;eor
     Leipzig;20150418;   3;    5.9;   5.7;   2.8; 1007.87;   63.79;   2.6;   11.1;    0.7;   -2.5;   7.5;   0.0;   0;    8.683;   0;eor
     Leipzig;20150419;   3;    8.4;   5.9;   2.6; 1006.65;   57.00;   2.1;   14.8;    0.9;   -3.7;   6.5;   0.0;   0;   12.967;   0;eor
     Leipzig;20150420;   3;   10.8;   6.8;   2.2; 1008.74;   55.46;   3.6;   18.3;    2.1;   -1.3;  10.8;   0.0;   0;   12.850;   0;eor
     Leipzig;20150421;   3;   12.3;   6.2;   2.2; 1010.25;   48.08;   4.4;   20.1;    2.2;   -1.8;  13.6;   0.0;   0;   13.633;   0;eor
     Leipzig;20150422;   3;    6.9;   7.7;   4.8; 1008.98;   78.21;   2.7;   10.8;    2.9;   -1.9;   9.7;   0.8;   6;    3.783;   0;eor
     Leipzig;20150423;   3;    9.6;   7.5;   0.5; 1002.61;   66.46;   2.0;   17.0;    0.4;   -3.1;   5.5;   0.0;   0;   13.483;   0;eor
     Leipzig;20150424;   3;   13.1;   7.5;   1.8;  997.34;   53.92;   3.6;   20.6;    4.1;   -0.2;   9.8;   0.0;   0;   12.250;   0;eor
     Leipzig;20150425;   3;   14.7;   8.4;   6.4;  993.02;   51.46;   4.4;   21.5;    7.9;    4.8;  10.8;   0.0;   6;    4.450;   0;eor
     Leipzig;20150426;   3;   14.3;  12.0;   5.7;  991.29;   74.75;   3.8;   20.4;   10.2;    5.2;   9.8;   1.0;   6;    4.600;   0;eor
     Leipzig;20150427;   3;   10.4;  11.6;   7.5;  987.97;   90.96;   3.8;   14.9;    6.6;    5.0;  12.1;   4.0;   6;    0.267;   0;eor
     Leipzig;20150428;   3;    7.1;   7.3;   6.8;  997.34;   74.21;   3.0;   11.4;    3.6;   -1.0;   8.8;   4.0;   6;    2.183;   0;eor
     Leipzig;20150429;   3;    8.2;   5.8;   3.9; 1003.44;   57.46;   3.0;   14.1;    1.1;   -3.0;   7.9;   0.1;   6;   11.833;   0;eor
     Leipzig;20150430;   3;   10.8;   7.9;   6.5;  996.95;   62.75;   4.5;   17.0;    6.6;    4.8;  14.3;   5.5;   6;    6.267;   0;eor
     Leipzig;20150501;   3;    9.1;   7.6;   4.6;  992.25;   68.25;   2.9;   14.1;    4.0;   -1.1;   8.5;   0.0;   0;    9.867;   0;eor
     Leipzig;20150502;   3;    9.0;   6.5;   3.5;  995.73;   59.96;   2.0;   15.3;    2.4;   -1.4;   5.4;   0.0;   0;   11.283;   0;eor
     Leipzig;20150503;   3;   12.6;  10.2;   5.9;  992.31;   69.25;   4.0;   19.2;    3.8;    1.0;   8.6;   4.9;   6;    5.367;   0;eor
     Leipzig;20150504;   3;   17.2;  13.4;   6.3;  992.74;   70.79;   3.7;   22.8;   12.6;    9.4;   8.8;   0.1;   6;    8.383;   0;eor
     Leipzig;20150505;   3;   18.7;  14.2;   6.8;  989.43;   66.13;   4.5;   24.5;   13.5;   10.5;  11.9;   0.0;   6;    1.750;   0;eor
     Leipzig;20150506;   3;   15.2;   9.5;   4.7;  996.88;   57.17;   3.8;   20.8;    7.6;    3.1;  15.4;   0.0;   0;    7.550;   0;eor
     Leipzig;20150507;   3;   12.3;   8.4;   2.5; 1001.48;   60.79;   4.5;   17.5;    7.1;    1.8;  13.5;   0.0;   8;   11.167;   0;eor
     Leipzig;20150508;   3;   14.5;   8.5;   6.0; 1000.85;   54.50;   2.2;   20.7;    7.5;    1.9;   6.2;   0.0;   6;    8.817;   0;eor
     Leipzig;20150509;   3;   15.4;  11.4;   6.5; 1000.32;   66.04;   4.6;   20.8;    9.7;    6.1;  17.8;   2.3;   6;    4.967;   0;eor
     Leipzig;20150510;   3;   12.4;   9.3;   3.8; 1008.59;   65.75;   4.1;   16.1;    6.0;    1.8;  11.8;   0.0;   0;   12.417;   0;eor
     Leipzig;20150511;   3;   14.9;   8.9;   5.5; 1008.93;   56.46;   3.2;   22.4;    5.9;    1.3;   8.0;   0.0;   0;   12.033;   0;eor
     Leipzig;20150512;   3;   18.5;  11.7;   6.0; 1000.73;   58.04;   5.2;   28.5;   10.1;    7.6;  23.2;   6.4;   8;    5.800;   0;eor
     Leipzig;20150513;   3;   13.4;   9.0;   3.2; 1001.10;   61.42;   3.6;   18.9;    7.6;    2.9;  11.2;   0.0;   0;   12.650;   0;eor
     Leipzig;20150514;   3;   10.3;   7.9;   4.5;  997.05;   63.71;   2.8;   13.8;    6.3;    1.2;   8.6;   0.0;   0;    8.967;   0;eor
     Leipzig;20150515;   3;   11.5;   7.9;   1.8;  999.69;   61.08;   1.9;   17.5;    3.6;   -0.1;   5.8;   0.0;   0;   14.733;   0;eor
     Leipzig;20150516;   3;   11.5;   9.2;   5.6; 1004.55;   69.21;   3.5;   17.7;    4.9;    0.7;  10.0;   0.3;   6;    7.600;   0;eor
     Leipzig;20150517;   3;   11.2;   7.4;   5.6; 1006.66;   57.17;   4.2;   15.7;    7.8;    3.8;  12.1;   0.0;   0;    6.417;   0;eor
     Leipzig;20150518;   3;   15.1;   8.3;   6.0;  995.03;   52.08;   3.3;   22.7;    7.2;    5.1;  10.8;   0.0;   0;    7.967;   0;eor
     Leipzig;20150519;   3;   14.6;   8.0;   5.5;  990.93;   49.08;   4.1;   19.8;   10.3;    4.6;  12.4;   0.0;   6;    8.017;   0;eor
     Leipzig;20150520;   3;   12.2;   8.2;   7.2;  997.47;   58.33;   2.2;   15.5;    8.8;    4.2;   6.1;   0.0;   6;    0.300;   0;eor
     Leipzig;20150521;   3;   11.5;   8.0;   4.9; 1006.90;   60.88;   2.0;   16.3;    6.4;    0.7;   8.2;   0.0;   0;    9.150;   0;eor
     Leipzig;20150522;   3;   13.2;   7.5;   4.0; 1008.75;   53.54;   1.7;   19.3;    4.6;   -0.4;   7.4;   0.0;   0;   13.150;   0;eor
     Leipzig;20150523;   3;   15.5;  10.6;   6.9; 1003.37;   61.46;   2.4;   20.7;   11.5;   10.1;   7.5;   0.0;   0;    2.967;   0;eor
     Leipzig;20150524;   3;   15.2;  10.1;   6.1; 1002.84;   60.46;   1.7;   20.3;   10.6;    9.3;   5.5;   0.0;   6;    6.817;   0;eor
     Leipzig;20150525;   3;   15.2;  11.5;   7.1;  997.28;   68.00;   2.6;   20.1;   11.4;   10.5;   7.9;   0.2;   6;    1.300;   0;eor
     Leipzig;20150526;   3;   11.3;   8.6;   6.1; 1000.91;   65.38;   3.2;   15.2;    7.0;    5.4;   9.6;   0.0;   6;    6.300;   0;eor
     Leipzig;20150527;   3;   10.2;   8.4;   6.3; 1005.23;   68.50;   3.2;   13.3;    5.9;    2.0;  10.6;   0.1;   6;    0.583;   0;eor
     Leipzig;20150528;   3;   13.3;   8.7;   6.4;  999.27;   59.75;   4.4;   20.4;    6.4;    1.2;  13.2;   0.8;   6;    6.517;   0;eor
     Leipzig;20150529;   3;   14.8;  10.1;   6.4;  994.99;   63.54;   3.1;   21.4;    8.8;    4.9;  12.0;   1.6;   6;    7.900;   0;eor
     Leipzig;20150530;   3;   11.3;   9.2;   5.9;  996.87;   69.33;   5.0;   16.2;    5.3;    0.3;  14.5;   0.0;   6;    5.850;   0;eor
     Leipzig;20150531;   3;   15.0;   8.3;   5.9;  998.87;   52.21;   4.4;   22.4;    4.8;    0.8;  12.4;   0.0;   6;   11.283;   0;eor
     Leipzig;20150601;   3;   13.2;  12.2;   7.3;  999.63;   81.46;   2.8;   18.0;   10.5;    9.1;  12.0;   4.0;   6;    0.000;   0;eor
     Leipzig;20150602;   3;   18.1;  11.1;   4.7;  998.78;   57.58;   6.5;   25.0;   10.1;    8.9;  17.0;   0.0;   0;   11.667;   0;eor
     Leipzig;20150603;   3;   19.3;  11.3;   2.3; 1003.88;   50.58;   5.4;   25.1;   12.1;    8.9;  17.0;   0.0;   0;   13.550;   0;eor
     Leipzig;20150604;   3;   16.6;   9.1;   1.6; 1011.67;   51.13;   2.1;   22.0;    9.4;    4.5;   6.1;   0.0;   0;   14.333;   0;eor
     Leipzig;20150605;   3;   21.1;  10.9;   0.3; 1005.97;   47.00;   3.4;   29.8;   10.1;    8.6;   9.1;   0.0;   0;   15.400;   0;eor
     Leipzig;20150606;   3;   23.3;  14.9;   4.7; 1004.75;   53.33;   3.8;   30.7;   16.9;   14.6;   9.7;   0.6;   6;   12.417;   0;eor
     Leipzig;20150607;   3;   17.0;  10.2;   6.5; 1011.23;   52.92;   1.9;   20.5;   12.7;    7.0;   6.8;   0.0;   0;    3.900;   0;eor
     Leipzig;20150608;   3;   14.4;  10.5;   6.4; 1010.20;   65.33;   3.0;   19.3;    9.5;    8.4;   8.2;   0.3;   6;    6.100;   0;eor
     Leipzig;20150609;   3;   14.0;   9.6;   6.9; 1010.60;   61.33;   3.2;   17.6;   10.9;   10.9;   9.7;   0.0;   0;    3.233;   0;eor
     Leipzig;20150610;   3;   16.4;  10.1;   6.7; 1009.88;   56.83;   2.7;   22.0;   12.0;   11.7;   9.2;   0.0;   0;    6.617;   0;eor
     Leipzig;20150611;   3;   17.4;  10.6;   6.8; 1005.33;   54.33;   2.3;   21.3;   13.6;   12.6;   6.7;   0.2;   6;    6.350;   0;eor
     Leipzig;20150612;   3;   20.3;  14.5;   3.7;  997.20;   63.67;   2.1;   27.5;   12.6;   10.4;   6.5;   0.0;   0;   11.400;   0;eor
     Leipzig;20150613;   3;   20.6;  17.8;   5.8;  993.12;   75.25;   2.4;   29.0;   15.5;   11.8;  17.6;   2.7;   6;    4.433;   0;eor
     Leipzig;20150614;   3;   18.8;  13.1;   3.6;  994.47;   63.96;   3.3;   25.1;   13.2;   10.6;   9.6;   0.0;   0;   14.383;   0;eor
     Leipzig;20150615;   3;   15.1;   9.4;   4.8; 1001.04;   56.79;   2.8;   19.9;    8.4;    5.6;   8.1;   0.0;   0;    7.883;   0;eor
     Leipzig;20150616;   3;   12.5;   8.1;   5.0; 1006.38;   57.67;   2.6;   16.8;    7.6;    3.5;   9.4;   0.0;   0;    7.817;   0;eor
     Leipzig;20150617;   3;   14.5;   8.2;   4.4; 1005.87;   53.33;   2.5;   20.6;    5.8;    1.9;   7.0;   3.5;   6;   12.217;   0;eor
     Leipzig;20150618;   3;   15.4;  12.8;   7.6;  997.58;   73.88;   4.0;   20.2;   11.6;   11.1;  10.5;   0.3;   6;    2.083;   0;eor
     Leipzig;20150619;   3;   12.5;   9.9;   7.2;  999.07;   69.33;   4.4;   17.1;    9.8;    8.7;  11.7;   0.3;   6;    1.633;   0;eor
     Leipzig;20150620;   3;   12.5;  10.7;   7.1; 1000.87;   74.58;   3.9;   17.4;    9.8;    7.5;  11.9;   0.1;   6;    2.833;   0;eor
     Leipzig;20150621;   3;   14.5;  10.7;   7.0;  999.99;   66.46;   3.8;   18.6;   10.2;    9.3;   9.2;   0.0;   6;    3.067;   0;eor
     Leipzig;20150622;   3;   14.4;  12.6;   7.6;  992.63;   77.92;   5.0;   18.9;   11.4;   10.9;  12.8;  10.6;   6;    0.400;   0;eor
     Leipzig;20150623;   3;   11.6;  11.4;   6.8;  993.15;   84.04;   4.2;   15.2;    9.4;    7.4;  11.7;   4.0;   6;    4.367;   0;eor
     Leipzig;20150624;   3;   12.9;  10.8;   6.4; 1004.33;   73.42;   3.3;   16.3;   10.9;    7.6;  11.1;   0.0;   6;    1.800;   0;eor
     Leipzig;20150625;   3;   16.8;  11.3;   5.3; 1006.43;   62.21;   2.4;   23.7;    8.8;    5.5;   7.6;   0.0;   0;    8.450;   0;eor
     Leipzig;20150626;   3;   19.3;  13.1;   7.1; 1003.17;   59.92;   2.6;   25.4;   13.4;   10.2;   7.8;   0.0;   6;    1.283;   0;eor
     Leipzig;20150627;   3;   18.7;  15.5;   7.1;  999.80;   72.04;   4.3;   21.9;   13.9;   12.0;  12.3;   0.1;   6;    0.967;   0;eor
     Leipzig;20150628;   3;   17.2;  11.0;   3.7; 1005.18;   58.71;   2.3;   22.9;   10.5;    8.7;   8.6;   0.3;   6;   12.150;   0;eor
     Leipzig;20150629;   3;   20.7;  12.8;   5.8; 1004.38;   55.00;   2.4;   27.0;   15.1;   13.6;   8.4;   0.0;   6;    6.900;   0;eor
     Leipzig;20150630;   3;   21.0;  12.3;   3.6; 1005.65;   51.92;   2.3;   26.1;   15.2;   12.9;   6.4;   0.0;   0;   12.633;   0;eor
     Leipzig;20150701;   3;   22.1;  11.1;   1.4; 1006.36;   44.46;   3.3;   28.6;   14.2;   12.5;   8.1;   0.0;   0;   15.700;   0;eor
     Leipzig;20150702;   3;   24.5;  12.6;   0.1; 1006.82;   44.21;   4.0;   31.9;   15.4;   13.8;   9.1;   0.0;   0;   15.617;   0;eor
     Leipzig;20150703;   3;   26.9;  14.6;   2.3; 1007.21;   44.21;   2.6;   34.9;   16.4;   14.6;   8.1;   0.0;   0;   13.117;   0;eor
     Leipzig;20150704;   3;   30.2;  16.4;   2.9; 1003.79;   41.67;   2.9;   37.0;   21.8;   18.2;  10.1;   0.0;   0;   13.883;   0;eor
     Leipzig;20150705;   3;   28.7;  16.4;   4.6;  999.73;   46.00;   2.9;   37.0;   19.7;   18.1;  20.7;  22.3;   6;   12.483;   0;eor
     Leipzig;20150706;   3;   21.3;  15.0;   4.7; 1003.12;   61.96;   3.3;   26.1;   16.9;   13.2;  10.7;   0.0;   6;    9.817;   0;eor
     Leipzig;20150707;   3;   23.7;  14.5;   2.8;  995.73;   55.21;   2.8;   33.2;   15.5;   12.0;  22.3;   2.1;   6;   13.433;   0;eor
     Leipzig;20150708;   3;   19.1;  13.6;   6.0;  992.85;   62.63;   7.3;   22.8;   15.1;   13.7;  19.3;   3.1;   6;    5.283;   0;eor
     Leipzig;20150709;   3;   14.9;  10.5;   4.5;  999.78;   63.50;   5.8;   19.7;   10.1;    7.4;  16.8;   2.1;   6;    7.300;   0;eor
     Leipzig;20150710;   3;   14.0;   8.8;   3.2; 1005.80;   57.08;   4.5;   19.4;    7.7;    6.1;  13.1;   0.0;   0;   10.917;   0;eor
     Leipzig;20150711;   3;   18.0;   9.6;   3.3; 1001.74;   50.08;   2.0;   24.9;   10.1;    6.4;   5.1;   0.0;   0;   10.817;   0;eor
     Leipzig;20150712;   3;   18.0;  14.3;   6.3; 1000.16;   71.17;   3.0;   24.7;   14.3;   10.5;  10.8;   4.0;   6;    3.417;   0;eor
     Leipzig;20150713;   3;   17.1;  15.9;   7.5;  999.64;   82.71;   5.2;   20.5;   14.6;   14.1;  11.7;   2.3;   6;    0.317;   0;eor
     Leipzig;20150714;   3;   19.2;  17.1;   7.0;  998.47;   78.67;   4.6;   24.3;   16.0;   15.7;  13.4;   3.6;   6;    2.600;   0;eor
     Leipzig;20150715;   3;   19.7;  14.5;   5.4; 1002.80;   65.38;   2.5;   24.9;   15.4;   14.4;   8.4;   0.0;   0;   10.150;   0;eor
     Leipzig;20150716;   3;   22.1;  15.4;   4.0; 1001.80;   59.92;   2.0;   27.8;   16.3;   13.5;   6.7;   0.0;   0;    9.633;   0;eor
     Leipzig;20150717;   3;   25.5;  15.4;   4.1;  998.48;   51.63;   2.8;   34.3;   16.4;   13.5;  11.9;   0.0;   6;    8.217;   0;eor
     Leipzig;20150718;   3;   23.2;  17.8;   4.8;  998.81;   63.67;   2.4;   29.3;   18.2;   15.3;  17.3;   0.3;   6;    7.450;   0;eor
     Leipzig;20150719;   3;   20.4;  19.0;   6.2;  994.48;   80.25;   3.7;   28.0;   15.1;   13.6;  16.2;   9.9;   6;    3.400;   0;eor
     Leipzig;20150720;   3;   20.7;  16.0;   4.3;  997.73;   68.00;   3.8;   26.3;   14.1;   12.0;   9.3;   2.1;   6;    9.400;   0;eor
     Leipzig;20150721;   3;   24.2;  18.9;   4.2;  997.65;   65.42;   4.1;   30.1;   19.5;   17.4;  13.5;   0.0;   0;    9.167;   0;eor
     Leipzig;20150722;   3;   25.1;  18.3;   5.7;  997.39;   59.50;   2.0;   31.7;   18.3;   15.9;  10.9;   9.0;   6;    9.783;   0;eor
     Leipzig;20150723;   3;   20.3;  15.6;   6.7;  999.46;   66.92;   2.3;   23.4;   16.8;   15.9;   7.4;   0.0;   0;    4.833;   0;eor
     Leipzig;20150724;   3;   21.5;  15.6;   4.6;  996.73;   61.88;   4.0;   27.2;   15.5;   13.2;  10.1;   1.4;   6;    9.400;   0;eor
     Leipzig;20150725;   3;   20.8;  14.2;   5.5;  988.95;   58.92;   9.1;   26.9;   14.7;   13.7;  22.0;   0.0;   6;    7.667;   0;eor
     Leipzig;20150726;   3;   16.8;   9.5;   6.1;  996.13;   51.46;   5.9;   21.1;   13.0;   12.6;  17.5;   0.2;   6;   10.850;   0;eor
     Leipzig;20150727;   3;   16.6;  14.7;   6.9;  987.87;   77.29;   4.8;   19.9;   13.6;   12.4;  13.1;   6.3;   6;    2.250;   0;eor
     Leipzig;20150728;   3;   17.4;  11.7;   6.2;  989.86;   60.54;   7.5;   21.2;   14.1;   13.2;  17.0;   0.0;   6;    8.233;   0;eor
     Leipzig;20150729;   3;   16.3;   9.7;   4.2;  992.05;   53.79;   6.1;   22.5;   11.9;    8.3;  19.1;   0.0;   0;    9.583;   0;eor
     Leipzig;20150730;   3;   15.5;   9.4;   2.9;  997.08;   55.33;   6.7;   21.2;   10.5;    6.7;  15.4;   0.0;   0;    8.733;   0;eor
     Leipzig;20150731;   3;   14.6;   9.3;   3.0; 1002.62;   58.75;   2.4;   20.5;    8.8;    3.9;   6.7;   0.0;   0;   11.050;   0;eor
     Leipzig;20150801;   3;   18.7;  10.3;   5.5; 1000.28;   51.13;   3.2;   26.9;   10.0;    8.0;   9.6;   0.0;   0;    9.400;   0;eor
     Leipzig;20150802;   3;   21.4;  11.1;   3.5; 1002.73;   48.04;   1.9;   28.7;   12.3;    8.2;   7.0;   0.0;   0;   13.917;   0;eor
     Leipzig;20150803;   3;   23.5;  13.5;   1.8; 1001.90;   49.96;   2.4;   31.2;   13.7;   10.4;   8.3;   0.0;   0;   14.200;   0;eor
     Leipzig;20150804;   3;   25.1;  16.1;   3.1;  997.78;   54.83;   3.6;   34.6;   17.7;   14.6;  16.5;   0.1;   6;   10.833;   0;eor
     Leipzig;20150805;   3;   20.3;  13.6;   4.9; 1002.99;   59.04;   2.1;   25.4;   16.5;   14.2;   8.5;   0.0;   0;    8.650;   0;eor
     Leipzig;20150806;   3;   25.7;  13.2;   3.3; 1000.10;   44.75;   2.5;   34.6;   15.9;   12.6;   7.3;   0.0;   0;   14.250;   0;eor
     Leipzig;20150807;   3;   27.8;  16.2;   3.5;  999.82;   45.00;   2.5;   35.0;   18.9;   16.5;   9.7;   0.0;   0;    8.833;   0;eor
     Leipzig;20150808;   3;   24.7;  17.7;   3.0; 1001.79;   59.04;   3.8;   31.8;   18.6;   15.5;  13.4;   0.0;   0;   11.483;   0;eor
     Leipzig;20150809;   3;   23.1;  17.1;   3.4; 1003.78;   62.50;   2.5;   29.3;   17.1;   16.6;   6.9;   0.0;   0;   11.783;   0;eor
     Leipzig;20150810;   3;   26.2;  17.2;   2.2;  998.89;   53.38;   3.8;   34.1;   17.2;   16.6;  10.5;   0.0;   0;   11.967;   0;eor
     Leipzig;20150811;   3;   24.6;  18.6;   2.8;  999.83;   61.33;   3.7;   30.2;   19.1;   16.0;  10.5;   0.0;   0;   13.600;   0;eor
     Leipzig;20150812;   3;   23.5;  18.2;   4.1; 1004.36;   65.04;   2.6;   30.7;   17.8;   16.6;   7.2;   0.0;   0;   10.367;   0;eor
     Leipzig;20150813;   3;   24.3;  18.5;   2.1; 1001.48;   63.38;   4.3;   31.5;   16.5;   15.3;  12.3;   3.1;   6;   12.633;   0;eor
     Leipzig;20150814;   3;   26.0;  18.1;   5.2;  992.73;   57.46;   4.5;   35.8;   19.6;   17.4;  13.6;   3.5;   6;    9.167;   0;eor
     Leipzig;20150815;   3;   22.6;  19.9;   4.8;  992.42;   73.67;   3.1;   28.5;   18.2;   14.5;   9.7;   0.0;   0;    9.917;   0;eor
     Leipzig;20150816;   3;   20.7;  20.7;   6.3;  993.58;   85.25;   1.6;   25.1;   17.1;   13.4;   6.3;  21.1;   6;    0.683;   0;eor
     Leipzig;20150817;   3;   18.4;  20.0;   7.9;  993.63;   94.42;   3.1;   21.1;   14.7;   14.7;   8.9;  29.1;   6;    0.000;   0;eor
     Leipzig;20150818;   3;   15.3;  16.6;   8.0;  998.37;   95.54;   3.6;   16.3;   14.5;   14.4;   7.1;  18.7;   6;    0.000;   0;eor
     Leipzig;20150819;   3;   15.5;  16.1;   7.6; 1004.16;   91.63;   1.7;   17.0;   13.9;   13.5;   4.5;   0.8;   6;    0.000;   0;eor
     Leipzig;20150820;   3;   16.8;  15.4;   6.4; 1008.08;   81.54;   1.5;   21.2;   13.3;   10.4;   4.3;   0.0;   6;    5.333;   0;eor
     Leipzig;20150821;   3;   18.3;  12.8;   1.8; 1008.89;   65.50;   1.9;   24.6;   11.6;    7.9;   6.4;   0.0;   0;   13.050;   0;eor
     Leipzig;20150822;   3;   18.7;  11.2;   1.0; 1005.18;   55.13;   2.8;   24.8;   11.9;    7.5;   9.3;   0.0;   0;   12.650;   0;eor
     Leipzig;20150823;   3;   18.7;  12.0;   3.8;  997.01;   57.67;   4.6;   24.9;   12.1;    8.8;  11.4;   8.2;   6;   12.467;   0;eor
     Leipzig;20150824;   3;   20.7;  18.1;   6.7;  991.26;   76.08;   4.5;   27.4;   16.3;   15.0;  17.6;  11.3;   6;    8.033;   0;eor
     Leipzig;20150825;   3;   17.2;  14.0;   6.0;  998.32;   72.13;   6.6;   20.7;   13.5;   10.2;  17.9;   0.0;   0;    4.133;   0;eor
     Leipzig;20150826;   3;   19.9;  13.1;   5.9; 1000.54;   58.04;   4.3;   26.8;   13.9;   12.3;  10.4;   0.0;   0;   10.783;   0;eor
     Leipzig;20150827;   3;   21.4;  15.0;   6.7;  995.33;   59.79;   4.1;   27.6;   16.3;   14.6;  11.0;   5.6;   6;    5.083;   0;eor
     Leipzig;20150828;   3;   16.7;  16.4;   6.4; 1001.55;   86.08;   2.2;   19.1;   13.6;   10.9;  11.2;   2.0;   6;    0.483;   0;eor
     Leipzig;20150829;   3;   18.3;  16.4;   3.5; 1007.33;   78.96;   2.2;   23.6;   11.8;    8.8;   5.7;   0.0;   0;   11.567;   0;eor
     Leipzig;20150830;   3;   23.9;  20.1;   3.1; 1002.30;   69.46;   2.1;   31.8;   15.5;   13.5;   6.2;   0.0;   0;   11.700;   0;eor
     Leipzig;20150831;   3;   26.2;  21.6;   3.4;  996.05;   66.29;   1.7;   33.9;   19.0;   15.4;   5.1;   0.0;   0;   11.533;   0;eor
     Leipzig;20150901;   3;   20.9;  18.1;   3.8;  993.80;   74.58;   2.9;   28.9;   14.1;   12.8;  14.2;   4.9;   6;    7.917;   0;eor
     Leipzig;20150902;   3;   15.8;  12.2;   3.0; 1000.29;   70.25;   2.8;   21.0;   11.0;    8.6;   7.9;   2.9;   6;   10.050;   0;eor
     Leipzig;20150903;   3;   14.7;  14.5;   6.8;  998.16;   86.50;   2.0;   16.9;   11.5;    8.3;  11.3;   2.2;   6;    0.500;   0;eor
     Leipzig;20150904;   3;   14.0;  11.4;   4.0;  997.76;   73.08;   3.6;   18.9;    9.7;    6.9;  10.6;   0.2;   6;    8.000;   0;eor
     Leipzig;20150905;   3;   13.8;  11.4;   5.0;  995.92;   72.29;   7.1;   19.7;   10.0;    8.8;  14.5;   0.1;   6;    5.867;   0;eor
     Leipzig;20150906;   3;   12.0;  11.2;   6.3;  999.93;   80.00;   7.8;   15.7;    9.7;    8.5;  16.0;   2.0;   6;    0.300;   0;eor
     Leipzig;20150907;   3;   12.3;  10.8;   5.2; 1005.48;   76.54;   4.0;   16.6;    7.6;    4.5;  10.5;   1.5;   6;    5.767;   0;eor
     Leipzig;20150908;   3;   13.1;  11.0;   4.6; 1007.34;   73.83;   2.7;   18.8;    6.9;    3.8;   7.4;   0.4;   6;    7.100;   0;eor
     Leipzig;20150909;   3;   13.2;  10.9;   3.8; 1008.17;   73.25;   2.6;   17.8;    8.9;    5.3;   7.5;   0.0;   0;    8.833;   0;eor
     Leipzig;20150910;   3;   11.7;  11.3;   4.8; 1007.83;   83.54;   3.0;   18.0;    7.6;    5.7;  14.7;   0.4;   6;    4.400;   0;eor
     Leipzig;20150911;   3;   13.0;  12.5;   5.1; 1003.76;   84.71;   3.2;   18.8;    9.3;    7.9;   7.8;   0.0;   6;    5.867;   0;eor
     Leipzig;20150912;   3;   16.5;  13.3;   4.6; 1000.52;   73.75;   2.9;   23.7;    7.5;    4.8;   7.8;   0.0;   6;   10.517;   0;eor
     Leipzig;20150913;   3;   19.8;  15.5;   6.9;  995.12;   67.92;   3.0;   24.9;   16.2;   14.4;   8.3;   0.0;   6;    4.450;   0;eor
     Leipzig;20150914;   3;   16.1;  15.2;   5.4;  989.07;   82.71;   4.4;   19.6;   12.4;   10.0;  22.0;   3.8;   6;    2.800;   0;eor
     Leipzig;20150915;   3;   14.8;  11.8;   4.5;  992.63;   70.92;   4.1;   20.4;   10.1;    6.7;  10.9;   0.0;   6;    4.117;   0;eor
     Leipzig;20150916;   3;   16.3;  14.9;   6.2;  986.42;   80.04;   3.6;   21.5;   10.6;    6.2;   7.5;   2.2;   6;    1.083;   0;eor
     Leipzig;20150917;   3;   17.7;  15.2;   5.9;  987.54;   76.33;   5.4;   23.6;   13.9;   12.0;  11.9;   4.4;   6;    4.333;   0;eor
     Leipzig;20150918;   3;   14.8;  12.7;   4.8; 1000.37;   76.21;   3.3;   19.0;   11.4;    9.1;   8.4;   0.1;   6;    3.867;   0;eor
     Leipzig;20150919;   3;   14.0;  13.1;   4.3; 1004.50;   82.25;   3.1;   18.7;    9.8;    6.3;   6.7;   1.0;   6;    6.067;   0;eor
     Leipzig;20150920;   3;   12.3;  12.2;   6.7; 1005.08;   85.96;   3.8;   16.5;   10.0;    7.9;  11.0;   2.2;   6;    2.233;   0;eor
     Leipzig;20150921;   3;   12.9;  12.7;   6.4;  999.99;   86.38;   3.1;   17.2;    9.7;    8.0;   6.8;   0.0;   0;    2.083;   0;eor
     Leipzig;20150922;   3;   13.7;  12.3;   6.7;  989.84;   79.25;   4.3;   18.2;   10.6;    9.2;   9.2;   3.8;   6;    2.183;   0;eor
     Leipzig;20150923;   3;   12.6;  11.6;   6.0;  993.43;   80.00;   3.5;   15.9;    9.8;    7.8;   7.4;   0.0;   0;    1.400;   0;eor
     Leipzig;20150924;   3;   13.0;  11.5;   3.5; 1002.55;   77.83;   3.5;   18.7;    8.0;    6.4;   8.9;   0.0;   0;    8.667;   0;eor
     Leipzig;20150925;   3;   13.2;  12.1;   6.9; 1005.00;   79.58;   2.3;   17.7;    9.2;    6.6;   4.8;   0.0;   6;    3.400;   0;eor
     Leipzig;20150926;   3;   12.6;  11.1;   5.7; 1009.66;   76.75;   2.1;   16.9;    8.6;    5.2;   6.3;   0.0;   6;    3.783;   0;eor
     Leipzig;20150927;   3;   10.7;   9.8;   3.2; 1015.45;   76.96;   2.2;   16.1;    6.5;    1.4;   7.7;   0.0;   0;    4.550;   0;eor
     Leipzig;20150928;   3;   10.8;   9.2;   2.4; 1019.78;   73.67;   1.9;   17.2;    5.3;    1.1;   6.0;   0.0;   0;    9.833;   0;eor
     Leipzig;20150929;   3;   10.6;   9.8;   3.4; 1020.58;   77.83;   2.9;   16.0;    5.1;    2.4;   8.9;   0.0;   0;    7.750;   0;eor
     Leipzig;20150930;   3;   10.3;   8.8;   3.3; 1019.19;   72.00;   2.6;   15.6;    5.7;    3.8;   9.4;   0.0;   0;    6.083;   0;eor
     Leipzig;20151001;   3;    9.2;   7.8;   0.8; 1015.82;   70.17;   2.8;   15.2;    3.1;   -0.5;   7.9;   0.0;   0;   11.150;   0;eor
     Leipzig;20151002;   3;   10.1;   8.4;   1.0; 1009.51;   70.92;   2.3;   17.9;    2.1;   -2.0;   7.2;   0.0;   0;   11.067;   0;eor
     Leipzig;20151003;   3;   12.8;  10.5;   3.3; 1000.02;   72.38;   1.9;   20.6;    5.0;    1.7;   5.8;   0.0;   0;    9.867;   0;eor
     Leipzig;20151004;   3;   13.8;  11.8;   5.8;  999.81;   75.71;   2.1;   19.6;    8.9;    4.5;   4.7;   0.0;   0;    6.167;   0;eor
     Leipzig;20151005;   3;   13.6;  11.9;   4.1;  999.48;   77.63;   2.0;   20.0;    7.0;    3.4;   6.3;   0.4;   6;    8.867;   0;eor
     Leipzig;20151006;   3;   14.2;  14.1;   7.3;  992.70;   86.71;   3.7;   17.8;   10.1;    7.7;   8.3;   6.1;   6;    0.367;   0;eor
     Leipzig;20151007;   3;   15.4;  16.4;   7.7;  995.50;   93.46;   2.5;   18.2;   13.7;   13.2;   5.7;  13.2;   6;    0.367;   0;eor
     Leipzig;20151008;   3;   13.5;  14.7;   7.9; 1002.03;   94.63;   2.2;   15.0;    9.7;   10.0;   5.9;   0.9;   6;    0.000;   0;eor
     Leipzig;20151009;   3;    9.3;  10.7;   7.9; 1005.22;   91.08;   2.7;   12.0;    6.0;    4.5;   6.0;   0.2;   6;    0.317;   0;eor
     Leipzig;20151010;   3;    6.0;   6.4;   4.4; 1005.45;   69.04;   3.6;   10.8;    2.6;    1.4;   9.2;   0.0;   0;    8.267;   0;eor
     Leipzig;20151011;   3;    4.0;   5.2;   0.2; 1004.78;   64.71;   4.4;    8.9;    0.3;   -2.8;  11.7;   0.0;   0;   10.467;   0;eor
     Leipzig;20151012;   3;    3.0;   5.5;   2.2; 1004.73;   74.17;   3.4;    8.2;   -1.3;   -2.5;   8.2;   0.0;   0;    9.650;   0;eor
     Leipzig;20151013;   3;    3.0;   6.3;   7.4; 1002.97;   83.33;   3.6;    4.1;    1.3;   -0.4;   6.7;   2.4;   8;    0.000;   0;eor
     Leipzig;20151014;   3;    2.7;   7.0;   8.0; 1002.23;   94.29;   1.9;    3.9;    1.0;    0.5;   7.4;   7.8;   8;    0.000;   0;eor
     Leipzig;20151015;   3;    6.0;   9.3;   8.0;  998.85;   98.83;   2.5;    7.0;    3.7;    3.8;   9.1;  11.9;   6;    0.000;   0;eor
     Leipzig;20151016;   3;    6.9;   9.8;   8.0; 1000.23;   98.50;   1.7;    7.4;    6.5;    6.6;   4.9;   5.0;   6;    0.000;   0;eor
     Leipzig;20151017;   3;    7.2;   9.7;   7.8; 1002.19;   95.88;   1.0;    8.1;    6.4;    6.2;   3.3;   0.1;   6;    0.050;   0;eor
     Leipzig;20151018;   3;    7.4;   9.6;   7.1; 1002.72;   93.17;   1.0;    9.5;    4.0;    0.0;   3.2;   0.0;   6;    0.000;   0;eor
     Leipzig;20151019;   3;    6.2;   9.0;   7.7; 1004.05;   95.29;   2.0;    7.9;    3.3;    0.5;   5.2;   1.3;   6;    0.000;   0;eor
     Leipzig;20151020;   3;    8.1;  10.5;   8.0; 1004.28;   96.96;   2.1;    9.4;    6.8;    6.4;   6.9;   1.5;   6;    0.000;   0;eor
     Leipzig;20151021;   3;    8.3;   9.9;   7.4; 1003.48;   90.00;   2.8;   10.5;    5.7;    4.2;   5.1;   0.0;   6;    0.050;   0;eor
     Leipzig;20151022;   3;    8.7;  10.1;   7.0;  999.20;   89.33;   5.1;   10.8;    5.3;    3.7;  10.4;   0.0;   6;    0.433;   0;eor
     Leipzig;20151023;   3;    9.8;  10.1;   5.7; 1006.42;   83.83;   3.4;   13.7;    4.7;   -0.1;   8.6;   0.0;   0;    3.650;   0;eor
     Leipzig;20151024;   3;    7.9;   9.2;   5.0; 1003.76;   86.96;   3.3;   14.4;    3.1;   -0.8;   8.1;   0.1;   6;    8.717;   0;eor
     Leipzig;20151025;   3;    9.8;  10.9;   7.6; 1006.98;   90.25;   2.5;   13.1;    6.8;    4.1;   6.1;   0.0;   6;    0.050;   0;eor
     Leipzig;20151026;   3;    8.2;  10.2;   6.0; 1008.15;   94.13;   3.1;   12.1;    5.4;    2.6;   7.3;   0.0;   0;    5.333;   0;eor
     Leipzig;20151027;   3;    7.5;   9.1;   2.0; 1003.23;   88.42;   2.7;   14.6;    2.9;   -0.4;   5.9;   0.0;   0;    8.433;   0;eor
     Leipzig;20151028;   3;    6.6;   8.6;   2.3;  998.05;   88.50;   2.3;   13.1;    1.5;   -1.6;   4.7;   0.0;   0;    8.017;   0;eor
     Leipzig;20151029;   3;    7.9;  10.1;   7.1; 1002.28;   94.46;   2.0;   10.4;    3.7;    0.4;   5.2;   0.0;   0;    0.000;   0;eor
     Leipzig;20151030;   3;    8.0;  10.2;   6.9; 1012.37;   94.96;   2.1;   10.1;    5.7;    4.3;   5.2;   0.0;   0;    1.583;   0;eor
     Leipzig;20151031;   3;    8.5;   9.2;   4.1; 1014.11;   84.13;   2.6;   15.5;    5.1;    0.1;   6.4;   0.0;   0;    7.767;   0;eor
     Leipzig;20151101;   3;    9.2;   8.7;   2.8; 1014.57;   75.96;   3.0;   17.0;    3.8;   -1.1;   6.6;   0.0;   0;    9.133;   0;eor
     Leipzig;20151102;   3;    7.1;   7.7;   1.9; 1012.06;   78.38;   2.2;   15.2;    1.8;   -3.0;   6.7;   0.0;   0;    9.117;   0;eor
     Leipzig;20151103;   3;    5.2;   6.8;   0.6; 1005.74;   78.67;   2.2;   13.4;   -0.4;   -4.4;   5.8;   0.0;   0;    9.000;   0;eor
     Leipzig;20151104;   3;    8.0;   8.9;   5.5; 1004.40;   81.83;   3.2;   15.1;   -0.2;   -4.1;   7.0;   0.0;   6;    3.150;   0;eor
     Leipzig;20151105;   3;   11.5;  11.5;   5.8; 1005.52;   84.96;   2.6;   17.5;    8.6;    4.5;   4.9;   0.2;   6;    2.850;   0;eor
     Leipzig;20151106;   3;   12.6;  12.1;   6.8; 1005.48;   82.88;   3.7;   16.5;    8.8;    7.2;   8.0;   7.1;   6;    0.583;   0;eor
     Leipzig;20151107;   3;   15.6;  15.3;   6.8; 1006.15;   86.29;   5.0;   19.5;   12.3;   11.7;  10.9;   0.0;   6;    2.250;   0;eor
     Leipzig;20151108;   3;   13.1;  11.8;   5.0; 1009.76;   78.25;   3.7;   17.0;    8.7;    3.9;  10.8;   0.3;   6;    6.883;   0;eor
     Leipzig;20151109;   3;   14.5;  12.4;   6.5; 1003.48;   75.38;   6.2;   17.5;   11.9;   11.2;  13.9;   0.6;   6;    2.167;   0;eor
     Leipzig;20151110;   3;   14.3;  12.1;   7.3; 1003.71;   74.00;   7.6;   15.4;   13.4;   12.1;  15.6;   2.0;   6;    0.000;   0;eor
     Leipzig;20151111;   3;   12.6;  12.5;   7.0; 1006.20;   85.46;   6.0;   15.5;    9.0;    5.6;  10.7;   0.3;   6;    1.817;   0;eor
     Leipzig;20151112;   3;   11.2;  10.4;   6.7; 1008.78;   78.38;   4.8;   14.7;    8.8;    3.0;  10.6;   0.0;   0;    1.783;   0;eor
     Leipzig;20151113;   3;   11.4;  10.4;   7.3; 1005.11;   77.04;   5.8;   13.8;    7.3;    5.6;  16.0;   0.6;   6;    0.933;   0;eor
     Leipzig;20151114;   3;    7.0;   7.8;   5.0; 1005.84;   78.21;   7.1;    8.6;    4.8;    2.9;  15.8;   8.0;   6;    2.767;   0;eor
     Leipzig;20151115;   3;   10.4;  11.7;   8.0;  992.92;   92.38;   9.2;   12.8;    6.8;    6.4;  18.7;   6.3;   6;    0.000;   0;eor
     Leipzig;20151116;   3;   11.1;  10.9;   7.0;  997.21;   82.29;   7.0;   12.6;    9.2;    8.0;  12.2;   3.9;   6;    0.367;   0;eor
     Leipzig;20151117;   3;   12.1;  11.8;   7.1;  992.73;   83.25;   7.1;   14.9;    9.4;    9.0;  16.8;   1.3;   6;    0.483;   0;eor
     Leipzig;20151118;   3;   12.5;   9.7;   5.3;  993.30;   66.83;   9.8;   15.1;    9.9;    7.6;  23.9;   0.0;   6;    1.717;   0;eor
     Leipzig;20151119;   3;   11.1;   9.9;   6.9;  993.16;   75.50;   9.1;   14.1;    7.2;    6.4;  20.1;   5.7;   6;    2.050;   0;eor
     Leipzig;20151120;   3;    6.7;   8.5;   7.1;  987.08;   86.25;   4.5;    8.6;    4.0;    2.6;   9.4;   0.1;   6;    0.000;   0;eor
     Leipzig;20151121;   3;    3.7;   6.7;   5.8;  979.99;   84.58;   4.4;    6.5;   -0.2;   -2.8;   9.3;   1.0;   8;    1.633;   0;eor
     Leipzig;20151122;   3;    1.0;   5.9;   5.7;  986.40;   89.17;   4.6;    4.1;   -1.7;   -3.0;  12.1;   3.3;   7;    3.033;   0;eor
     Leipzig;20151123;   3;    0.0;   5.8;   6.6; 1002.53;   94.58;   3.5;    2.0;   -2.5;   -5.6;   8.3;   0.1;   7;    0.017;   2;eor
     Leipzig;20151124;   3;    1.0;   5.4;   5.8; 1003.13;   82.88;   5.1;    3.8;   -2.1;   -3.7;  11.6;   0.0;   7;    4.683;   0;eor
     Leipzig;20151125;   3;    2.8;   6.3;   7.3;  990.15;   83.54;   5.1;    4.8;    0.8;   -0.8;  10.2;   0.1;   8;    0.150;   0;eor
     Leipzig;20151126;   3;    3.0;   7.0;   5.8;  998.01;   92.17;   2.6;    5.7;   -0.6;   -4.1;   7.4;   0.0;   6;    0.417;   0;eor
     Leipzig;20151127;   3;    1.2;   6.2;   3.5; 1001.99;   92.63;   3.3;    5.4;   -1.5;   -3.8;   6.2;   0.0;   0;    3.567;   0;eor
     Leipzig;20151128;   3;    0.6;   5.9;   3.5;  994.65;   91.38;   6.1;    3.3;   -2.0;   -3.7;  11.3;   3.8;   8;    0.633;   0;eor
     Leipzig;20151129;   3;    6.4;   7.7;   7.8;  992.69;   79.63;   9.3;   10.8;    2.7;    1.4;  23.7;   6.5;   6;    0.000;   0;eor
     Leipzig;20151130;   3;    7.0;   8.2;   7.5;  995.45;   81.92;   8.2;   10.1;    5.2;    4.3;  20.1;   2.9;   6;    0.483;   0;eor
     Leipzig;20151201;   3;    7.0;   8.4;   7.2; 1003.60;   83.08;   6.2;   10.4;    4.7;    2.9;  18.5;   0.4;   6;    0.317;   0;eor
     Leipzig;20151202;   3;    9.0;   9.5;   7.4; 1010.14;   82.58;   6.0;   10.1;    6.4;    6.0;  11.1;   0.0;   0;    0.000;   0;eor
     Leipzig;20151203;   3;    6.8;   7.5;   5.6; 1012.50;   75.88;   4.9;    9.5;    3.8;   -0.1;   9.3;   0.0;   0;    5.700;   0;eor
     Leipzig;20151204;   3;    6.2;   7.9;   3.9; 1009.89;   83.08;   6.8;    8.3;    4.1;    2.3;  16.3;   0.9;   6;    0.000;   0;eor
     Leipzig;20151205;   3;    5.9;   7.3;   5.0; 1011.50;   79.04;   7.4;    8.9;    3.0;    1.4;  14.9;   0.0;   0;    3.617;   0;eor
     Leipzig;20151206;   3;    8.3;   8.2;   5.1; 1007.78;   75.38;   8.7;   10.6;    6.2;    4.5;  17.7;   0.0;   6;    3.883;   0;eor
     Leipzig;20151207;   3;    9.9;  10.1;   7.2; 1015.30;   82.67;   3.8;   12.2;    6.4;    2.7;   9.3;   0.0;   0;    0.000;   0;eor
     Leipzig;20151208;   3;    6.5;   8.4;   1.5; 1014.75;   86.88;   3.2;   11.2;    2.9;   -0.2;   8.1;   0.2;   6;    7.550;   0;eor
     Leipzig;20151209;   3;    5.2;   7.9;   4.4; 1016.65;   88.33;   4.4;    8.7;    0.8;   -2.9;   9.3;   1.1;   6;    0.350;   0;eor
     Leipzig;20151210;   3;    2.7;   6.4;   2.9; 1017.03;   86.96;   5.0;    6.9;    0.3;   -2.0;   9.3;   0.0;   0;    6.950;   0;eor
     Leipzig;20151211;   3;    4.1;   6.7;   7.0; 1006.37;   81.21;   7.7;    6.0;    1.0;   -0.1;  15.9;   0.2;   6;    0.000;   0;eor
     Leipzig;20151212;   3;    4.8;   7.2;   5.9; 1004.25;   84.00;   5.7;    7.4;    2.1;   -0.2;  12.7;   0.0;   6;    3.417;   0;eor
     Leipzig;20151213;   3;    5.7;   7.4;   5.1; 1001.56;   80.17;   6.9;   10.2;   -0.4;   -4.7;  20.6;   1.1;   6;    1.083;   0;eor
     Leipzig;20151214;   3;    2.2;   6.8;   6.0; 1007.21;   92.92;   3.1;    6.1;   -1.4;   -4.7;   7.2;   0.0;   6;    1.083;   0;eor
     Leipzig;20151215;   3;    5.6;   8.2;   7.3; 1007.78;   89.38;   2.8;    7.1;    3.8;    0.1;   6.3;   0.0;   0;    0.167;   0;eor
     Leipzig;20151216;   3;    7.6;   9.0;   7.2; 1009.75;   86.54;   4.3;    9.4;    5.5;    4.7;  10.6;   1.2;   6;    3.200;   0;eor
     Leipzig;20151217;   3;   10.8;  11.7;   7.5; 1006.42;   89.92;   6.0;   13.0;    8.4;    7.9;  10.8;   2.8;   6;    0.017;   0;eor
     Leipzig;20151218;   3;   10.5;  11.7;   7.3; 1005.57;   91.67;   4.8;   11.6;    7.5;    4.5;   9.9;   3.8;   6;    0.000;   0;eor
     Leipzig;20151219;   3;    8.8;  10.1;   3.7; 1006.43;   88.38;   4.4;   12.4;    6.6;    4.6;   7.7;   0.0;   0;    3.233;   0;eor
     Leipzig;20151220;   3;    9.2;   9.5;   4.3; 1003.72;   81.88;   5.3;   13.2;    5.7;    3.9;   9.8;   0.1;   6;    4.983;   0;eor
     Leipzig;20151221;   3;    9.5;   9.5;   6.7; 1004.27;   79.83;   7.4;   11.0;    8.0;    6.5;  18.3;   2.1;   6;    0.550;   0;eor
     Leipzig;20151222;   3;   11.1;  10.1;   6.7; 1005.88;   76.67;   8.7;   12.6;    9.2;    6.2;  19.5;   0.1;   6;    0.083;   0;eor
     Leipzig;20151223;   3;    9.3;   8.7;   3.7; 1007.72;   74.83;   6.8;   12.1;    4.2;    0.3;  14.9;   0.0;   6;    3.483;   0;eor
     Leipzig;20151224;   3;    7.6;   8.9;   5.0; 1008.42;   84.92;   5.2;   12.2;    3.1;    0.1;  11.3;   0.2;   6;    6.367;   0;eor
     Leipzig;20151225;   3;    9.5;   9.6;   7.2; 1009.86;   80.67;   5.2;   11.9;    7.1;    5.6;  13.4;   0.1;   6;    0.083;   0;eor
     Leipzig;20151226;   3;   12.3;  10.4;   6.3; 1008.43;   73.08;   8.3;   14.9;    9.3;    6.9;  15.1;   0.0;   0;    4.117;   0;eor
     Leipzig;20151227;   3;    9.4;   9.2;   6.2; 1010.16;   78.21;   5.6;   11.1;    6.5;    4.6;  10.8;   0.0;   0;    1.083;   0;eor
     Leipzig;20151228;   3;    9.4;   9.8;   7.3; 1014.01;   82.71;   3.8;   10.8;    5.0;    3.8;   8.6;   0.0;   0;    0.000;   0;eor
     Leipzig;20151229;   3;    5.1;   8.1;   6.5; 1013.39;   92.25;   4.7;    8.7;    2.1;    0.4;   9.3;   0.0;   0;    3.800;   0;eor
     Leipzig;20151230;   3;    3.4;   6.4;   4.9; 1014.15;   81.29;   4.2;    6.3;   -1.6;   -4.0;   8.7;   0.0;   0;    2.950;   0;eor
     Leipzig;20151231;   3;    0.5;   5.0;   6.3; 1007.49;   77.83;   4.5;    3.5;   -4.8;   -7.8;  10.3;   1.9;   6;    3.700;   0;eor
     Leipzig;20160101;   3;    2.7;   6.8;   4.5; 1009.18;   91.63;   4.1;    6.0;   -1.3;   -4.5;   9.4;   0.0;   6;    6.600;   0;eor
     Leipzig;20160102;   3;   -1.6;   5.2;   7.3; 1003.40;   93.67;   6.8;    1.5;   -5.2;   -5.2;  14.2;   0.0;   6;    0.350;   0;eor
     Leipzig;20160103;   3;   -5.1;   3.5;   7.5;  996.00;   83.42;   7.5;   -3.9;   -7.2;   -6.6;  12.9;   0.0;   0;    0.017;   0;eor
     Leipzig;20160104;   3;   -4.7;   3.9;   8.0;  979.85;   89.33;   5.3;   -3.0;   -7.2;   -6.6;   9.9;   1.6;   7;    0.000;   0;eor
     Leipzig;20160105;   3;   -5.4;   3.8;   8.0;  981.70;   93.88;   4.2;   -4.0;   -6.8;   -6.6;   7.7;   1.4;   8;    0.000;   4;eor
     Leipzig;20160106;   3;   -6.7;   3.5;   8.0;  986.56;   96.08;   2.9;   -6.1;   -7.4;   -7.2;   6.7;   0.5;   8;    0.000;   6;eor
     Leipzig;20160107;   3;   -3.6;   4.5;   7.0;  984.40;   94.63;   4.2;    2.6;   -6.3;   -6.1;   8.7;   1.7;   6;    1.417;   6;eor
     Leipzig;20160108;   3;    3.2;   5.9;   2.6;  985.64;   76.92;   8.2;    6.3;   -1.1;   -4.4;  19.0;   0.0;   0;    7.417;   2;eor
     Leipzig;20160109;   3;    0.5;   5.7;   3.5;  988.40;   89.75;   4.0;    4.7;   -2.3;   -5.8;   7.7;   0.0;   0;    3.083;   0;eor
     Leipzig;20160110;   3;    3.6;   7.1;   6.1;  981.03;   90.08;   4.8;    7.6;    0.7;   -0.8;   9.3;   2.3;   6;    1.617;   0;eor
     Leipzig;20160111;   3;    4.3;   7.8;   7.3;  975.78;   93.25;   3.3;    5.8;    2.8;    1.2;   7.2;   9.3;   6;    0.000;   0;eor
     Leipzig;20160112;   3;    4.3;   7.4;   6.5;  977.98;   89.00;   5.6;    7.3;    0.9;   -1.9;  10.8;   0.1;   6;    0.650;   0;eor
     Leipzig;20160113;   3;    2.7;   6.4;   6.2;  989.55;   86.50;   6.3;    4.5;   -1.0;   -3.5;  19.4;   1.7;   8;    0.000;   0;eor
     Leipzig;20160114;   3;    1.9;   5.9;   5.9;  993.53;   84.58;   4.7;    4.2;   -0.8;   -2.6;  11.5;   2.2;   8;    5.600;   0;eor
     Leipzig;20160115;   3;    1.1;   6.2;   7.3;  991.16;   93.00;   3.4;    4.1;   -1.3;   -1.1;   7.7;   0.0;   8;    1.633;   1;eor
     Leipzig;20160116;   3;   -0.4;   5.3;   7.8; 1001.27;   89.50;   3.4;    1.0;   -1.7;   -3.0;  10.1;   0.2;   7;    0.000;   0;eor
     Leipzig;20160117;   3;   -1.6;   5.0;   7.8; 1004.90;   91.88;   3.7;   -0.7;   -2.4;   -3.4;   9.9;   0.4;   7;    0.000;   0;eor
     Leipzig;20160118;   3;   -4.4;   3.8;   4.6; 1005.70;   87.42;   1.9;   -0.9;   -7.5;  -13.7;   5.1;   0.0;   7;    4.900;   2;eor
     Leipzig;20160119;   3;   -6.2;   3.2;   3.2;  999.93;   84.17;   4.0;   -2.4;   -9.4;  -14.9;   8.7;   0.5;   7;    7.867;   0;eor
     Leipzig;20160120;   3;   -2.3;   4.7;   7.6;  999.08;   89.46;   5.2;   -0.5;   -5.0;   -6.7;  10.3;   0.4;   7;    0.000;   2;eor
     Leipzig;20160121;   3;   -4.5;   3.8;   4.6; 1010.95;   86.38;   2.4;   -1.7;   -9.0;  -13.9;   6.2;   0.0;   7;    2.233;   2;eor
     Leipzig;20160122;   3;   -6.5;   3.0;   0.7; 1013.83;   79.08;   4.0;   -0.4;  -11.8;  -16.9;  11.3;   3.4;   8;    8.233;   2;eor
     Leipzig;20160123;   3;    0.5;   5.9;   7.6; 1011.60;   91.21;   5.8;    3.4;   -3.6;   -4.0;  10.8;   1.5;   8;    0.000;   6;eor
     Leipzig;20160124;   3;    3.3;   7.0;   7.3; 1014.58;   90.21;   4.5;    5.0;    1.7;    0.6;   9.3;   1.9;   6;    0.067;   2;eor
     Leipzig;20160125;   3;    6.9;   9.5;   6.7; 1009.54;   94.67;   5.9;   10.1;    3.9;    2.5;   9.3;   0.2;   6;    0.000;   0;eor
     Leipzig;20160126;   3;    8.5;   9.2;   6.6; 1006.00;   82.08;   5.7;   11.9;    4.5;    2.6;  14.4;   1.7;   6;    0.600;   0;eor
     Leipzig;20160127;   3;   10.3;   8.3;   7.2;  999.72;   66.63;   8.9;   12.0;    7.8;    6.4;  16.8;   0.0;   6;    0.967;   0;eor
     Leipzig;20160128;   3;    7.1;   7.1;   6.0; 1004.10;   69.92;   5.7;   11.5;    0.7;   -2.4;  15.9;   2.0;   6;    4.350;   0;eor
     Leipzig;20160129;   3;    5.7;   6.3;   5.8; 1006.98;   69.50;   8.1;    9.6;    0.3;   -3.3;  18.0;   0.0;   6;    3.833;   0;eor
     Leipzig;20160130;   3;    7.4;   7.7;   6.9;  995.00;   74.63;  10.5;    8.9;    3.3;    2.7;  19.4;   0.8;   6;    0.250;   0;eor
     Leipzig;20160131;   3;    3.6;   6.5;   6.5;  992.83;   81.92;   7.4;    6.0;    1.1;   -0.1;  15.8;   3.4;   6;    2.083;   0;eor
     Leipzig;20160201;   3;    8.8;   9.7;   7.6;  996.58;   86.00;   6.9;   12.4;    4.6;    4.3;  20.1;   1.2;   6;    0.000;   0;eor
     Leipzig;20160202;   3;    8.8;   9.9;   7.5;  995.81;   87.38;   8.7;   11.1;    4.4;    3.3;  19.2;  10.1;   6;    0.000;   0;eor
     Leipzig;20160203;   3;    4.2;   6.3;   5.0;  998.14;   76.79;   7.2;    7.6;    1.8;   -0.1;  14.2;   0.0;   6;    3.550;   0;eor
     Leipzig;20160204;   3;    3.2;   6.5;   7.5; 1003.16;   84.33;   7.3;    4.6;    2.1;    1.1;  15.8;   0.0;   6;    0.000;   0;eor
     Leipzig;20160205;   3;    4.0;   7.2;   7.5; 1007.44;   88.67;   5.1;    6.4;    1.5;   -0.8;  11.3;   2.7;   6;    0.350;   0;eor
     Leipzig;20160206;   3;    7.6;   8.1;   5.2;  998.68;   77.83;   6.3;   11.8;    4.5;    2.4;  12.9;   0.0;   0;    3.617;   0;eor
     Leipzig;20160207;   3;    7.1;   7.0;   5.2;  988.65;   70.29;   5.7;   10.5;    2.6;   -0.4;  11.5;   0.0;   0;    1.133;   0;eor
     Leipzig;20160208;   3;    7.4;   7.1;   5.7;  982.81;   69.21;   9.3;   11.6;    5.2;    3.3;  19.9;   3.6;   6;    0.650;   0;eor
     Leipzig;20160209;   3;    7.8;   7.4;   6.2;  976.28;   69.58;   9.8;    9.4;    4.9;    3.6;  23.8;   3.0;   6;    2.050;   0;eor
     Leipzig;20160210;   3;    4.1;   6.3;   6.5;  977.19;   76.50;   7.5;    6.3;    2.4;    0.3;  18.9;   0.1;   6;    0.583;   0;eor
     Leipzig;20160211;   3;    3.4;   6.3;   4.8;  986.14;   80.54;   6.9;    7.5;    0.3;   -2.9;  14.7;   0.0;   6;    4.017;   0;eor
     Leipzig;20160212;   3;    2.1;   5.7;   3.5;  986.16;   80.92;   3.3;    7.3;   -2.3;   -4.4;   6.7;   0.0;   0;    6.683;   0;eor
     Leipzig;20160213;   3;    1.3;   5.5;   3.9;  978.02;   83.13;   3.5;    5.7;   -3.5;   -6.0;   7.7;   2.1;   6;    8.000;   0;eor
     Leipzig;20160214;   3;    4.4;   7.8;   7.4;  973.31;   93.38;   3.7;    9.9;    1.4;    1.2;   8.4;   1.2;   6;    0.800;   0;eor
     Leipzig;20160215;   3;    2.8;   6.9;   7.5;  994.98;   92.13;   3.5;    4.5;    0.6;    0.2;  11.3;   0.4;   6;    0.433;   0;eor
     Leipzig;20160216;   3;   -0.6;   4.5;   7.3; 1018.25;   76.50;   3.1;    0.6;   -2.5;   -5.9;  10.8;   0.0;   0;    0.000;   0;eor
     Leipzig;20160217;   3;   -0.7;   5.3;   6.1; 1007.00;   91.38;   4.5;    0.7;   -2.4;   -4.0;  13.4;   1.2;   7;    2.333;   0;eor
     Leipzig;20160218;   3;    2.4;   5.8;   6.7; 1000.28;   80.79;   2.9;    6.3;   -0.9;   -3.3;   7.5;   0.0;   0;    2.983;   2;eor
     Leipzig;20160219;   3;    1.1;   5.2;   6.7; 1002.58;   79.08;   2.9;    4.8;   -3.6;   -6.9;   7.7;   0.0;   0;    5.050;   0;eor
     Leipzig;20160220;   3;    3.3;   6.5;   6.7;  996.94;   83.21;   7.6;    7.0;   -1.2;   -3.4;  17.0;   2.6;   8;    0.000;   0;eor
     Leipzig;20160221;   3;    9.6;  10.4;   7.8;  990.74;   87.08;   8.8;   12.6;    6.9;    6.5;  21.9;   1.7;   6;    0.000;   0;eor
     Leipzig;20160222;   3;    7.6;   8.6;   7.5;  988.84;   83.13;   9.3;   12.0;    2.2;    2.1;  25.7;  13.8;   6;    0.133;   0;eor
     Leipzig;20160223;   3;    3.1;   6.5;   6.8;  994.02;   85.71;   4.8;    6.2;    1.0;   -2.2;   9.3;   0.0;   6;    1.067;   0;eor
     Leipzig;20160224;   3;    2.3;   5.6;   3.8;  999.02;   79.71;   5.6;    6.8;   -2.0;   -5.7;  13.9;   0.0;   8;    7.267;   0;eor
     Leipzig;20160225;   3;    0.0;   5.4;   4.6;  995.78;   89.21;   3.9;    5.3;   -2.9;   -6.6;  11.5;   0.1;   7;    4.183;   0;eor
     Leipzig;20160226;   3;   -0.1;   4.9;   3.5;  997.18;   81.75;   3.4;    4.1;   -3.5;   -7.3;   7.7;   0.0;   7;    4.567;   0;eor
     Leipzig;20160227;   3;    0.8;   4.9;   5.1;  995.66;   77.00;   4.0;    5.0;   -3.0;   -5.4;  11.5;   0.0;   0;    6.283;   0;eor
     Leipzig;20160228;   3;    1.1;   5.4;   6.0; 1000.59;   82.79;   3.0;    5.2;   -3.1;   -7.9;   7.5;   0.0;   0;    5.350;   0;eor
     Leipzig;20160229;   3;    0.4;   5.4;   8.0; 1004.06;   85.63;   5.8;    1.4;   -0.6;   -0.8;  12.9;   2.5;   7;    0.000;   0;eor
     Leipzig;20160301;   3;   -0.4;   5.3;   7.6; 1000.65;   89.71;   4.1;    1.8;   -1.8;   -2.0;   9.9;   1.8;   8;    2.983;   7;eor
     Leipzig;20160302;   3;    3.8;   6.9;   7.5;  985.53;   85.33;   5.9;    8.2;    0.9;   -0.3;  15.3;   0.7;   6;    0.550;   1;eor
     Leipzig;20160303;   3;    2.9;   5.8;   5.8;  986.24;   77.50;   3.5;    6.7;   -1.0;   -4.8;   7.5;   0.0;   0;    3.083;   0;eor
     Leipzig;20160304;   3;    3.5;   5.5;   5.9;  986.70;   72.13;   4.4;    8.3;   -1.9;   -5.2;  12.3;   0.0;   6;    7.667;   0;eor
     Leipzig;20160305;   3;    6.2;   6.4;   7.5;  979.97;   67.83;   2.7;   10.5;    3.1;    1.2;   5.7;   3.5;   6;    1.550;   0;eor
     Leipzig;20160306;   3;    4.1;   7.0;   7.5;  982.19;   85.75;   4.1;    7.4;    1.8;   -1.5;  11.1;   0.1;   8;    0.567;   0;eor
     Leipzig;20160307;   3;    2.5;   6.1;   5.4;  988.46;   84.79;   2.4;    6.5;   -1.6;   -5.3;   6.9;   0.0;   8;    4.200;   0;eor
     Leipzig;20160308;   3;    1.6;   5.6;   4.3;  997.61;   81.96;   2.1;    7.5;   -3.7;   -7.3;   7.7;   0.0;   6;    5.467;   0;eor
     Leipzig;20160309;   3;    2.6;   5.3;   2.1;  997.39;   74.54;   4.4;    8.5;   -2.4;   -6.5;  12.5;   0.0;   0;    9.817;   0;eor
     Leipzig;20160310;   3;    3.7;   7.2;   7.9; 1002.58;   89.67;   3.1;    5.2;    1.8;    1.6;   7.5;   0.0;   6;    0.000;   0;eor
     Leipzig;20160311;   3;    3.2;   7.0;   7.7; 1011.18;   91.42;   2.8;    4.4;    2.1;   -1.8;   7.2;   0.0;   6;    0.000;   0;eor
     Leipzig;20160312;   3;    2.4;   6.4;   8.0; 1014.77;   87.88;   2.8;    2.9;    1.8;    1.8;   6.3;   0.0;   8;    0.000;   0;eor
     Leipzig;20160313;   3;    1.7;   5.7;   7.9; 1018.85;   82.46;   3.9;    2.8;    0.3;    0.2;   8.2;   0.0;   7;    0.000;   0;eor
     Leipzig;20160314;   3;    3.1;   5.4;   5.4; 1016.92;   72.25;   2.2;    6.8;   -0.1;   -1.6;   6.3;   1.2;   6;    9.750;   0;eor
     Leipzig;20160315;   3;    3.4;   7.0;   7.9; 1010.08;   90.08;   4.0;    5.0;    1.9;    1.8;  10.1;   1.2;   8;    0.017;   0;eor
     Leipzig;20160316;   3;    4.2;   5.9;   3.3; 1014.49;   73.29;   5.3;    8.7;    0.4;   -2.2;  12.2;   0.0;   0;    9.283;   0;eor
     Leipzig;20160317;   3;    4.9;   5.9;   0.0; 1011.35;   70.67;   2.5;   11.8;   -1.8;   -4.4;   6.7;   0.0;   0;   11.117;   0;eor
     Leipzig;20160318;   3;    3.1;   6.6;   4.7; 1003.37;   86.21;   3.9;    5.7;   -1.2;   -4.6;  10.3;   0.0;   6;    2.983;   0;eor
     Leipzig;20160319;   3;    5.2;   7.3;   7.4; 1003.21;   82.21;   3.0;    7.5;    3.7;    3.5;   9.4;   0.0;   6;    0.000;   0;eor
     Leipzig;20160320;   3;    5.5;   6.9;   7.5;  999.81;   76.25;   5.8;    7.5;    3.0;    0.0;  12.9;   0.1;   6;    0.000;   0;eor
     Leipzig;20160321;   3;    5.7;   7.4;   7.0;  998.16;   81.63;   4.8;    9.1;    1.7;   -1.9;  13.0;   2.2;   6;    0.317;   0;eor
     Leipzig;20160322;   3;    5.7;   7.5;   7.0;  994.93;   81.83;   4.4;    8.4;    2.4;    0.8;  11.0;   0.2;   6;    1.000;   0;eor
     Leipzig;20160323;   3;    5.0;   7.6;   7.1;  992.86;   86.67;   3.1;    7.3;    2.5;   -0.8;  10.8;   0.9;   6;    0.133;   0;eor
     Leipzig;20160324;   3;    4.9;   6.3;   6.4;  997.00;   74.04;   3.2;    8.8;    1.2;   -0.8;   9.3;   0.0;   6;    3.417;   0;eor
     Leipzig;20160325;   3;    6.3;   8.3;   8.0;  996.27;   86.96;   4.9;    8.9;    5.1;    4.2;  10.3;   3.1;   6;    0.000;   0;eor
     Leipzig;20160326;   3;    8.0;   8.5;   5.0; 1001.73;   80.33;   3.9;   12.3;    4.3;    2.3;   8.2;   0.0;   0;    6.367;   0;eor
     Leipzig;20160327;   3;    7.8;   7.8;   6.4;  995.46;   74.96;   5.5;   15.6;    2.3;    0.0;  15.4;   0.0;   6;    4.850;   0;eor
     Leipzig;20160328;   3;    9.3;   7.8;   5.1;  989.88;   69.29;   6.3;   15.5;    2.9;    1.1;  16.5;   0.2;   6;    7.050;   0;eor
     Leipzig;20160329;   3;    8.3;   7.1;   5.3;  991.20;   66.33;   8.1;   12.4;    4.4;    0.3;  19.0;   2.0;   6;    3.783;   0;eor
     Leipzig;20160330;   3;    8.2;   8.7;   7.2;  994.25;   80.00;   5.8;   11.8;    4.7;    3.1;  13.4;   2.1;   6;    1.600;   0;eor
     Leipzig;20160331;   3;    6.4;   8.5;   8.0;  997.00;   88.42;   3.2;    7.7;    4.0;    3.7;   9.3;  17.8;   6;    0.000;   0;eor
     Leipzig;20160401;   3;    6.5;   7.3;   5.4; 1004.03;   77.75;   2.1;   12.3;    2.6;   -1.9;   6.7;   0.0;   0;    6.367;   0;eor
     Leipzig;20160402;   3;    9.0;   6.5;   3.0; 1003.61;   60.50;   4.1;   16.7;    1.1;   -3.4;   9.3;   0.0;   0;   10.433;   0;eor
     Leipzig;20160403;   3;   13.1;   9.4;   5.3;  996.53;   63.13;   2.4;   20.0;    4.6;    1.8;   6.2;   0.0;   0;    9.717;   0;eor
     Leipzig;20160404;   3;   14.3;  11.8;   6.0;  991.72;   73.00;   2.0;   20.4;    9.0;    5.5;   6.2;   0.0;   0;    3.617;   0;eor
     Leipzig;20160405;   3;   14.2;  12.0;   6.8;  990.64;   74.83;   3.2;   20.1;    9.0;    4.9;  12.3;   0.1;   6;    7.983;   0;eor
     Leipzig;20160406;   3;   11.8;   8.5;   4.2;  993.57;   63.00;   6.3;   16.0;    7.0;    3.9;  14.9;   0.0;   6;    8.450;   0;eor
     Leipzig;20160407;   3;    9.4;   7.3;   5.1;  993.53;   61.96;   4.8;   13.2;    4.7;   -0.8;  12.9;   0.1;   6;    5.017;   0;eor
     Leipzig;20160408;   3;    8.4;   6.2;   3.4;  995.42;   58.50;   2.6;   13.9;    2.8;   -2.1;   7.2;   0.0;   0;   11.250;   0;eor
     Leipzig;20160409;   3;    7.9;   6.5;   4.3;  994.23;   63.75;   2.3;   13.2;    0.8;   -3.7;   6.7;   0.0;   0;    7.917;   0;eor
     Leipzig;20160410;   3;    7.6;   7.8;   6.2;  998.57;   75.42;   3.8;   11.3;    3.9;    0.4;  10.3;   0.0;   0;    4.433;   0;eor
     Leipzig;20160411;   3;    7.9;   8.5;   7.0;  999.39;   80.29;   2.9;   12.2;    2.8;   -0.1;   8.2;   0.0;   0;    0.517;   0;eor
     Leipzig;20160412;   3;   12.3;  10.1;   5.0;  994.64;   72.13;   2.2;   17.9;    6.1;    0.3;   7.7;   0.0;   6;    7.917;   0;eor
     Leipzig;20160413;   3;   11.9;  10.6;   6.5;  991.19;   77.13;   2.8;   15.9;    7.0;    3.3;  10.6;   5.7;   6;    4.883;   0;eor
     Leipzig;20160414;   3;    9.3;   9.6;   5.3;  994.60;   81.67;   3.5;   12.5;    5.9;    1.9;  10.8;   1.7;   6;    2.967;   0;eor
     Leipzig;20160415;   3;    9.5;   9.9;   6.2;  989.93;   82.71;   5.3;   14.1;    5.5;    3.6;  14.6;   2.7;   6;    2.050;   0;eor
     Leipzig;20160416;   3;   11.1;  10.1;   6.5;  987.23;   76.71;   5.3;   15.1;    7.5;    4.8;  10.8;   6.3;   6;    2.717;   0;eor
     Leipzig;20160417;   3;    7.7;   8.5;   7.5;  993.76;   80.92;   2.9;    9.7;    4.5;    0.8;   7.0;   0.4;   6;    0.717;   0;eor
     Leipzig;20160418;   3;    7.4;   6.6;   3.6; 1003.45;   66.38;   2.3;   13.4;    1.5;   -2.7;   9.3;   0.0;   0;    8.200;   0;eor
     Leipzig;20160419;   3;    8.8;   7.1;   5.6; 1006.53;   63.25;   5.5;   13.2;    4.8;    2.5;  12.5;   0.0;   6;    3.033;   0;eor
     Leipzig;20160420;   3;    7.3;   6.5;   3.0; 1012.48;   65.75;   3.4;   12.6;    1.1;   -2.3;  11.3;   0.0;   0;    7.083;   0;eor
     Leipzig;20160421;   3;    8.9;   7.3;   0.5; 1008.09;   65.50;   1.6;   16.0;    1.2;   -3.8;   6.5;   0.0;   0;   13.250;   0;eor
     Leipzig;20160422;   3;    8.5;   6.2;   4.3; 1001.58;   58.29;   2.7;   13.5;    3.8;    1.9;   8.6;   0.0;   0;   12.117;   0;eor
     Leipzig;20160423;   3;    5.7;   6.1;   6.9;  994.68;   67.13;   3.7;    8.2;    2.1;   -0.1;  10.1;   0.0;   6;    0.383;   0;eor
     Leipzig;20160424;   3;    3.7;   5.6;   4.8;  994.10;   71.38;   4.3;    8.6;   -1.4;   -4.1;  13.7;   0.5;   8;    8.067;   0;eor
     Leipzig;20160425;   3;    4.5;   5.4;   6.3;  991.32;   67.00;   5.7;   10.1;   -1.5;   -4.2;  13.4;   1.1;   6;    6.250;   0;eor
     Leipzig;20160426;   3;    5.4;   6.1;   5.9;  983.57;   69.75;   6.8;    9.9;    2.6;    1.0;  15.8;   0.3;   8;    4.933;   0;eor
     Leipzig;20160427;   3;    4.7;   6.4;   6.8;  988.48;   74.88;   8.1;    9.2;    2.9;    1.3;  19.0;   1.6;   6;    2.267;   0;eor
     Leipzig;20160428;   3;    5.5;   6.5;   4.2;  997.52;   73.29;   5.2;   10.6;    0.9;   -3.9;  12.2;   1.1;   8;    6.450;   0;eor
     Leipzig;20160429;   3;    7.8;   5.9;   3.5; 1001.86;   59.13;   4.4;   14.2;    0.7;   -3.8;  10.8;   0.0;   0;    8.950;   0;eor
     Leipzig;20160430;   3;   11.7;   7.2;   5.7; 1001.06;   55.92;   3.7;   19.2;    4.6;    1.4;   9.3;   0.0;   0;    6.683;   0;eor
     Leipzig;20160501;   3;   11.1;   8.4;   5.2; 1005.69;   66.71;   4.1;   17.6;    5.1;    0.7;  12.0;   0.0;   0;   10.967;   0;eor
     Leipzig;20160502;   3;   11.8;   8.1;   1.5; 1006.72;   60.54;   2.6;   18.3;    4.9;   -0.3;   8.4;   0.0;   0;   13.500;   0;eor
     Leipzig;20160503;   1;   10.7;   8.9;   4.7; 1003.10;   71.67;   3.7;   18.2;    5.5;   -1.4;  15.8;   2.4;   6;    8.750;   0;eor
     Leipzig;20160504;   1;    8.9;   8.3;   6.3; 1011.43;   73.25;   3.8;   13.2;    4.9;    2.1;  10.1;   0.0;   0;    4.817;   0;eor
     Leipzig;20160505;   1;   12.7;   9.2;   2.6; 1010.14;   63.96;   3.5;   17.9;    8.0;    5.9;   9.1;   0.0;   0;   13.900;   0;eor
     Leipzig;20160506;   1;   15.7;   9.8;   1.0; 1002.85;   59.63;   4.6;   23.2;    6.8;    2.9;  12.2;   0.0;   0;   14.183;   0;eor
     Leipzig;20160507;   1;   16.4;   9.2;   0.3; 1000.00;   53.04;   5.3;   23.7;    7.2;    4.7;  13.0;   0.0;   0;   14.367;   0;eor
     Leipzig;20160508;   1;   16.1;   9.9;   0.7; 1001.59;   56.29;   6.5;   22.1;    8.5;    4.7;  17.3;   0.0;   0;   14.317;   0;eor
     Leipzig;20160509;   1;   16.8;  11.3;   1.3; 1001.82;   61.33;   5.9;   22.9;    9.7;    7.0;  15.1;   0.0;   0;   14.350;   0;eor
     Leipzig;20160510;   1;   16.8;  11.1;   1.7;  997.45;   60.54;   5.1;   23.5;    9.5;    7.4;  12.7;   0.0;   0;   13.300;   0;eor
     Leipzig;20160511;   1;   17.2;  11.4;   3.5;  992.92;   60.17;   5.3;   23.0;    9.8;    6.4;  13.7;   0.0;   0;   13.300;   0;eor
     Leipzig;20160512;   1;   17.3;  11.3;   3.8;  986.23;   60.04;   4.9;   24.0;   10.7;    9.2;  13.4;   3.1;   6;   12.017;   0;eor
     Leipzig;20160513;   1;   15.9;  10.9;   3.6;  984.26;   62.75;   3.4;   22.3;   10.2;    4.8;  10.3;   0.0;   0;   11.067;   0;eor
     Leipzig;20160514;   1;    9.4;   7.2;   5.7;  991.47;   62.54;   5.3;   12.6;    3.9;    2.0;  14.4;   0.2;   6;    3.033;   0;eor
     Leipzig;20160515;   1;    6.5;   8.0;   6.3;  998.26;   82.54;   5.3;   11.0;    3.4;    1.8;  14.9;   6.2;   6;    3.600;   0;eor
     Leipzig;20160516;   1;    7.9;   7.3;   6.0; 1000.87;   69.88;   4.3;   12.4;    3.6;    2.0;  10.8;   0.8;   6;    5.550;   0;eor
     Leipzig;20160517;   1;    9.1;   8.6;   6.8;  999.82;   74.58;   4.2;   12.7;    3.5;    0.0;  11.1;   0.2;   6;    0.383;   0;eor
     Leipzig;20160518;   1;   13.4;   9.1;   7.0;  995.94;   59.96;   3.5;   18.3;    8.1;    5.6;   8.1;   0.0;   0;    3.183;   0;eor
     Leipzig;20160519;   1;   14.9;  10.0;   5.5;  994.93;   60.25;   3.0;   20.5;    8.0;    3.8;   7.2;   0.0;   0;   11.800;   0;eor
     Leipzig;20160520;   1;   16.1;  10.7;   6.0; 1001.45;   61.63;   4.5;   21.6;    9.8;    6.9;  11.1;   0.0;   6;   10.117;   0;eor
     Leipzig;20160521;   1;   18.2;  11.6;   6.3; 1001.35;   56.75;   3.0;   24.0;   14.0;    9.4;   7.2;   0.0;   0;    9.367;   0;eor
     Leipzig;20160522;   1;   21.1;  12.1;   5.6;  994.39;   51.71;   3.8;   28.5;   12.5;   10.6;  13.2;   0.0;   6;   12.300;   0;eor
     Leipzig;20160523;   1;   17.5;  15.1;   7.3;  992.53;   75.96;   4.4;   21.8;   14.1;   13.3;  10.8;   6.4;   6;    3.050;   0;eor
     Leipzig;20160524;   1;   13.5;  13.9;   7.9;  995.02;   89.08;   4.0;   15.3;   11.4;   11.2;  11.0;   0.0;   6;    0.000;   0;eor
     Leipzig;20160525;   1;   12.8;  12.2;   7.7;  998.93;   82.75;   2.1;   15.1;   10.6;    7.4;   5.1;   0.0;   0;    0.017;   0;eor
     Leipzig;20160526;   1;   15.1;  12.3;   6.9; 1000.63;   73.13;   1.5;   19.4;   10.7;    6.2;   5.8;   0.0;   0;    4.067;   0;eor
     Leipzig;20160527;   1;   14.8;  13.4;   7.3; 1000.73;   80.00;   1.6;   18.9;    9.8;    5.0;   5.7;   0.0;   6;    0.533;   0;eor
     Leipzig;20160528;   1;   18.4;  14.8;   6.0;  997.78;   71.29;   2.2;   24.5;   11.7;   10.6;  11.0;   0.0;   6;   11.300;   0;eor
     Leipzig;20160529;   1;   20.7;  17.9;   6.3;  990.82;   74.00;   2.7;   25.5;   15.8;   15.1;   7.0;   0.0;   6;    8.917;   0;eor
     Leipzig;20160530;   1;   20.1;  15.7;   4.9;  988.72;   68.38;   3.9;   25.6;   14.9;    9.1;   8.9;   0.0;   6;    9.983;   0;eor
     Leipzig;20160531;   1;   18.7;  15.1;   4.4;  994.17;   72.33;   2.2;   26.0;   13.5;    8.1;   9.6;   4.1;   6;    8.433;   0;eor
     Leipzig;20160601;   1;   17.6;  17.7;   6.5;  994.85;   88.46;   1.7;   21.3;   14.3;   11.9;   5.1;   1.9;   6;    4.250;   0;eor
