STATIONS_ID; MESS_DATUM; QUALITAETS_NIVEAU; LUFTTEMPERATUR;DAMPFDRUCK;BEDECKUNGSGRAD;LUFTDRUCK_STATIONSHOEHE;REL_FEUCHTE; WINDGESCHWINDIGKEIT; LUFTTEMPERATUR_MAXIMUM;LUFTTEMPERATUR_MINIMUM;LUFTTEMP_AM_ERDB_MINIMUM; WINDSPITZE_MAXIMUM; NIEDERSCHLAGSHOEHE;NIEDERSCHLAGSHOEHE_IND;SONNENSCHEINDAUER; SCHNEEHOEHE;eor
Rostock;20141209;   3;    3.4;   6.7;   7.8; 1021.50;   85.42;   3.9;    4.0;    2.1;    1.2;  13.7;   0.0;   6;    0.000;   0;eor
Rostock;20141210;   3;    3.4;   6.6;   6.0; 1009.05;   83.79;   6.4;    5.6;    1.7;    0.9;  17.1;   2.7;   8;    0.000;   0;eor
Rostock;20141211;   3;    4.0;   6.7;   6.9;  999.94;   83.04;   6.3;    5.3;    3.0;    1.8;  15.1;   0.7;   6;    0.133;   0;eor
Rostock;20141212;   3;    5.7;   7.9;   7.9;  992.15;   85.17;   6.5;    9.1;    2.8;    1.5;  18.6;   4.9;   6;    0.000;   0;eor
Rostock;20141213;   3;    4.2;   6.8;   3.6; 1002.76;   82.17;   5.2;    5.3;    1.5;    0.1;  13.7;   0.1;   6;    0.067;   0;eor
Rostock;20141214;   3;    1.7;   6.2;   3.6; 1012.18;   89.71;   4.2;    3.1;    0.3;   -1.0;  11.4;   0.0;   6;    0.017;   0;eor
Rostock;20141215;   3;    3.2;   6.6;   6.8; 1007.02;   85.00;   5.2;    5.4;    0.7;   -0.4;  13.0;   1.0;   6;    0.000;   0;eor
Rostock;20141216;   3;    4.9;   7.5;   6.9; 1004.95;   86.17;   4.9;    5.9;    2.9;    1.4;  12.0;   1.1;   6;    0.217;   0;eor
Rostock;20141217;   3;    3.1;   6.7;   6.5; 1002.19;   88.04;   4.1;    4.1;    1.7;    0.0;  11.3;   0.4;   6;    0.000;   0;eor
Rostock;20141218;   3;    9.3;  10.8;   8.0; 1001.32;   91.33;   5.2;   11.8;    4.1;    3.8;  14.8;   2.8;   6;    0.000;   0;eor
Rostock;20141219;   3;    8.8;  10.0;   6.5; 1000.65;   86.88;   6.7;   11.8;    4.5;    3.3;  15.9;  10.5;   6;    0.067;   0;eor
Rostock;20141220;   3;    5.2;   7.3;   6.1; 1003.62;   82.08;  10.0;    6.8;    3.3;    2.9;  25.3;   6.1;   6;    0.217;   0;eor
Rostock;20141221;   3;    6.2;   8.1;   5.9; 1014.03;   85.29;   7.8;    7.6;    5.0;    4.2;  16.3;  10.5;   6;    0.217;   0;eor
Rostock;20141222;   3;    9.5;  11.1;   7.9; 1002.67;   93.67;   8.5;   10.6;    7.6;    7.0;  18.9;  17.7;   6;    0.000;   0;eor
Rostock;20141223;   3;    9.2;  11.1;   8.0; 1004.40;   94.79;   7.0;   10.5;    6.8;    6.7;  18.2;  25.7;   6;    0.000;   0;eor
Rostock;20141224;   3;    8.1;   9.4;   6.7; 1004.02;   86.17;   7.4;   10.1;    5.2;    4.3;  19.8;   1.0;   6;    2.017;   0;eor
Rostock;20141225;   3;    4.1;   7.2;   7.7; 1011.45;   87.50;   8.0;    5.7;    2.0;    1.2;  19.7;   5.4;   8;    0.000;   0;eor
Rostock;20141226;   3;    0.0;   4.3;   4.4; 1023.53;   70.00;   3.9;    2.1;   -1.4;   -3.8;   8.9;   0.0;   0;    5.583;   0;eor
Rostock;20141227;   3;   -2.5;   4.4;   4.0; 1012.91;   85.71;   3.0;   -1.0;   -4.5;   -9.0;   8.2;   0.0;   7;    5.750;   0;eor
Rostock;20141228;   3;    0.1;   4.8;   5.9; 1021.25;   78.58;   4.5;    2.0;   -2.9;   -7.6;  11.4;   8.2;   7;    5.450;   0;eor
Rostock;20141229;   3;   -0.9;   4.4;   6.7; 1026.72;   78.25;   3.3;    0.7;   -2.1;  -10.5;   8.5;   0.6;   7;    6.317;  11;eor
Rostock;20141230;   3;    2.2;   6.6;   8.0; 1026.40;   91.33;   4.8;    4.8;   -1.0;   -1.2;  10.4;   0.6;   8;    0.000;  11;eor
Rostock;20141231;   3;    5.4;   8.5;   7.1; 1026.28;   94.67;   6.7;    6.9;    3.6;    2.8;  13.3;   0.3;   6;    0.117;   0;eor
Rostock;20150101;   3;    4.6;   6.8;   7.7; 1024.93;   80.96;   5.5;    5.6;    3.8;    3.2;  14.9;   1.7;   6;    0.067;   0;eor
Rostock;20150102;   3;    6.4;   7.6;   6.4; 1010.96;   79.21;  10.4;    9.1;    3.4;    1.8;  25.9;   2.8;   8;    1.767;   0;eor
Rostock;20150103;   3;    4.8;   7.1;   6.4; 1011.03;   82.38;   9.8;    5.6;    3.3;    2.5;  20.9;   5.1;   6;    0.000;   0;eor
Rostock;20150104;   3;    4.7;   6.8;   3.5; 1019.47;   79.50;  12.2;    5.1;    4.4;    3.0;  20.2;   1.4;   6;    3.183;   0;eor
Rostock;20150105;   3;    4.6;   8.0;   8.0; 1024.25;   94.54;   7.4;    5.4;    3.4;    3.2;  16.4;   3.8;   6;    0.000;   0;eor
Rostock;20150106;   3;    3.3;   7.1;   8.0; 1022.94;   91.46;   3.2;    4.4;    1.1;    0.9;  12.6;   0.3;   6;    0.000;   0;eor
Rostock;20150107;   3;    4.1;   7.1;   6.8; 1019.77;   86.54;   4.8;    6.4;    1.0;    0.0;  11.3;   0.1;   6;    2.800;   0;eor
Rostock;20150108;   3;    4.9;   7.8;   7.8; 1013.65;   89.00;   6.3;    6.8;    2.7;    2.2;  16.7;   6.9;   6;    0.000;   0;eor
Rostock;20150109;   3;    6.3;   7.7;   6.4; 1003.46;   80.88;  10.6;    7.3;    4.9;    4.0;  26.9;   9.8;   6;    0.750;   0;eor
Rostock;20150110;   3;    7.8;   9.0;   6.0;  994.88;   83.08;  10.2;   12.1;    4.0;    3.1;  27.7;   3.8;   6;    0.000;   0;eor
Rostock;20150111;   3;    4.3;   6.7;   5.8; 1000.21;   80.42;  11.4;    5.5;    2.1;    1.3;  24.0;   2.0;   8;    0.600;   0;eor
Rostock;20150112;   3;    7.0;   8.7;   7.6; 1003.86;   87.00;   6.6;    9.2;    4.7;    3.4;  16.5;   3.5;   6;    0.000;   0;eor
Rostock;20150113;   3;    7.4;   9.4;   7.5;  999.90;   91.00;   5.1;    9.7;    5.0;    3.5;  14.2;  12.6;   6;    0.000;   0;eor
Rostock;20150114;   3;    4.3;   6.9;   7.2; 1002.39;   82.96;   4.5;    6.9;    1.8;    0.4;  17.4;   3.7;   8;    0.967;   0;eor
Rostock;20150115;   3;    4.7;   7.4;   6.5;  999.40;   84.88;   5.4;    8.9;    1.3;   -0.1;  16.4;   4.4;   6;    0.000;   0;eor
Rostock;20150116;   3;    6.5;   7.1;   5.5; 1001.10;   72.96;   5.1;    7.9;    4.7;    3.6;  14.9;   0.0;   0;    3.483;   0;eor
Rostock;20150117;   3;    3.4;   6.3;   2.8; 1008.65;   80.75;   3.8;    5.3;    0.3;   -1.4;  10.0;   0.0;   0;    6.250;   0;eor
Rostock;20150118;   3;    1.1;   5.5;   6.1; 1012.65;   82.71;   3.0;    2.3;   -0.4;   -2.3;   9.6;   0.0;   8;    0.300;   0;eor
Rostock;20150119;   3;    0.8;   5.5;   7.3; 1012.08;   85.42;   3.2;    2.2;   -0.4;   -1.5;   8.8;   0.6;   7;    0.117;   0;eor
Rostock;20150120;   3;    1.3;   6.1;   8.0; 1010.43;   91.21;   2.3;    2.1;   -0.1;   -1.1;   6.1;   0.0;   8;    0.000;   0;eor
Rostock;20150121;   3;    0.1;   5.5;   7.5; 1014.58;   89.79;   2.8;    1.6;   -2.9;   -3.0;   8.4;   0.0;   7;    0.033;   0;eor
Rostock;20150122;   3;    0.0;   5.9;   7.3; 1019.45;   95.71;   2.4;    2.6;   -2.9;   -3.3;   7.0;   0.0;   0;    0.667;   0;eor
Rostock;20150123;   3;    0.3;   5.0;   7.6; 1023.42;   80.13;   3.0;    1.4;   -2.0;   -2.0;  10.0;   0.0;   0;    0.367;   0;eor
Rostock;20150124;   3;    0.2;   5.2;   7.5; 1016.40;   83.17;   5.2;    3.7;   -2.2;   -2.2;  14.0;   0.7;   8;    2.000;   0;eor
Rostock;20150125;   3;    2.9;   6.9;   3.5; 1021.19;   92.00;   5.7;    3.8;    1.6;    0.6;  11.2;   0.0;   0;    6.000;   0;eor
Rostock;20150126;   3;    3.0;   7.3;   8.0; 1013.95;   96.17;   4.9;    4.8;    1.7;    1.6;  14.1;   5.5;   6;    0.000;   0;eor
Rostock;20150127;   3;    3.9;   7.1;   4.5; 1010.80;   87.88;   9.2;    4.4;    3.2;    1.2;  15.3;   0.0;   0;    3.117;   0;eor
Rostock;20150128;   3;    3.7;   7.0;   7.9;  999.38;   88.46;   5.9;    5.6;    1.8;    1.2;  19.1;   6.2;   8;    0.000;   0;eor
Rostock;20150129;   3;    1.9;   5.8;   6.5;  980.36;   82.17;   6.0;    3.3;    0.7;   -0.6;  16.2;   0.0;   8;    0.000;   0;eor
Rostock;20150130;   3;    1.5;   6.2;   7.8;  972.35;   90.13;   3.8;    2.5;    0.6;   -0.5;  11.4;   0.5;   8;    0.000;   0;eor
Rostock;20150131;   3;    1.2;   5.8;   7.4;  976.45;   87.17;   7.8;    2.5;   -1.5;   -2.3;  13.3;   0.0;   8;    0.567;   0;eor
Rostock;20150201;   3;    0.4;   5.5;   6.6;  984.43;   86.88;   4.1;    2.3;   -1.6;   -2.6;  10.5;   1.2;   7;    2.950;   0;eor
Rostock;20150202;   3;    1.2;   5.8;   6.9;  990.16;   86.25;   7.9;    2.5;   -0.6;   -0.7;  15.1;   3.8;   8;    0.167;   0;eor
Rostock;20150203;   3;   -0.5;   5.0;   7.6;  998.18;   84.50;   6.9;    0.9;   -1.3;   -1.8;  13.9;   1.4;   7;    0.383;   3;eor
Rostock;20150204;   3;   -0.3;   4.8;   7.9; 1009.94;   80.88;   4.9;    0.1;   -1.2;   -1.4;  11.3;   0.8;   7;    0.000;   4;eor
Rostock;20150205;   3;   -0.2;   5.1;   4.7; 1023.51;   85.38;   1.9;    2.5;   -3.1;  -10.4;   7.2;   0.0;   7;    3.317;   6;eor
Rostock;20150206;   3;   -3.0;   4.8;   4.6; 1029.99;   96.46;   2.4;    0.0;   -7.0;  -11.5;   8.3;   0.2;   8;    0.667;   3;eor
Rostock;20150207;   3;    2.6;   6.7;   6.3; 1020.22;   90.75;   9.4;    4.4;   -0.9;   -1.6;  20.1;   0.0;   8;    0.000;   3;eor
Rostock;20150208;   3;    2.6;   5.4;   3.8; 1019.21;   72.79;  12.1;    3.9;    0.3;   -0.2;  20.8;   0.3;   6;    8.067;   0;eor
Rostock;20150209;   3;    3.9;   7.6;   5.4; 1016.65;   94.33;   8.4;    4.6;    3.2;    2.0;  14.8;   0.0;   0;    2.517;   0;eor
Rostock;20150210;   3;    3.8;   7.6;   4.7; 1023.63;   94.88;   6.1;    4.8;    2.8;    1.4;  10.3;   0.0;   0;    0.583;   0;eor
Rostock;20150211;   3;    2.4;   7.0;   5.2; 1025.72;   95.63;   3.7;    3.1;    1.2;    0.6;   8.9;   0.0;   6;    0.767;   0;eor
Rostock;20150212;   3;    1.3;   5.8;   8.0; 1021.62;   86.67;   1.9;    2.2;   -0.1;   -0.2;   5.3;   0.0;   6;    0.000;   0;eor
Rostock;20150213;   3;   -0.4;   5.6;   8.0; 1017.00;   93.96;   2.6;    0.0;   -1.5;   -1.5;   8.1;   0.0;   6;    0.000;   0;eor
Rostock;20150214;   3;    1.2;   5.8;   3.9; 1013.59;   88.17;   2.9;    6.6;   -2.1;   -2.8;   8.8;   0.0;   0;    8.283;   0;eor
Rostock;20150215;   3;    2.6;   6.3;   6.1; 1019.87;   85.33;   4.2;    4.5;    0.9;   -0.7;  11.6;   0.0;   0;    2.617;   0;eor
Rostock;20150216;   3;    0.5;   5.2;   6.7; 1022.85;   82.50;   7.2;    1.9;   -0.8;   -2.0;  14.3;   0.0;   0;    0.533;   0;eor
Rostock;20150217;   3;    0.7;   5.5;   2.3; 1028.80;   84.25;   3.4;    3.3;   -2.1;   -4.1;  10.1;   0.0;   0;    6.750;   0;eor
Rostock;20150218;   3;    4.0;   6.5;   6.0; 1033.59;   80.96;   4.1;    7.3;    0.8;    0.0;  12.0;   0.0;   6;    6.800;   0;eor
Rostock;20150219;   3;    4.3;   5.5;   2.9; 1022.59;   67.63;   4.7;    8.4;    1.6;   -0.1;  12.8;   0.0;   0;    8.100;   0;eor
Rostock;20150220;   3;    3.6;   6.3;   7.0; 1007.89;   79.38;   4.7;    6.7;    0.0;   -0.9;  13.1;   4.8;   6;    0.033;   0;eor
Rostock;20150221;   3;    4.8;   7.4;   7.6;  993.35;   86.29;   4.4;    8.2;    2.4;    0.8;  17.1;   2.4;   6;    0.083;   0;eor
Rostock;20150222;   3;    3.4;   6.0;   4.1; 1004.01;   76.88;   3.7;    6.3;    1.9;    0.3;   9.6;   0.0;   0;    3.683;   0;eor
Rostock;20150223;   3;    2.7;   6.3;   7.1;  994.35;   84.92;   4.4;    3.7;    1.2;    0.3;  15.2;   0.9;   8;    0.000;   0;eor
Rostock;20150224;   3;    4.3;   6.5;   4.1; 1000.38;   79.04;   5.1;    7.2;    1.6;    0.3;  13.6;   0.0;   0;    4.833;   0;eor
Rostock;20150225;   3;    3.7;   6.4;   3.3; 1014.21;   81.46;   3.1;    6.6;    1.6;   -1.8;   8.4;   0.0;   0;    2.733;   0;eor
Rostock;20150226;   3;    4.9;   5.5;   1.6; 1016.87;   64.25;   3.7;    9.5;    1.3;   -0.6;  12.4;   0.0;   0;    8.967;   0;eor
Rostock;20150227;   3;    3.6;   6.0;   6.0; 1010.85;   76.17;   3.7;    6.5;    1.4;   -0.1;   8.8;   0.8;   6;    2.700;   0;eor
Rostock;20150228;   3;    3.5;   6.0;   3.6; 1014.33;   76.58;   4.4;    6.0;    1.4;    0.0;  10.6;   0.0;   0;    4.850;   0;eor
Rostock;20150301;   3;    3.8;   6.7;   5.9;  998.67;   82.29;   4.6;    6.8;    1.9;    0.4;  16.7;   8.7;   6;    0.350;   0;eor
Rostock;20150302;   3;    3.8;   6.7;   5.8;  994.75;   83.96;   6.0;    5.6;    1.9;    1.1;  18.1;   2.8;   8;    0.350;   0;eor
Rostock;20150303;   3;    3.6;   6.2;   6.5; 1008.01;   78.63;   5.4;    6.7;    0.5;   -0.1;  15.4;   4.0;   8;    5.000;   0;eor
Rostock;20150304;   3;    3.6;   6.6;   6.4; 1014.34;   83.79;   5.6;    7.0;    1.4;    0.1;  14.9;   0.2;   6;    4.733;   0;eor
Rostock;20150305;   3;    4.0;   7.3;   4.6; 1028.97;   89.63;   6.4;    5.6;    2.5;    1.0;  11.2;   0.0;   6;    6.800;   0;eor
Rostock;20150306;   3;    6.6;   7.8;   7.8; 1029.58;   79.83;   4.4;    8.6;    4.4;    3.8;  12.5;   0.0;   6;    0.033;   0;eor
Rostock;20150307;   3;    8.7;   6.9;   6.9; 1024.97;   62.04;   5.5;   11.8;    5.3;    4.3;  13.5;   0.0;   0;    2.583;   0;eor
Rostock;20150308;   3;   10.8;   6.8;   3.8; 1019.73;   54.29;   4.6;   17.2;    5.5;    3.2;  10.6;   0.0;   6;    9.617;   0;eor
Rostock;20150309;   3;    5.5;   7.9;   4.6; 1023.98;   87.46;   4.1;    7.4;    4.3;    0.6;  10.2;   0.0;   6;    5.100;   0;eor
Rostock;20150310;   3;    6.1;   8.1;   3.5; 1022.40;   85.83;   5.0;    8.7;    4.1;    2.3;  10.8;   0.3;   6;    6.367;   0;eor
Rostock;20150311;   3;    5.0;   7.6;   3.3; 1025.65;   87.04;   6.1;    6.9;    2.9;   -0.4;  11.9;   0.0;   0;    8.383;   0;eor
Rostock;20150312;   3;    3.8;   6.4;   2.8; 1032.12;   79.83;   2.8;    6.6;    1.5;   -3.5;   9.1;   0.0;   0;    6.050;   0;eor
Rostock;20150313;   3;    3.9;   6.0;   5.1; 1029.38;   73.75;   4.7;    7.2;    1.8;   -0.3;  12.4;   0.0;   0;    3.283;   0;eor
Rostock;20150314;   3;    4.9;   7.2;   7.0; 1029.56;   83.88;   5.4;    7.1;    3.6;    2.8;  11.3;   0.0;   6;    0.533;   0;eor
Rostock;20150315;   3;    5.6;   7.3;   6.8; 1032.19;   80.79;   3.9;    7.5;    3.6;    2.3;  11.0;   0.0;   6;    0.150;   0;eor
Rostock;20150316;   3;    7.8;   7.7;   4.2; 1031.23;   73.13;   4.9;   11.4;    4.3;    3.2;  13.5;   0.0;   0;    9.667;   0;eor
Rostock;20150317;   3;   10.2;   7.7;   5.4; 1028.63;   62.79;   5.1;   14.7;    5.8;    4.4;  10.9;   0.0;   0;    8.983;   0;eor
Rostock;20150318;   3;    8.8;   5.2;   2.6; 1027.25;   48.00;   5.0;   13.8;    4.5;    0.5;  11.0;   0.0;   0;   10.600;   0;eor
Rostock;20150319;   3;    5.8;   5.6;   2.5; 1027.05;   62.75;   2.8;   12.6;    2.3;   -3.7;   6.9;   0.0;   0;   11.233;   0;eor
Rostock;20150320;   3;    3.5;   6.5;   4.7; 1020.81;   82.17;   3.4;    7.4;    0.1;   -4.6;   8.6;   0.6;   6;    4.100;   0;eor
Rostock;20150321;   3;    3.2;   6.7;   7.7; 1015.71;   86.08;   4.6;    4.1;    1.3;   -0.2;  16.5;   4.3;   6;    0.000;   0;eor
Rostock;20150322;   3;    2.0;   4.0;   5.0; 1026.46;   56.33;   3.3;    5.1;    0.1;   -2.1;  10.8;   0.0;   0;    8.783;   0;eor
Rostock;20150323;   3;    4.5;   5.2;   5.5; 1014.14;   61.83;   3.3;   10.1;    0.1;   -1.3;   9.0;   0.0;   0;   10.000;   0;eor
Rostock;20150324;   3;    4.6;   6.8;   7.3; 1007.82;   80.79;   2.1;    6.9;    2.2;    0.5;   4.7;   0.0;   0;    1.117;   0;eor
Rostock;20150325;   3;    7.1;   7.2;   6.6; 1007.40;   72.25;   3.1;   12.4;    2.7;    0.3;   9.8;   0.0;   0;    7.567;   0;eor
Rostock;20150326;   3;    6.0;   7.6;   7.6; 1004.33;   81.29;   4.0;    8.3;    4.9;    2.9;  10.3;   0.1;   6;    0.000;   0;eor
Rostock;20150327;   3;    5.7;   7.9;   7.5; 1009.40;   86.75;   2.7;    8.8;    4.5;    2.7;   8.5;   1.9;   6;    0.100;   0;eor
Rostock;20150328;   3;    6.7;   6.8;   7.7; 1013.83;   70.75;   4.3;    9.3;    4.5;    4.0;  12.2;   2.6;   6;    0.767;   0;eor
Rostock;20150329;   3;    8.8;   9.8;   7.8;  991.13;   86.63;   4.7;   11.1;    6.8;    5.9;  12.9;   8.8;   6;    0.567;   0;eor
Rostock;20150330;   3;    5.8;   7.7;   5.3;  988.62;   83.54;  12.3;    8.0;    4.0;    2.7;  25.2;   2.3;   8;    5.367;   0;eor
Rostock;20150331;   3;    4.2;   7.3;   7.6;  984.90;   87.71;   9.8;    7.9;    0.6;   -0.1;  32.3;  15.2;   8;    0.000;   0;eor
Rostock;20150401;   3;    4.4;   6.8;   5.5; 1000.58;   81.42;  13.0;    5.7;    2.4;    1.5;  26.1;   4.6;   8;    6.067;   0;eor
Rostock;20150402;   3;    4.5;   6.6;   5.5; 1004.73;   78.42;   9.3;    6.4;    0.5;   -0.1;  17.2;   0.1;   8;    7.467;   0;eor
Rostock;20150403;   3;    5.3;   7.0;   2.6; 1013.94;   79.04;   8.6;    7.0;    3.7;    2.6;  13.2;   0.0;   0;   10.050;   0;eor
Rostock;20150404;   3;    5.4;   7.0;   2.3; 1015.69;   77.92;   4.3;    7.7;    3.9;    1.6;  11.1;   0.0;   6;   11.500;   0;eor
Rostock;20150405;   3;    5.6;   6.9;   3.4; 1021.33;   75.33;   5.7;    7.7;    3.5;    1.2;  12.1;   0.0;   0;   12.483;   0;eor
Rostock;20150406;   3;    5.2;   6.7;   2.5; 1028.14;   75.96;   5.5;    7.2;    2.3;   -0.2;   9.6;   0.0;   0;   11.900;   0;eor
Rostock;20150407;   3;    5.2;   7.4;   7.2; 1029.68;   83.38;   5.6;    8.3;    1.2;   -1.4;  12.3;   0.0;   6;    1.750;   0;eor
Rostock;20150408;   3;    7.0;   8.9;   6.4; 1028.63;   88.33;   5.3;    9.2;    5.2;    0.2;  11.0;   0.0;   0;    3.450;   0;eor
Rostock;20150409;   3;    7.3;   8.1;   5.6; 1026.86;   79.71;   2.6;   10.8;    4.6;    1.2;   7.2;   0.0;   0;    8.383;   0;eor
Rostock;20150410;   3;    9.8;   8.8;   1.3; 1020.30;   72.33;   3.0;   14.5;    5.4;    3.3;   6.9;   0.0;   0;   11.450;   0;eor
Rostock;20150411;   3;   13.8;   9.5;   4.9; 1013.42;   63.17;   5.1;   21.6;    6.7;    5.6;  16.5;   1.8;   6;   10.083;   0;eor
Rostock;20150412;   3;   10.0;   6.6;   6.0; 1021.17;   55.79;   5.6;   13.6;    6.1;    4.9;  15.0;   0.0;   6;    6.333;   0;eor
Rostock;20150413;   3;    7.4;   7.4;   4.5; 1021.35;   71.79;  12.4;   12.3;    5.5;    4.8;  24.5;   0.0;   6;    9.933;   0;eor
Rostock;20150414;   3;    8.1;   8.6;   6.5; 1020.15;   79.00;   5.9;   12.8;    2.8;    2.1;  14.7;   1.5;   6;    0.800;   0;eor
Rostock;20150415;   3;   11.6;   9.8;   5.1; 1010.66;   73.50;   7.0;   18.8;    7.5;    6.4;  16.4;   0.0;   6;    9.817;   0;eor
Rostock;20150416;   3;    7.9;   8.2;   2.5; 1011.59;   77.29;   9.6;   10.0;    6.4;    5.5;  14.4;   0.0;   0;    9.100;   0;eor
Rostock;20150417;   3;    7.2;   8.0;   3.4; 1014.62;   78.96;   7.6;    9.7;    5.6;    3.9;  13.0;   0.5;   6;    7.533;   0;eor
Rostock;20150418;   3;    7.4;   6.8;   1.9; 1023.09;   66.25;   4.7;    9.9;    5.4;    3.5;   8.4;   0.0;   0;   12.717;   0;eor
Rostock;20150419;   3;    7.8;   8.4;   3.7; 1022.16;   79.17;   3.6;    9.6;    5.2;    1.3;   7.6;   0.0;   0;   11.767;   0;eor
Rostock;20150420;   3;    9.7;   8.8;   3.1; 1024.20;   74.00;   4.9;   11.9;    7.9;    6.3;   9.1;   0.0;   0;   12.050;   0;eor
Rostock;20150421;   3;   10.2;   9.4;   1.2; 1023.81;   75.96;   7.0;   12.1;    7.9;    7.0;  14.7;   0.0;   6;   13.733;   0;eor
Rostock;20150422;   3;    9.0;   8.6;   2.6; 1022.35;   74.67;   4.3;   11.2;    7.0;    5.3;  11.8;   0.0;   0;   10.383;   0;eor
Rostock;20150423;   3;    8.9;   9.7;   3.5; 1015.63;   84.92;   6.1;   11.6;    6.7;    5.4;  12.4;   0.0;   0;    8.167;   0;eor
Rostock;20150424;   3;    9.4;  10.3;   6.0; 1010.33;   87.67;   3.0;   12.5;    7.1;    4.4;   8.4;   0.0;   6;    5.883;   0;eor
Rostock;20150425;   3;   12.6;  11.1;   6.5; 1004.70;   76.67;   3.0;   17.6;    9.8;    6.6;  11.7;   8.5;   6;    0.233;   0;eor
Rostock;20150426;   3;   11.0;  11.2;   7.3; 1004.36;   85.46;   4.2;   16.0;    7.2;    7.0;   9.8;   4.6;   6;    2.583;   0;eor
Rostock;20150427;   3;    7.9;   8.4;   7.5; 1005.18;   78.58;   5.9;   10.1;    6.1;    5.7;  11.0;   2.6;   6;    1.683;   0;eor
Rostock;20150428;   3;    8.0;   6.9;   5.5; 1011.22;   64.83;   4.9;    9.6;    6.1;    4.7;  13.2;   0.0;   6;   13.067;   0;eor
Rostock;20150429;   3;    9.3;   6.5;   4.0; 1016.01;   58.04;   4.1;   13.9;    2.9;    2.0;  10.0;   0.0;   0;    9.067;   0;eor
Rostock;20150430;   3;    9.4;   8.0;   6.5; 1009.73;   68.00;   3.3;   13.0;    7.2;    6.6;  12.5;   3.7;   6;    6.017;   0;eor
Rostock;20150501;   3;    7.8;   8.3;   3.0; 1005.49;   79.00;   3.9;   10.2;    5.4;    4.1;   8.5;   0.0;   0;   11.817;   0;eor
Rostock;20150502;   3;    8.4;   8.3;   1.7; 1009.82;   75.75;   3.2;   10.6;    4.5;    3.3;   8.4;   0.0;   0;   12.917;   0;eor
Rostock;20150503;   3;   11.3;   8.0;   4.8; 1007.73;   62.38;   4.6;   17.6;    5.1;    2.5;  12.0;   9.0;   6;   11.217;   0;eor
Rostock;20150504;   3;   13.8;  12.8;   6.0; 1004.89;   81.38;   4.0;   17.9;   10.4;   10.0;  11.2;   0.2;   6;    6.133;   0;eor
Rostock;20150505;   3;   15.8;  14.3;   6.5; 1001.61;   79.42;   5.2;   22.3;   11.1;    9.2;  19.1;   8.0;   6;    3.433;   0;eor
Rostock;20150506;   3;   13.9;   9.8;   3.5; 1008.38;   64.25;   3.9;   19.9;    9.2;    7.6;  15.8;   1.1;   6;   10.083;   0;eor
Rostock;20150507;   3;   11.0;   9.6;   3.5; 1012.28;   72.83;   5.1;   13.6;    9.2;    7.8;  15.6;   0.3;   6;    7.600;   0;eor
Rostock;20150508;   3;   10.1;   8.9;   4.9; 1017.21;   72.54;   4.2;   12.1;    6.7;    5.9;   9.5;   0.0;   6;   11.300;   0;eor
Rostock;20150509;   3;   12.3;  10.9;   7.0; 1013.23;   75.50;   3.7;   16.8;    8.6;    8.1;  13.9;   3.1;   6;    0.650;   0;eor
Rostock;20150510;   3;   10.2;   9.9;   4.7; 1019.95;   79.83;   8.0;   12.4;    7.6;    6.0;  17.9;   0.8;   6;    6.333;   0;eor
Rostock;20150511;   3;   14.1;   9.1;   5.8; 1022.15;   58.13;   3.7;   20.2;    6.6;    4.3;  13.2;   0.0;   0;   11.617;   0;eor
Rostock;20150512;   3;   14.6;  11.4;   5.5; 1012.10;   68.83;   5.4;   23.5;    8.8;    7.6;  19.0;   0.0;   6;    4.667;   0;eor
Rostock;20150513;   3;   11.3;   9.4;   6.2; 1012.38;   71.00;   7.8;   14.5;    8.6;    7.5;  15.7;   0.2;   6;    5.517;   0;eor
Rostock;20150514;   3;   10.5;  10.1;   5.6; 1010.09;   79.71;   6.8;   12.8;    8.9;    8.2;  12.5;   0.1;   6;    8.700;   0;eor
Rostock;20150515;   3;   10.3;   9.0;   4.5; 1014.58;   71.54;   4.9;   12.5;    8.2;    7.7;   9.9;   0.0;   0;    6.467;   0;eor
Rostock;20150516;   3;    9.5;   9.3;   7.2; 1016.24;   78.33;   5.9;   11.7;    6.5;    5.7;  17.6;   0.1;   6;    0.000;   0;eor
Rostock;20150517;   3;   10.5;   8.8;   4.7; 1017.28;   70.00;   9.0;   13.1;    8.5;    7.7;  19.6;   0.7;   8;    9.517;   0;eor
Rostock;20150518;   3;   11.7;   9.6;   7.5; 1008.76;   70.96;   3.8;   15.4;    7.7;    7.1;   9.2;   2.2;   6;    1.900;   0;eor
Rostock;20150519;   3;   11.1;  10.1;   5.3; 1003.21;   76.46;   4.2;   14.5;    7.8;    5.2;  16.9;   0.0;   6;    6.667;   0;eor
Rostock;20150520;   3;   11.1;   9.4;   4.0; 1011.05;   71.92;   2.7;   16.4;    7.0;    5.1;   9.0;   1.0;   6;    8.500;   0;eor
Rostock;20150521;   3;   10.4;   9.4;   2.9; 1020.36;   74.83;   3.4;   13.5;    6.5;    5.4;   9.0;   0.1;   6;   10.150;   0;eor
Rostock;20150522;   3;   12.5;  10.1;   2.7; 1022.09;   71.00;   3.0;   17.7;    6.4;    5.4;   7.5;   0.0;   6;   12.300;   0;eor
Rostock;20150523;   3;   11.9;  10.9;   5.2; 1018.63;   77.83;   5.2;   13.6;    9.9;    9.6;   8.8;   1.5;   6;    7.417;   0;eor
Rostock;20150524;   3;   11.5;   9.9;   2.8; 1017.54;   73.25;   3.5;   13.4;    9.9;    7.1;   8.0;   0.0;   0;   11.050;   0;eor
Rostock;20150525;   3;   11.8;  11.1;   6.7; 1011.39;   80.00;   4.2;   14.4;    8.5;    7.1;   9.8;   0.1;   6;    1.283;   0;eor
Rostock;20150526;   3;   11.8;   9.8;   5.3; 1014.03;   70.58;   7.7;   14.4;   10.2;    9.3;  14.7;   0.0;   6;    8.600;   0;eor
Rostock;20150527;   3;   11.4;   9.8;   5.2; 1017.15;   72.50;   8.3;   13.7;    9.7;    7.7;  13.7;   0.0;   6;    6.533;   0;eor
Rostock;20150528;   3;   12.0;  10.1;   6.0; 1009.82;   72.63;   4.5;   17.8;    7.5;    6.2;  16.0;   4.6;   8;    2.117;   0;eor
Rostock;20150529;   3;   12.6;   8.7;   4.8; 1007.72;   62.00;   3.8;   17.1;    5.9;    5.0;  10.7;   0.4;   6;    9.950;   0;eor
Rostock;20150530;   3;   10.9;   9.4;   6.2; 1006.53;   72.46;   5.5;   13.9;    7.0;    5.6;  15.7;   1.6;   6;    5.900;   0;eor
Rostock;20150531;   3;   13.3;   9.6;   6.4; 1009.62;   64.17;   4.3;   17.5;    6.2;    4.7;  13.0;   1.5;   6;    3.933;   0;eor
Rostock;20150601;   3;   13.2;  10.7;   6.4; 1012.06;   70.63;   5.3;   16.4;   10.8;    9.6;  15.3;   0.0;   0;   10.833;   0;eor
Rostock;20150602;   3;   16.1;  12.0;   7.2; 1007.70;   66.58;   5.8;   19.9;   10.7;    9.9;  15.8;   0.0;   6;    2.017;   0;eor
Rostock;20150603;   3;   15.6;  11.9;   3.8; 1015.28;   67.50;   7.2;   18.9;   11.6;   10.5;  14.3;   0.0;   6;    9.950;   0;eor
Rostock;20150604;   3;   12.8;   9.9;   2.1; 1027.51;   67.38;   4.2;   15.1;   10.9;    8.6;  10.6;   0.0;   0;   14.667;   0;eor
Rostock;20150605;   3;   18.4;  10.6;   2.7; 1021.58;   51.88;   4.8;   26.4;   10.2;    9.1;  10.8;   0.1;   6;   15.067;   0;eor
Rostock;20150606;   3;   17.4;  13.8;   4.3; 1018.54;   68.63;   5.2;   23.4;   12.8;   11.3;  11.5;   0.2;   6;    8.467;   0;eor
Rostock;20150607;   3;   14.1;  10.8;   1.5; 1026.22;   67.13;   5.2;   18.6;    8.8;    7.7;  10.5;   0.0;   0;   16.067;   0;eor
Rostock;20150608;   3;   13.2;  10.5;   4.8; 1027.25;   69.29;   6.2;   15.0;   11.6;   10.7;   9.7;   0.0;   0;   12.233;   0;eor
Rostock;20150609;   3;   14.2;  11.1;   4.0; 1027.50;   68.67;   4.6;   17.0;   11.2;    7.9;   8.8;   0.0;   6;   11.733;   0;eor
Rostock;20150610;   3;   14.4;  10.3;   1.4; 1026.63;   63.29;   2.9;   17.8;   10.2;    5.0;   7.1;   0.0;   0;   16.567;   0;eor
Rostock;20150611;   3;   14.1;  12.4;   1.0; 1021.20;   77.21;   3.5;   15.6;   12.3;    9.6;   7.0;   0.0;   0;   16.183;   0;eor
Rostock;20150612;   3;   16.8;  14.0;   2.0; 1013.24;   74.04;   3.2;   22.2;   10.8;    7.5;   9.1;   0.0;   0;   13.900;   0;eor
Rostock;20150613;   3;   20.6;  16.2;   5.3; 1006.10;   68.83;   3.7;   29.8;   14.3;   12.8;  13.0;   8.6;   6;    8.917;   0;eor
Rostock;20150614;   3;   14.6;  13.5;   6.3; 1007.85;   80.71;   7.2;   15.8;   11.9;   11.4;  12.8;   0.0;   6;    4.467;   0;eor
Rostock;20150615;   3;   12.6;   9.3;   5.0; 1016.40;   63.67;   8.4;   15.1;   10.0;    9.1;  12.6;   0.0;   6;    8.250;   0;eor
Rostock;20150616;   3;   12.7;   9.3;   5.6; 1020.59;   63.25;   7.4;   14.2;   11.4;   11.1;  11.6;   0.0;   0;    4.550;   0;eor
Rostock;20150617;   3;   14.0;  11.3;   6.5; 1018.18;   70.54;   4.9;   18.1;   11.4;   10.7;   9.8;   1.6;   6;    4.550;   0;eor
Rostock;20150618;   3;   13.6;  13.1;   7.5; 1009.25;   83.71;   8.0;   15.3;   11.4;   11.0;  16.5;   7.2;   6;    0.600;   0;eor
Rostock;20150619;   3;   12.7;  11.9;   7.2; 1009.37;   81.17;   9.3;   15.3;   10.3;    9.8;  14.9;   6.8;   6;    3.083;   0;eor
Rostock;20150620;   3;   13.9;  13.2;   5.8; 1012.85;   83.33;   7.9;   16.3;   12.2;   11.2;  12.7;   6.1;   6;    6.600;   0;eor
Rostock;20150621;   3;   13.2;  11.4;   6.8; 1012.78;   75.04;   4.9;   15.3;   11.8;   10.8;  12.1;   1.9;   6;    5.717;   0;eor
Rostock;20150622;   3;   13.6;  12.6;   7.3; 1004.78;   81.08;   3.3;   16.9;   11.4;    8.5;  11.3;   1.5;   6;    2.450;   0;eor
Rostock;20150623;   3;   14.4;  12.7;   5.8; 1004.50;   77.75;   4.8;   16.7;   11.4;    9.3;  12.8;   0.1;   6;    8.633;   0;eor
Rostock;20150624;   3;   13.5;  12.0;   7.5; 1014.50;   77.46;   7.8;   14.9;   11.4;   10.8;  15.9;   0.2;   6;    0.200;   0;eor
Rostock;20150625;   3;   14.7;  13.3;   6.3; 1018.99;   79.63;   4.0;   17.2;   13.0;   10.0;  11.8;   0.0;   6;    7.600;   0;eor
Rostock;20150626;   3;   15.8;  12.9;   6.8; 1017.34;   71.75;   2.1;   18.2;   13.6;   11.2;   5.2;   0.0;   6;    8.867;   0;eor
Rostock;20150627;   3;   17.4;  16.3;   7.5; 1011.84;   81.67;   4.7;   22.3;   14.3;   13.5;  17.7;  13.8;   6;    2.300;   0;eor
Rostock;20150628;   3;   16.1;  13.3;   6.4; 1018.39;   73.21;   5.2;   18.7;   13.9;   12.9;  14.3;   0.8;   6;    8.083;   0;eor
Rostock;20150629;   3;   17.7;  15.7;   6.0; 1018.35;   77.67;   2.9;   21.6;   14.7;   14.1;   7.2;   0.0;   0;    9.567;   0;eor
Rostock;20150630;   3;   17.0;  14.9;   2.7; 1021.17;   77.29;   3.8;   18.9;   14.0;   11.5;   7.6;   0.0;   0;   15.983;   0;eor
Rostock;20150701;   3;   19.1;  15.0;   0.1; 1023.08;   69.33;   3.1;   26.3;   13.1;   10.8;   9.3;   0.0;   0;   16.450;   0;eor
Rostock;20150702;   3;   22.2;  15.0;   0.1; 1023.62;   58.38;   4.6;   28.6;   16.1;   14.8;  10.9;   0.0;   0;   16.433;   0;eor
Rostock;20150703;   3;   23.1;  17.0;   2.8; 1022.94;   61.67;   3.4;   31.4;   17.9;   15.7;   8.5;   0.0;   0;   13.633;   0;eor
Rostock;20150704;   3;   23.9;  20.4;   3.5; 1018.21;   71.46;   1.9;   34.9;   17.9;   14.8;  11.8;   0.0;   0;   14.700;   0;eor
Rostock;20150705;   3;   24.0;  20.9;   6.0; 1014.03;   71.00;   2.6;   29.6;   19.9;   17.9;  16.6;  10.7;   6;   10.367;   0;eor
Rostock;20150706;   3;   19.2;  15.9;   4.0; 1015.15;   70.92;   6.9;   21.4;   16.2;   14.9;  15.5;   0.0;   0;   13.817;   0;eor
Rostock;20150707;   3;   19.5;  15.6;   4.1; 1008.82;   68.96;   2.9;   24.0;   13.6;   12.9;   8.3;   1.8;   6;    9.283;   0;eor
Rostock;20150708;   3;   17.0;  15.0;   6.2; 1001.85;   77.13;   5.2;   20.1;   13.0;   12.9;  20.0;  10.5;   6;    6.250;   0;eor
Rostock;20150709;   3;   14.5;  11.2;   6.7; 1008.66;   67.83;  12.9;   16.0;   13.2;   12.2;  22.7;   0.1;   6;    5.017;   0;eor
Rostock;20150710;   3;   14.6;  10.8;   4.3; 1016.37;   64.92;  12.8;   16.6;   12.9;   12.6;  21.3;   0.0;   6;    7.833;   0;eor
Rostock;20150711;   3;   15.0;  11.2;   4.5; 1016.18;   65.50;   3.6;   17.1;   13.1;   11.6;  10.1;   0.0;   6;   10.467;   0;eor
Rostock;20150712;   3;   17.0;  14.6;   7.3; 1012.45;   75.25;   3.7;   20.8;   14.2;   13.1;  10.1;   2.9;   6;    1.217;   0;eor
Rostock;20150713;   3;   16.9;  15.7;   7.0; 1011.03;   81.46;   3.6;   18.7;   15.4;   14.9;   7.8;   0.1;   6;    5.300;   0;eor
Rostock;20150714;   3;   17.5;  15.2;   5.8; 1011.49;   76.54;   2.9;   19.7;   15.2;   14.4;  10.7;   0.0;   6;    8.733;   0;eor
Rostock;20150715;   3;   17.1;  12.9;   5.4; 1016.23;   66.46;   5.6;   19.4;   15.3;   15.0;  11.2;   2.3;   6;   13.217;   0;eor
Rostock;20150716;   3;   16.4;  13.2;   5.2; 1017.23;   71.38;   2.8;   19.0;   13.4;   11.5;   5.8;   0.0;   6;    6.667;   0;eor
Rostock;20150717;   3;   20.1;  15.3;   2.9; 1013.05;   65.79;   3.2;   26.6;   11.8;   10.6;  11.1;   4.5;   6;   11.883;   0;eor
Rostock;20150718;   3;   18.9;  16.4;   4.9; 1012.45;   75.42;   5.1;   22.1;   13.9;   12.5;  11.4;   0.8;   6;    8.017;   0;eor
Rostock;20150719;   3;   13.9;  12.7;   6.8; 1009.52;   80.04;   2.6;   15.9;   12.0;   10.9;   9.0;   3.5;   6;    0.000;   0;eor
Rostock;20150720;   3;   16.4;  14.2;   4.9; 1009.93;   76.29;   5.3;   19.3;   13.4;   12.1;  14.0;   0.0;   6;    8.400;   0;eor
Rostock;20150721;   3;   19.0;  16.9;   3.9; 1009.60;   76.67;   4.6;   23.1;   15.0;   14.2;  11.8;   4.9;   6;   10.550;   0;eor
Rostock;20150722;   3;   19.7;  16.1;   5.0; 1010.85;   70.54;   3.0;   23.9;   15.3;   14.2;  11.9;   0.0;   0;   10.500;   0;eor
Rostock;20150723;   3;   17.3;  14.0;   5.4; 1013.05;   70.71;   5.7;   19.1;   14.0;   12.7;  11.1;   0.0;   6;    6.567;   0;eor
Rostock;20150724;   3;   17.2;  13.2;   4.6; 1013.37;   67.79;   3.8;   20.6;   11.9;   11.0;  10.2;   2.6;   6;   14.183;   0;eor
Rostock;20150725;   3;   19.2;  15.5;   6.0;  998.59;   70.46;   4.9;   27.6;   14.1;   13.5;  19.4;   4.4;   6;    7.267;   0;eor
Rostock;20150726;   3;   16.3;  12.6;   5.8; 1005.11;   68.63;   9.0;   18.9;   14.3;   10.6;  23.3;   0.0;   6;    8.217;   0;eor
Rostock;20150727;   3;   16.0;  13.9;   7.4;  999.39;   75.96;   3.6;   19.7;   13.7;   12.8;   9.7;   5.0;   6;    0.717;   0;eor
Rostock;20150728;   3;   16.4;  15.0;   6.9;  998.02;   81.13;   5.4;   19.5;   13.8;   12.6;  14.7;   1.2;   6;    2.767;   0;eor
Rostock;20150729;   3;   14.8;  12.2;   6.1; 1000.30;   73.25;   5.3;   18.2;   12.3;   11.4;  14.4;   7.2;   8;    4.700;   0;eor
Rostock;20150730;   3;   14.1;  13.9;   8.0; 1004.25;   86.67;   7.6;   16.4;   12.9;   12.3;  18.6;   2.7;   6;    0.000;   0;eor
Rostock;20150731;   3;   14.8;  11.3;   6.0; 1014.74;   67.38;   8.8;   17.1;   13.1;   12.1;  17.6;   0.0;   6;    3.767;   0;eor
Rostock;20150801;   3;   15.0;  11.4;   4.5; 1017.03;   67.50;   3.5;   18.4;   10.1;    9.1;  10.1;   0.0;   0;   12.117;   0;eor
Rostock;20150802;   3;   16.6;  14.9;   5.0; 1018.13;   79.29;   2.5;   19.5;   12.3;    9.0;   6.7;   0.0;   0;   11.983;   0;eor
Rostock;20150803;   3;   21.1;  13.9;   0.7; 1017.31;   59.42;   3.2;   30.0;   12.4;   10.2;   9.0;   0.0;   0;   14.750;   0;eor
Rostock;20150804;   3;   23.9;  16.8;   4.3; 1011.23;   61.50;   5.1;   33.3;   17.9;   17.5;  18.2;   1.9;   6;   10.167;   0;eor
Rostock;20150805;   3;   18.6;  15.3;   4.5; 1016.57;   72.08;   4.4;   21.2;   16.5;   15.2;  11.3;   0.0;   0;   13.533;   0;eor
Rostock;20150806;   3;   21.7;  17.8;   3.1; 1015.02;   69.63;   3.8;   29.1;   15.4;   13.9;  10.3;   0.0;   0;   14.183;   0;eor
Rostock;20150807;   3;   20.1;  18.0;   4.0; 1015.83;   76.63;   3.0;   24.5;   18.2;   15.1;   9.5;   4.3;   6;    7.100;   0;eor
Rostock;20150808;   3;   18.9;  19.0;   6.5; 1018.48;   87.17;   4.1;   20.7;   17.2;   15.5;  10.6;   0.3;   6;    5.100;   0;eor
Rostock;20150809;   3;   18.3;  12.9;   1.0; 1020.85;   62.08;   3.8;   21.7;   14.7;   11.8;   7.3;   0.0;   0;   14.317;   0;eor
Rostock;20150810;   3;   18.7;  15.7;   5.6; 1016.90;   72.42;   3.4;   22.7;   14.4;   10.4;   9.6;  15.9;   6;   10.467;   0;eor
Rostock;20150811;   3;   18.2;  19.6;   6.1; 1016.07;   93.50;   3.5;   19.7;   17.1;   15.8;  13.6;   0.3;   6;    4.117;   0;eor
Rostock;20150812;   3;   17.8;  18.4;   6.2; 1021.08;   90.08;   2.6;   19.4;   15.6;   12.2;   6.1;   0.0;   6;    1.450;   0;eor
Rostock;20150813;   3;   17.9;  16.0;   1.1; 1020.08;   78.63;   3.9;   21.7;   15.1;   12.0;  10.5;   0.0;   0;   14.317;   0;eor
Rostock;20150814;   3;   22.6;  17.3;   1.6; 1010.25;   64.21;   4.8;   28.0;   17.7;   16.4;  12.9;   0.0;   6;   13.050;   0;eor
Rostock;20150815;   3;   19.7;  19.6;   7.3; 1006.06;   85.75;   2.1;   22.8;   17.1;   16.9;   6.6;   7.3;   6;    4.800;   0;eor
Rostock;20150816;   3;   17.7;  19.2;   6.2; 1009.12;   95.00;   3.0;   19.4;   16.6;   16.2;   8.1;   2.8;   6;    6.083;   0;eor
Rostock;20150817;   3;   20.4;  17.2;   7.1; 1010.31;   72.46;   3.5;   25.2;   17.7;   17.0;  12.4;   0.2;   6;    2.100;   0;eor
Rostock;20150818;   3;   20.7;  15.4;   4.8; 1012.50;   64.25;   3.6;   25.5;   16.3;   12.3;  11.8;   0.0;   0;    7.283;   0;eor
Rostock;20150819;   3;   20.7;  12.1;   0.8; 1018.03;   52.38;   3.2;   27.6;   15.4;   12.1;  10.3;   0.0;   0;   13.600;   0;eor
Rostock;20150820;   3;   19.8;  11.8;   0.8; 1022.95;   56.29;   3.1;   26.4;   13.9;   11.1;   9.9;   0.0;   0;   13.317;   0;eor
Rostock;20150821;   3;   19.7;  11.9;   1.3; 1024.44;   53.96;   3.4;   27.2;   13.8;    9.5;   8.4;   0.0;   0;   11.800;   0;eor
Rostock;20150822;   3;   18.2;  14.1;   1.1; 1021.94;   67.67;   3.3;   23.1;   13.9;    9.0;   8.2;   0.0;   0;   13.450;   0;eor
Rostock;20150823;   3;   19.7;  13.7;   2.6; 1014.70;   62.00;   3.5;   25.5;   15.3;   12.4;  11.7;   0.1;   6;    9.400;   0;eor
Rostock;20150824;   3;   19.6;  16.1;   6.6; 1005.70;   70.54;   4.3;   24.5;   16.3;   15.3;  10.8;  11.1;   6;    2.367;   0;eor
Rostock;20150825;   3;   17.5;  16.0;   6.1; 1008.14;   80.38;   4.3;   21.1;   14.8;   13.1;  18.7;   2.9;   6;    4.033;   0;eor
Rostock;20150826;   3;   19.5;  15.3;   6.5; 1011.88;   68.29;   3.7;   24.7;   14.6;   12.9;  10.4;   0.0;   6;    7.483;   0;eor
Rostock;20150827;   3;   18.1;  15.9;   7.7; 1007.91;   77.08;   3.5;   21.6;   14.1;   13.5;  11.1;   7.9;   6;    0.000;   0;eor
Rostock;20150828;   3;   16.4;  14.8;   5.2; 1014.08;   80.04;   3.7;   19.8;   13.7;   12.8;   9.3;   0.0;   6;    7.200;   0;eor
Rostock;20150829;   3;   16.6;  13.9;   3.8; 1021.57;   73.96;   3.1;   19.5;   12.6;   11.5;   7.6;   0.0;   0;   10.450;   0;eor
Rostock;20150830;   3;   18.0;  15.4;   5.5; 1018.10;   74.88;   2.7;   21.5;   14.3;   12.1;   7.4;   0.3;   6;    3.817;   0;eor
Rostock;20150831;   3;   19.0;  18.0;   4.9; 1010.30;   81.38;   2.6;   22.1;   15.7;   14.1;   8.0;   0.0;   0;    8.083;   0;eor
Rostock;20150901;   3;   19.2;  17.8;   4.5; 1005.59;   79.33;   5.6;   22.9;   15.3;   14.2;  14.7;   0.0;   6;    1.750;   0;eor
Rostock;20150902;   3;   15.9;  11.8;   2.9; 1011.39;   66.79;   4.4;   20.6;   12.2;   10.7;  11.9;   0.0;   0;    9.167;   0;eor
Rostock;20150903;   3;   14.1;  12.0;   3.3; 1012.22;   75.08;   2.4;   17.2;   11.0;    8.7;   6.0;   0.1;   6;    5.017;   0;eor
Rostock;20150904;   3;   14.6;  11.4;   6.0; 1009.45;   69.92;   3.2;   18.9;   11.2;    9.1;   9.8;   3.8;   6;    2.267;   0;eor
Rostock;20150905;   3;   14.1;  12.4;   6.4; 1002.73;   77.50;   7.8;   16.5;   12.0;   11.6;  19.6;  12.9;   6;    4.600;   0;eor
Rostock;20150906;   3;   15.1;  12.8;   4.7; 1008.08;   74.88;  13.2;   16.4;   13.0;   12.1;  22.6;   0.0;   6;    5.267;   0;eor
Rostock;20150907;   3;   15.2;  10.9;   3.7; 1018.63;   63.46;   8.1;   17.3;   13.3;   12.1;  11.7;   0.0;   0;   10.983;   0;eor
Rostock;20150908;   3;   15.1;  11.9;   3.3; 1021.45;   69.17;   5.2;   17.4;   12.5;    8.5;  10.0;   0.0;   0;   10.783;   0;eor
Rostock;20150909;   3;   14.4;  11.4;   3.4; 1025.00;   70.29;   3.1;   18.1;    9.7;    5.5;   7.6;   0.0;   0;   11.383;   0;eor
Rostock;20150910;   3;   15.5;  12.7;   2.6; 1025.68;   73.46;   2.6;   20.1;   11.8;    8.1;   9.2;   0.0;   0;   11.300;   0;eor
Rostock;20150911;   3;   14.4;  13.6;   6.2; 1021.78;   83.21;   3.4;   16.9;   12.8;   11.0;  10.7;  10.9;   6;    0.167;   0;eor
Rostock;20150912;   3;   16.2;  14.7;   4.9; 1016.45;   80.29;   3.8;   20.0;   13.0;   11.5;   9.6;   1.7;   6;    7.817;   0;eor
Rostock;20150913;   3;   16.8;  15.7;   7.6; 1010.84;   82.13;   4.3;   20.6;   13.8;   13.3;  10.6;   1.6;   6;    3.017;   0;eor
Rostock;20150914;   3;   17.2;  16.0;   5.8; 1001.94;   81.67;   4.3;   20.7;   15.2;   14.1;  11.2;   4.8;   6;    4.300;   0;eor
Rostock;20150915;   3;   14.7;  12.2;   3.0; 1003.53;   73.50;   4.2;   18.3;   11.8;    9.7;  13.7;   8.5;   8;    8.283;   0;eor
Rostock;20150916;   3;   15.1;  13.8;   6.5;  999.33;   79.63;   3.6;   18.2;   11.8;    9.9;  10.0;   4.6;   6;    0.067;   0;eor
Rostock;20150917;   3;   17.4;  15.3;   7.4;  996.94;   77.04;   4.6;   20.1;   14.1;   13.3;  14.1;   1.3;   6;    1.400;   0;eor
Rostock;20150918;   3;   15.4;  12.3;   3.8; 1011.07;   71.67;   4.3;   19.3;   12.4;   10.7;  11.6;   0.1;   6;    9.433;   0;eor
Rostock;20150919;   3;   14.5;  13.2;   6.1; 1017.00;   79.96;   4.0;   16.9;   12.0;   11.0;  10.7;   0.0;   6;    2.850;   0;eor
Rostock;20150920;   3;   14.3;  12.7;   6.3; 1015.79;   77.83;   8.6;   15.9;   12.7;   11.9;  15.3;   4.6;   6;    4.833;   0;eor
Rostock;20150921;   3;   13.7;  12.5;   6.9; 1012.07;   79.58;   5.0;   15.5;   12.7;   11.5;  10.6;   0.5;   6;    2.400;   0;eor
Rostock;20150922;   3;   13.9;  13.0;   7.9; 1002.75;   82.13;   3.2;   15.9;   12.8;   11.8;   9.4;   1.6;   6;    0.033;   0;eor
Rostock;20150923;   3;   12.5;  12.7;   5.6; 1006.19;   87.88;   2.2;   14.9;   10.4;    7.0;   5.4;   0.0;   0;    1.133;   0;eor
Rostock;20150924;   3;   13.2;  12.0;   6.1; 1013.94;   79.83;   3.8;   17.5;    9.5;    8.1;  11.4;   0.0;   6;    4.333;   0;eor
Rostock;20150925;   3;   13.6;  12.5;   3.0; 1018.49;   80.58;   3.3;   15.9;   10.7;    9.2;   8.4;   0.0;   0;   10.133;   0;eor
Rostock;20150926;   3;   14.4;  11.9;   3.2; 1024.52;   72.67;   6.0;   16.0;   13.4;   12.0;   9.5;   0.0;   0;   10.017;   0;eor
Rostock;20150927;   3;   13.8;  12.1;   1.9; 1030.50;   76.42;   4.9;   15.5;   12.3;   11.2;   8.3;   0.0;   0;    9.333;   0;eor
Rostock;20150928;   3;   13.5;  12.3;   1.0; 1035.87;   79.33;   3.0;   15.9;   10.0;    6.5;   5.9;   0.0;   0;   11.150;   0;eor
Rostock;20150929;   3;   11.9;  11.2;   2.1; 1038.41;   81.42;   2.5;   16.7;    7.1;    2.8;   7.8;   0.0;   0;    5.583;   0;eor
Rostock;20150930;   3;   11.2;  10.9;   0.8; 1036.31;   82.83;   2.0;   15.5;    5.7;    1.8;   4.5;   0.0;   0;   11.400;   0;eor
Rostock;20151001;   3;   11.3;  11.5;   2.3; 1030.83;   85.42;   4.0;   15.1;    7.0;    3.2;   8.6;   0.0;   0;   10.267;   0;eor
Rostock;20151002;   3;   12.8;  12.1;   4.6; 1024.41;   81.88;   4.6;   15.0;    9.1;    4.6;  10.6;   0.0;   0;    7.417;   0;eor
Rostock;20151003;   3;   12.1;  11.1;   2.8; 1015.94;   80.13;   2.3;   18.1;    6.5;    4.6;   6.0;   0.0;   0;    6.833;   0;eor
Rostock;20151004;   3;   12.9;  13.0;   2.8; 1012.65;   86.83;   3.3;   16.1;    9.8;    7.6;   7.6;   0.0;   0;    8.200;   0;eor
Rostock;20151005;   3;   12.4;  13.0;   5.7; 1014.96;   90.46;   2.9;   16.9;    8.4;    8.2;   7.9;   0.0;   0;    5.517;   0;eor
Rostock;20151006;   3;   13.7;  12.6;   6.5; 1010.03;   80.38;   5.3;   16.7;   10.9;    9.4;  15.2;   2.1;   6;    0.617;   0;eor
Rostock;20151007;   3;   12.4;  11.6;   7.9; 1012.51;   80.71;   6.0;   14.9;    8.2;    7.7;  13.1;   3.1;   6;    0.017;   0;eor
Rostock;20151008;   3;    7.6;   9.3;   8.0; 1018.25;   89.25;   4.6;    8.5;    6.8;    6.3;  11.0;   1.4;   6;    0.000;   0;eor
Rostock;20151009;   3;    8.8;   7.8;   7.9; 1022.64;   70.04;   2.7;   11.7;    6.4;    3.8;   8.2;   0.0;   6;    0.300;   0;eor
Rostock;20151010;   3;    6.9;   6.1;   2.4; 1024.90;   62.63;   3.1;   10.2;    3.7;    0.8;   9.6;   0.0;   0;    9.800;   0;eor
Rostock;20151011;   3;    7.4;   6.9;   2.0; 1024.51;   67.63;   2.6;   11.3;    3.8;    0.1;   8.1;   0.0;   0;    9.733;   0;eor
Rostock;20151012;   3;    6.1;   6.1;   2.5; 1023.51;   66.17;   3.2;    9.7;    3.4;    0.3;   9.5;   0.0;   6;    9.233;   0;eor
Rostock;20151013;   3;    5.8;   7.0;   7.4; 1020.64;   75.58;   1.9;    8.4;    3.3;    0.6;   5.3;   0.0;   6;    0.117;   0;eor
Rostock;20151014;   3;    7.3;   8.2;   8.0; 1020.78;   80.08;   3.0;    9.8;    5.0;    4.8;  10.7;   6.5;   6;    0.483;   0;eor
Rostock;20151015;   3;    7.7;   9.0;   8.0; 1018.78;   85.96;   3.4;    9.3;    6.6;    6.1;  10.4;   7.0;   6;    0.000;   0;eor
Rostock;20151016;   3;    8.6;  10.4;   8.0; 1015.88;   93.08;   2.8;    9.4;    7.5;    6.9;   6.8;   9.7;   6;    0.000;   0;eor
Rostock;20151017;   3;    9.9;  11.7;   8.0; 1016.15;   96.00;   1.6;   11.2;    8.4;    8.2;   5.4;   3.5;   6;    0.000;   0;eor
Rostock;20151018;   3;    9.3;  11.2;   8.0; 1016.43;   95.46;   2.3;   11.1;    8.2;    8.0;   7.4;   6.6;   6;    0.000;   0;eor
Rostock;20151019;   3;   11.0;  11.3;   5.9; 1019.35;   86.58;   3.5;   12.8;    9.4;    6.3;   7.1;   0.0;   6;    3.983;   0;eor
Rostock;20151020;   3;   10.5;  10.7;   7.0; 1019.12;   84.33;   3.8;   11.9;    9.2;    5.7;   9.1;   2.2;   6;    0.750;   0;eor
Rostock;20151021;   3;   10.7;  10.1;   7.2; 1015.54;   78.83;   4.1;   12.7;    9.1;    8.0;   8.2;   0.2;   6;    0.317;   0;eor
Rostock;20151022;   3;   10.9;  11.5;   7.5; 1009.09;   87.96;   5.0;   12.6;    9.2;    8.3;  13.1;   0.5;   6;    0.017;   0;eor
Rostock;20151023;   3;   11.9;  11.1;   4.5; 1017.31;   80.08;   7.6;   13.1;    9.2;    7.7;  17.9;   0.0;   0;    8.383;   0;eor
Rostock;20151024;   3;   10.7;  10.1;   6.8; 1017.16;   78.54;   2.8;   13.2;    8.2;    6.9;   8.2;   0.0;   6;    0.850;   0;eor
Rostock;20151025;   3;   11.0;  10.8;   5.3; 1019.26;   82.08;   6.0;   12.8;    7.5;    5.7;  11.3;   0.2;   6;    6.183;   0;eor
Rostock;20151026;   3;    8.4;   8.8;   2.8; 1024.40;   80.71;   2.6;   12.7;    5.2;    2.9;   6.0;   0.0;   0;    8.300;   0;eor
Rostock;20151027;   3;    8.0;   8.6;   1.7; 1020.35;   80.71;   3.7;   12.8;    4.4;    2.3;   8.4;   0.0;   0;    8.733;   0;eor
Rostock;20151028;   3;    8.3;   8.1;   3.4; 1015.54;   74.58;   3.4;   12.3;    5.8;    3.8;  10.6;   0.0;   0;    7.200;   0;eor
Rostock;20151029;   3;    6.9;   8.1;   1.4; 1017.60;   81.50;   2.6;   10.4;    4.5;    1.0;   6.3;   0.0;   0;    6.917;   0;eor
Rostock;20151030;   3;    6.0;   8.5;   3.8; 1028.36;   91.17;   2.5;    9.5;    3.1;    0.6;   5.8;   0.0;   0;    3.017;   0;eor
Rostock;20151031;   3;    9.9;   9.9;   5.0; 1029.80;   81.63;   3.1;   12.8;    6.3;    5.6;   9.6;   0.0;   0;    4.467;   0;eor
Rostock;20151101;   3;    8.5;  10.0;   5.6; 1028.17;   89.75;   2.6;   10.8;    6.5;    2.6;   7.0;   0.0;   0;    2.917;   0;eor
Rostock;20151102;   3;    8.6;  10.5;   8.0; 1027.17;   93.67;   1.8;    9.4;    6.1;    6.1;   5.5;   0.0;   0;    0.000;   0;eor
Rostock;20151103;   3;    4.9;   8.3;   6.8; 1020.92;   96.00;   2.1;    7.7;    3.2;    3.3;   6.2;   0.0;   0;    3.533;   0;eor
Rostock;20151104;   3;    5.0;   7.9;   6.4; 1018.65;   90.46;   2.3;    7.3;    1.9;    2.3;   6.7;   0.3;   6;    1.783;   0;eor
Rostock;20151105;   3;   10.1;  10.8;   6.6; 1018.99;   86.54;   2.4;   13.4;    7.1;    6.5;   6.9;   3.5;   6;    1.333;   0;eor
Rostock;20151106;   3;   12.0;  13.4;   8.0; 1017.02;   95.08;   2.9;   13.5;   10.4;    9.8;   7.3;  10.2;   6;    0.000;   0;eor
Rostock;20151107;   3;   14.7;  15.0;   7.5; 1015.61;   89.38;   4.8;   17.0;   12.8;   12.2;  18.6;   2.5;   6;    0.300;   0;eor
Rostock;20151108;   3;   11.8;  11.4;   4.3; 1020.17;   82.04;   7.3;   14.5;    9.8;    6.9;  19.4;   2.6;   6;    7.233;   0;eor
Rostock;20151109;   3;   12.1;  11.5;   7.3; 1011.83;   80.88;   6.2;   14.1;   10.7;    9.6;  15.7;   3.0;   6;    2.317;   0;eor
Rostock;20151110;   3;   13.7;  14.2;   8.0; 1010.43;   90.33;   8.2;   15.5;   11.6;   11.0;  19.3;   0.5;   6;    0.117;   0;eor
Rostock;20151111;   3;   13.9;  13.9;   8.0; 1015.15;   87.29;   6.6;   14.9;   12.2;   11.3;  14.8;   0.0;   6;    0.000;   0;eor
Rostock;20151112;   3;   11.8;  11.4;   4.8; 1018.49;   82.08;   5.5;   13.8;    8.9;    7.1;  14.4;   0.0;   6;    5.233;   0;eor
Rostock;20151113;   3;   10.3;   9.9;   4.5; 1014.25;   78.42;   4.7;   13.9;    7.0;    5.5;  17.6;   2.9;   6;    1.633;   0;eor
Rostock;20151114;   3;    7.1;   8.1;   6.3; 1012.45;   80.67;   6.5;    8.7;    5.0;    4.0;  20.0;   3.4;   6;    2.467;   0;eor
Rostock;20151115;   3;    7.5;   9.6;   7.4; 1003.25;   92.92;   2.9;    8.6;    6.9;    5.6;   8.7;  10.0;   6;    0.000;   0;eor
Rostock;20151116;   3;   10.3;  11.4;   7.3; 1006.12;   90.92;   4.3;   12.2;    7.0;    6.1;  11.4;   1.5;   6;    0.000;   0;eor
Rostock;20151117;   3;   10.6;  11.4;   7.7; 1001.13;   88.88;   3.8;   12.6;    9.2;    8.4;  12.3;   8.9;   6;    0.450;   0;eor
Rostock;20151118;   3;   11.1;  10.7;   6.9;  998.70;   80.71;   9.3;   13.6;    9.4;    8.2;  28.6;   3.4;   6;    2.767;   0;eor
Rostock;20151119;   3;   10.0;  10.0;   6.8;  998.70;   81.58;   7.6;   11.4;    8.8;    7.3;  20.0;  11.5;   6;    0.300;   0;eor
Rostock;20151120;   3;    7.6;   9.0;   6.9;  996.39;   86.42;   4.7;    9.2;    5.8;    5.0;  14.1;  10.2;   6;    0.567;   0;eor
Rostock;20151121;   3;    5.3;   7.6;   8.0;  991.03;   85.83;   4.0;    6.3;    3.9;    3.3;  14.8;   0.3;   6;    0.000;   0;eor
Rostock;20151122;   3;    2.8;   6.0;   6.8;  997.87;   79.75;   6.3;    4.9;    0.7;   -2.1;  16.2;   1.0;   8;    1.683;   0;eor
Rostock;20151123;   3;    3.5;   5.5;   4.8; 1016.18;   69.75;   5.6;    5.3;    0.5;   -0.1;  14.3;   0.4;   6;    7.150;   0;eor
Rostock;20151124;   3;    3.4;   5.8;   7.9; 1012.16;   74.63;   5.6;    4.7;    2.1;    1.5;  13.4;   0.9;   6;    0.117;   0;eor
Rostock;20151125;   3;    3.3;   7.2;   8.0; 1001.63;   93.21;   3.7;    5.1;    1.8;    1.3;  11.0;   1.0;   6;    0.000;   0;eor
Rostock;20151126;   3;    5.5;   7.6;   3.3; 1010.63;   84.25;   4.7;    7.1;    1.9;    0.7;   8.9;   0.0;   0;    4.883;   0;eor
Rostock;20151127;   3;    2.3;   6.6;   2.9; 1012.94;   91.21;   4.3;    4.1;    0.2;   -0.4;  11.6;   0.0;   0;    0.283;   0;eor
Rostock;20151128;   3;    3.8;   6.6;   6.3; 1003.11;   82.25;   6.1;    7.3;    1.1;    0.6;  17.0;   5.2;   8;    0.767;   0;eor
Rostock;20151129;   3;    7.3;   8.3;   6.9;  997.50;   80.58;   7.5;    9.6;    3.8;    3.1;  24.6;   8.3;   8;    0.133;   0;eor
Rostock;20151130;   3;    5.3;   7.1;   5.9; 1002.85;   79.96;   8.5;    7.1;    3.1;    2.5;  30.2;   5.1;   6;    1.783;   0;eor
Rostock;20151201;   3;    6.5;   7.9;   5.4; 1013.92;   82.04;   9.5;    7.5;    5.0;    4.3;  17.9;   1.1;   6;    3.783;   0;eor
Rostock;20151202;   3;    9.2;   9.9;   7.8; 1019.70;   84.83;   4.6;   10.9;    5.3;    4.8;  14.8;   0.1;   6;    0.000;   0;eor
Rostock;20151203;   3;    9.4;   9.0;   7.7; 1022.89;   76.50;   4.4;   10.1;    7.1;    6.3;   9.9;   0.1;   6;    0.033;   0;eor
Rostock;20151204;   3;    8.2;   8.3;   6.8; 1017.63;   76.38;   6.1;    9.8;    5.6;    4.8;  17.6;   0.2;   6;    1.633;   0;eor
Rostock;20151205;   3;    9.3;   7.3;   7.3; 1016.15;   62.33;   7.9;   10.7;    8.5;    7.4;  18.4;   0.0;   0;    0.100;   0;eor
Rostock;20151206;   3;    9.8;   8.5;   6.9; 1013.28;   69.08;   7.4;   11.6;    7.8;    6.6;  17.1;   0.0;   6;    1.100;   0;eor
Rostock;20151207;   3;    7.8;   8.8;   6.0; 1028.43;   82.92;   3.6;    9.9;    5.6;    2.7;  10.6;   0.2;   6;    2.800;   0;eor
Rostock;20151208;   3;    9.1;  10.2;   4.6; 1027.72;   88.92;   3.5;   11.7;    7.6;    6.1;   8.9;   0.5;   6;    4.483;   0;eor
Rostock;20151209;   3;    7.8;   9.1;   4.4; 1027.28;   84.88;   4.7;    9.6;    5.0;    3.3;  13.7;   0.0;   0;    2.083;   0;eor
Rostock;20151210;   3;    5.8;   7.1;   5.2; 1025.28;   76.67;   6.3;    7.1;    4.5;    3.2;  14.2;   0.7;   6;    4.000;   0;eor
Rostock;20151211;   3;    5.5;   7.5;   6.3; 1013.97;   83.00;   5.6;    7.0;    4.0;    2.3;  17.0;   1.4;   6;    0.000;   0;eor
Rostock;20151212;   3;    5.8;   7.8;   6.7; 1012.86;   84.83;   5.6;    7.1;    2.9;    2.4;  16.2;  16.3;   6;    1.667;   0;eor
Rostock;20151213;   3;    5.6;   7.8;   5.6; 1011.67;   85.25;   8.7;    8.9;    2.3;    2.0;  18.6;   0.0;   6;    2.850;   0;eor
Rostock;20151214;   3;    2.8;   6.7;   6.3; 1021.59;   90.04;   3.1;    6.0;    0.7;   -0.5;  10.8;   0.3;   6;    0.000;   0;eor
Rostock;20151215;   3;    3.5;   7.0;   8.0; 1023.02;   89.38;   2.6;    4.2;    2.3;    2.2;   8.3;   0.2;   6;    0.000;   0;eor
Rostock;20151216;   3;    4.8;   7.8;   7.5; 1023.55;   90.29;   4.1;    8.1;    1.8;    1.8;  10.1;   2.5;   6;    0.000;   0;eor
Rostock;20151217;   3;   11.1;  12.1;   7.9; 1015.82;   91.33;   3.8;   13.5;    8.1;    7.6;  10.9;   0.4;   6;    0.000;   0;eor
Rostock;20151218;   3;   11.6;  11.5;   6.8; 1015.10;   83.75;   4.5;   12.8;    9.7;    8.7;  12.4;   0.6;   6;    1.533;   0;eor
Rostock;20151219;   3;   11.4;  10.8;   6.6; 1016.32;   80.17;   4.5;   12.7;   10.0;    8.5;  10.3;   0.0;   6;    2.117;   0;eor
Rostock;20151220;   3;   11.0;  10.5;   7.1; 1013.68;   80.33;   4.4;   12.1;    9.2;    8.2;  10.8;   0.0;   6;    0.000;   0;eor
Rostock;20151221;   3;   10.3;  10.1;   7.2; 1011.58;   80.21;   5.5;   11.6;    8.5;    7.6;  20.8;   4.0;   6;    1.550;   0;eor
Rostock;20151222;   3;   10.4;  10.7;   6.3; 1012.25;   82.96;   7.2;   13.1;    7.9;    6.6;  23.9;   2.1;   6;    0.000;   0;eor
Rostock;20151223;   3;   10.9;  10.0;   5.0; 1014.90;   75.33;   6.6;   13.4;    6.1;    4.3;  18.5;   0.0;   6;    2.217;   0;eor
Rostock;20151224;   3;    7.7;   8.7;   6.0; 1018.41;   82.33;   4.3;   11.6;    5.1;    3.4;  12.8;   0.6;   6;    4.050;   0;eor
Rostock;20151225;   3;    7.9;   8.0;   4.8; 1019.21;   74.54;   5.0;   11.6;    6.4;    4.6;  14.0;   2.9;   6;    5.950;   0;eor
Rostock;20151226;   3;   12.4;  12.2;   8.0; 1014.29;   84.17;   6.3;   13.8;    6.3;    5.8;  15.3;   3.2;   6;    0.000;   0;eor
Rostock;20151227;   3;   10.8;  10.1;   6.5; 1018.41;   78.04;   6.1;   13.1;    7.2;    5.6;  13.7;   0.3;   6;    0.000;   0;eor
Rostock;20151228;   3;    5.7;   7.4;   7.3; 1029.68;   80.42;   5.5;    7.6;    4.0;    3.7;  13.3;   0.0;   0;    0.000;   0;eor
Rostock;20151229;   3;    3.9;   6.4;   7.1; 1030.45;   78.54;   7.6;    4.7;    2.4;    2.2;  15.8;   0.0;   0;    1.917;   0;eor
Rostock;20151230;   3;    2.0;   5.5;   4.9; 1029.37;   77.04;   6.7;    3.7;    0.1;   -1.4;  15.0;   0.0;   0;    4.167;   0;eor
Rostock;20151231;   3;    0.6;   4.5;   5.3; 1020.11;   70.04;   5.6;    2.4;   -1.0;   -2.3;  16.3;   1.0;   6;    2.917;   0;eor
Rostock;20160101;   3;    1.4;   6.6;   7.5; 1023.27;   98.29;   2.9;    2.7;   -0.2;   -0.4;   7.5;   0.0;   6;    0.000;   0;eor
Rostock;20160102;   3;   -3.1;   4.3;   5.3; 1022.93;   82.54;   6.0;    1.3;   -8.6;   -9.6;  15.9;   0.0;   0;    0.000;   0;eor
Rostock;20160103;   3;   -9.4;   2.2;   1.9; 1015.75;   72.71;   8.1;   -8.0;  -10.5;  -11.5;  15.0;   0.0;   0;    5.433;   0;eor
Rostock;20160104;   3;   -8.9;   2.2;   0.3;  999.56;   69.54;   5.7;   -6.9;  -10.9;  -12.1;  13.4;   0.0;   0;    3.517;   0;eor
Rostock;20160105;   3;   -8.1;   2.2;   0.1; 1001.36;   68.17;   4.2;   -5.2;  -10.6;  -12.3;  10.2;   0.0;   0;    6.383;   0;eor
Rostock;20160106;   3;   -6.9;   2.7;   0.2; 1005.34;   75.38;   3.1;   -3.3;   -9.7;  -14.5;   7.4;   0.0;   0;    7.017;   0;eor
Rostock;20160107;   3;   -6.8;   3.1;   3.0; 1001.86;   83.88;   5.9;   -3.1;   -9.1;  -11.3;  14.7;   4.8;   7;    4.267;   0;eor
Rostock;20160108;   3;    1.0;   5.9;   8.0;  993.57;   88.88;   9.4;    3.4;   -3.1;   -3.3;  21.2;   4.1;   8;    0.000;   8;eor
Rostock;20160109;   3;    1.7;   5.7;   4.0; 1001.48;   83.00;   4.1;    4.4;    0.0;   -2.2;  10.0;   0.0;   0;    5.917;   0;eor
Rostock;20160110;   3;    1.1;   6.2;   6.1;  993.71;   92.88;   6.2;    2.9;   -0.8;   -1.5;  14.2;   5.0;   6;    0.000;   0;eor
Rostock;20160111;   3;    1.2;   6.4;   6.6;  989.91;   96.67;   4.3;    1.9;    0.5;   -0.9;   9.3;   0.0;   6;    0.500;   0;eor
Rostock;20160112;   3;    1.8;   6.7;   7.9;  990.10;   96.04;   4.6;    3.7;    0.4;    0.2;   9.8;   8.9;   6;    0.000;   0;eor
Rostock;20160113;   3;    1.8;   6.2;   7.5; 1001.98;   88.50;   4.8;    3.8;   -0.1;   -1.2;  13.2;   1.2;   8;    0.033;   0;eor
Rostock;20160114;   3;    1.4;   6.2;   7.5; 1006.12;   92.63;   4.6;    2.4;   -0.1;   -1.0;   9.6;   0.2;   6;    0.050;   0;eor
Rostock;20160115;   3;    0.1;   5.8;   7.3; 1008.41;   93.46;   2.5;    1.4;   -0.6;   -4.2;   6.7;   0.2;   7;    0.783;   0;eor
Rostock;20160116;   3;   -0.1;   5.7;   7.9; 1016.10;   93.08;   2.7;    1.0;   -1.0;   -1.6;   6.8;   2.8;   7;    0.000;   0;eor
Rostock;20160117;   3;   -0.7;   4.7;   6.8; 1020.48;   81.21;   5.3;    0.6;   -2.9;   -4.0;  11.1;   0.5;   7;    0.750;   4;eor
Rostock;20160118;   3;   -4.7;   3.7;   5.2; 1019.01;   85.42;   4.4;   -2.5;   -7.8;   -8.9;   8.5;   0.1;   7;    2.383;   5;eor
Rostock;20160119;   3;   -3.9;   3.7;   6.7; 1011.33;   80.33;   4.9;   -0.4;   -6.8;   -9.2;  13.0;   0.0;   7;    0.383;   5;eor
Rostock;20160120;   3;   -0.8;   4.5;   6.2; 1012.75;   78.63;   5.3;    0.6;   -2.4;   -2.6;   9.8;   0.0;   7;    1.033;   5;eor
Rostock;20160121;   3;   -2.9;   4.1;   6.0; 1025.15;   83.50;   4.4;    0.0;   -7.5;   -9.1;  10.8;   0.0;   0;    2.767;   3;eor
Rostock;20160122;   3;   -5.8;   3.3;   3.1; 1027.95;   83.67;   4.6;   -2.5;   -9.0;  -10.2;  11.3;   1.7;   7;    6.883;   3;eor
Rostock;20160123;   3;   -0.9;   5.3;   7.9; 1023.74;   89.79;   3.9;    3.8;   -4.7;   -5.5;   9.8;   1.1;   7;    0.000;   5;eor
Rostock;20160124;   3;    3.9;   7.8;   8.0; 1025.86;   96.46;   4.4;    5.0;    2.4;    2.0;  10.5;   8.0;   6;    0.000;   0;eor
Rostock;20160125;   3;    7.9;  10.5;   7.6; 1020.07;   98.04;   4.4;    9.4;    4.8;    4.4;  12.0;   0.1;   6;    0.000;   0;eor
Rostock;20160126;   3;    8.4;   9.0;   7.3; 1014.61;   81.21;   5.4;    9.6;    6.7;    5.8;  16.3;   0.3;   6;    0.717;   0;eor
Rostock;20160127;   3;   10.2;  10.5;   8.0; 1006.23;   84.42;   6.8;   11.5;    8.3;    7.3;  15.7;   0.9;   6;    0.000;   0;eor
Rostock;20160128;   3;    6.5;   7.5;   4.9; 1013.03;   76.46;   7.3;   11.2;    3.8;    2.6;  18.3;   0.0;   6;    4.283;   0;eor
Rostock;20160129;   3;    6.6;   7.9;   7.7; 1012.98;   79.79;   7.0;    9.5;    3.7;    2.9;  17.5;   0.0;   6;    0.000;   0;eor
Rostock;20160130;   3;    7.1;   8.6;   7.0; 1001.14;   84.50;   6.5;    9.8;    3.4;    1.9;  15.8;   6.3;   6;    0.000;   0;eor
Rostock;20160131;   3;    3.5;   6.5;   6.8; 1000.21;   82.96;   6.4;    4.7;    1.5;    1.0;  20.4;   1.7;   6;    1.883;   0;eor
Rostock;20160201;   3;    6.2;   8.7;   6.5; 1004.75;   91.00;   6.1;   10.4;    2.1;    0.9;  19.8;   4.2;   6;    0.000;   0;eor
Rostock;20160202;   3;    7.9;   7.2;   6.6; 1000.90;   67.04;   8.7;    9.4;    5.1;    4.0;  22.3;   0.4;   6;    1.933;   0;eor
Rostock;20160203;   3;    4.9;   6.7;   5.0; 1005.11;   76.79;   8.9;    6.7;    3.0;    1.8;  20.5;   0.8;   6;    2.383;   0;eor
Rostock;20160204;   3;    3.4;   6.5;   3.4; 1013.09;   83.79;   7.7;    4.5;    2.7;    1.5;  15.1;   0.1;   8;    4.217;   0;eor
Rostock;20160205;   3;    3.9;   7.3;   6.2; 1017.78;   89.42;   5.3;    7.1;    1.5;    0.6;  12.7;   1.9;   6;    0.000;   0;eor
Rostock;20160206;   3;    8.2;   9.3;   6.9; 1009.25;   85.38;   4.0;   10.7;    6.5;    4.6;  13.9;   0.0;   0;    0.967;   0;eor
Rostock;20160207;   3;    8.3;   7.7;   5.0;  998.68;   70.88;   5.0;   12.1;    5.7;    4.2;  13.8;   0.1;   6;    2.750;   0;eor
Rostock;20160208;   3;    7.4;   7.4;   5.3;  989.19;   71.38;   6.5;   10.0;    5.7;    4.3;  18.3;   1.3;   6;    1.300;   0;eor
Rostock;20160209;   3;    6.8;   7.6;   6.8;  984.22;   77.08;   6.2;    8.6;    5.3;    4.7;  20.5;   7.3;   8;    2.633;   0;eor
Rostock;20160210;   3;    4.2;   6.8;   7.6;  985.48;   82.50;   5.8;    8.0;    0.8;    0.4;  25.7;   2.7;   6;    0.917;   0;eor
Rostock;20160211;   3;    4.0;   7.7;   8.0;  995.57;   94.13;   4.0;    4.9;    3.2;    2.8;  11.2;   6.1;   6;    0.017;   0;eor
Rostock;20160212;   3;    2.8;   6.7;   6.9;  999.30;   90.46;   2.1;    3.5;    0.9;   -1.6;   6.9;   0.1;   6;    0.350;   0;eor
Rostock;20160213;   3;    1.3;   6.3;   3.2;  995.31;   93.71;   2.5;    4.4;   -1.2;   -2.6;   8.7;   0.0;   0;    4.850;   0;eor
Rostock;20160214;   3;    2.3;   6.3;   8.0;  992.48;   86.75;   4.9;    4.0;   -0.1;   -0.3;  11.7;   7.1;   6;    0.000;   0;eor
Rostock;20160215;   3;    1.7;   6.0;   7.2; 1012.12;   85.67;   8.3;    3.2;   -0.4;   -0.7;  13.6;   1.2;   8;    0.600;   0;eor
Rostock;20160216;   3;    0.2;   4.5;   1.4; 1033.75;   72.67;   3.0;    1.6;   -1.5;   -5.7;   7.4;   0.0;   0;    8.750;   0;eor
Rostock;20160217;   3;    0.4;   4.7;   2.5; 1025.38;   75.00;   4.0;    3.4;   -2.5;   -5.2;  11.3;   0.1;   7;    8.517;   0;eor
Rostock;20160218;   3;    1.4;   5.7;   7.8; 1014.22;   84.33;   2.3;    2.8;   -0.2;   -0.7;   6.8;   0.0;   6;    0.250;   1;eor
Rostock;20160219;   3;    2.2;   5.8;   6.7; 1016.33;   81.71;   2.6;    4.8;    0.2;   -1.7;   9.0;   0.0;   6;    3.667;   0;eor
Rostock;20160220;   3;    3.6;   6.9;   7.3; 1004.76;   86.13;   5.4;    6.0;    1.1;   -0.5;  18.0;   3.4;   8;    0.000;   0;eor
Rostock;20160221;   3;    6.6;   8.7;   7.6;  998.42;   88.54;   5.1;   10.0;    4.5;    4.0;  17.0;  13.3;   6;    0.083;   0;eor
Rostock;20160222;   3;    5.2;   7.3;   7.0;  997.19;   82.21;   6.7;    8.5;    3.7;    2.7;  17.1;   0.1;   6;    0.000;   0;eor
Rostock;20160223;   3;    4.7;   6.9;   3.5; 1003.77;   80.88;   6.1;    6.9;    3.1;    1.9;  13.9;   0.0;   6;    5.133;   0;eor
Rostock;20160224;   3;    3.0;   6.0;   3.2; 1009.18;   79.38;   6.5;    5.4;    0.8;   -0.7;  16.1;   0.3;   6;    7.133;   0;eor
Rostock;20160225;   3;    1.7;   5.7;   6.4; 1007.16;   83.25;   3.4;    3.5;    0.2;   -1.3;   9.3;   0.0;   8;    1.333;   0;eor
Rostock;20160226;   3;    2.4;   6.2;   4.0; 1009.45;   85.00;   4.4;    4.8;    0.3;   -1.9;  11.1;   0.0;   0;    5.100;   0;eor
Rostock;20160227;   3;    1.4;   5.6;   5.7; 1013.40;   84.25;   2.6;    5.2;   -0.7;   -5.8;   5.5;   0.0;   0;    5.183;   0;eor
Rostock;20160228;   3;   -0.5;   5.7;   5.9; 1019.18;   96.63;   1.9;    1.5;   -2.1;   -7.9;   5.9;   0.0;   0;    0.517;   0;eor
Rostock;20160229;   3;    1.0;   5.2;   6.0; 1025.00;   80.50;   3.4;    4.0;   -2.0;   -4.7;   9.1;   0.0;   0;    3.850;   0;eor
Rostock;20160301;   3;    2.2;   4.9;   7.0; 1015.26;   68.17;   3.0;    4.9;    0.4;   -1.1;  13.8;   1.8;   8;    2.500;   0;eor
Rostock;20160302;   3;    3.4;   7.0;   6.5;  995.30;   88.83;   4.6;    8.1;    0.6;   -0.6;  14.0;   2.1;   6;    0.217;   0;eor
Rostock;20160303;   3;    4.0;   6.5;   5.2; 1000.05;   80.63;   3.3;    7.3;    0.9;   -0.6;   7.6;   0.0;   0;    3.500;   0;eor
Rostock;20160304;   3;    2.3;   6.2;   5.6; 1001.46;   85.96;   3.3;    5.0;   -0.6;   -1.5;   9.0;   0.0;   6;    1.600;   0;eor
Rostock;20160305;   3;    4.2;   6.6;   8.0;  996.04;   80.50;   4.5;    5.9;    3.0;    2.4;  10.1;   6.2;   6;    0.000;   0;eor
Rostock;20160306;   3;    3.1;   7.0;   8.0;  994.97;   92.46;   3.0;    3.9;    2.3;    1.7;  10.1;   5.9;   6;    0.000;   0;eor
Rostock;20160307;   3;    3.3;   6.3;   5.0; 1001.75;   81.25;   3.3;    5.7;    1.6;   -1.4;   9.2;   0.0;   0;    2.083;   0;eor
Rostock;20160308;   3;    3.4;   5.8;   3.1; 1010.87;   74.67;   3.3;    7.3;   -0.3;   -2.3;   9.9;   0.0;   0;    6.533;   0;eor
Rostock;20160309;   3;    4.3;   5.6;   2.5; 1013.20;   70.08;   3.3;    8.8;    1.4;   -0.9;  10.9;   0.0;   0;    9.250;   0;eor
Rostock;20160310;   3;    3.5;   7.1;   6.0; 1021.57;   89.67;   3.7;    7.6;    1.2;   -1.0;   9.5;   0.0;   0;    1.950;   0;eor
Rostock;20160311;   3;    3.1;   5.7;   6.9; 1029.49;   74.79;   4.3;    5.0;    1.6;   -1.2;   9.0;   0.0;   0;    1.000;   0;eor
Rostock;20160312;   3;    1.6;   5.9;   7.6; 1033.09;   85.83;   2.9;    2.9;    0.4;   -1.1;   6.2;   0.0;   6;    0.000;   0;eor
Rostock;20160313;   3;    1.6;   6.0;   4.8; 1036.83;   87.29;   3.6;    4.2;   -0.7;   -5.7;   8.5;   0.0;   6;    4.650;   0;eor
Rostock;20160314;   3;    2.3;   6.8;   7.9; 1032.82;   93.92;   3.6;    4.1;   -0.3;   -1.2;   7.2;   0.0;   6;    0.000;   0;eor
Rostock;20160315;   3;    4.3;   7.0;   6.9; 1028.78;   84.83;   4.6;    7.7;    3.0;    1.7;  10.9;   0.9;   6;    3.750;   0;eor
Rostock;20160316;   3;    3.9;   6.3;   0.8; 1033.29;   78.71;   3.2;    8.9;    1.3;   -1.8;   8.1;   0.0;   0;   11.283;   0;eor
Rostock;20160317;   3;    4.1;   6.6;   0.7; 1026.44;   81.21;   3.6;    7.1;    0.4;   -4.9;  11.9;   0.0;   6;   11.333;   0;eor
Rostock;20160318;   3;    3.9;   7.7;   7.7; 1017.24;   95.79;   5.1;    4.5;    3.1;    1.2;  10.3;   0.0;   6;    0.000;   0;eor
Rostock;20160319;   3;    4.2;   7.2;   6.6; 1016.76;   87.38;   4.2;    7.3;    1.7;    1.8;  12.7;   0.0;   6;    3.383;   0;eor
Rostock;20160320;   3;    5.4;   7.6;   4.9; 1010.61;   85.42;   6.5;    7.1;    4.5;    3.4;  11.5;   0.0;   6;    7.083;   0;eor
Rostock;20160321;   3;    5.5;   7.9;   7.8; 1008.41;   87.83;   8.6;    6.9;    4.5;    3.3;  16.8;   1.4;   6;    0.100;   0;eor
Rostock;20160322;   3;    5.3;   8.3;   7.8; 1007.28;   93.54;   4.6;    6.5;    4.6;    4.3;  12.0;   0.9;   6;    0.333;   0;eor
Rostock;20160323;   3;    5.2;   7.8;   7.0; 1006.70;   88.42;   4.9;    6.4;    4.1;    2.4;   9.5;   0.0;   6;    2.200;   0;eor
Rostock;20160324;   3;    5.0;   7.3;   6.7; 1010.39;   83.54;   2.5;    7.8;    3.5;    0.8;   8.8;   0.7;   6;    3.967;   0;eor
Rostock;20160325;   3;    6.6;   9.0;   8.0; 1007.95;   91.96;   3.7;    8.5;    5.2;    3.9;   9.8;   1.6;   6;    0.000;   0;eor
Rostock;20160326;   3;    7.6;   7.7;   4.6; 1014.38;   76.29;   4.3;   13.4;    3.6;    3.2;  13.0;   0.0;   0;    6.650;   0;eor
Rostock;20160327;   3;    8.4;   8.3;   6.3; 1006.93;   76.25;   4.8;   13.8;    5.7;    4.5;  15.6;   1.3;   6;    4.533;   0;eor
Rostock;20160328;   3;    9.6;   8.0;   4.9; 1001.26;   69.08;   4.7;   13.8;    4.8;    3.1;  19.3;   0.0;   6;    6.267;   0;eor
Rostock;20160329;   3;    7.0;   8.1;   6.4; 1001.59;   81.13;   3.9;   10.9;    5.2;    3.9;  13.6;   5.3;   6;    3.267;   0;eor
Rostock;20160330;   3;    6.3;   7.6;   4.8; 1005.25;   80.42;   4.8;   10.3;    3.8;    2.7;  16.0;   1.3;   6;    5.817;   0;eor
Rostock;20160331;   3;    6.3;   7.7;   7.4; 1011.80;   80.33;   4.3;    8.0;    5.1;    4.3;  10.9;   0.0;   0;    5.000;   0;eor
Rostock;20160401;   3;    5.4;   6.3;   3.2; 1019.34;   70.38;   4.2;    7.4;    3.7;   -0.2;   8.1;   0.0;   0;   12.233;   0;eor
Rostock;20160402;   3;    9.9;   5.7;   4.9; 1018.64;   48.42;   4.0;   16.6;    4.3;    2.3;  13.9;   0.0;   0;   10.650;   0;eor
Rostock;20160403;   3;   12.0;   7.9;   6.0; 1011.13;   56.13;   3.4;   19.9;    7.3;    5.8;   9.1;   0.0;   0;    4.317;   0;eor
Rostock;20160404;   3;   12.3;  10.4;   6.5; 1006.36;   73.33;   2.8;   18.5;    8.4;    5.1;  11.4;   0.0;   6;    2.150;   0;eor
Rostock;20160405;   3;    8.1;  10.2;   7.2; 1004.55;   94.29;   3.0;    9.3;    7.1;    5.5;  16.1;   4.7;   6;    1.217;   0;eor
Rostock;20160406;   3;   10.4;   8.6;   6.2; 1003.55;   69.75;   5.4;   13.8;    7.4;    5.9;  13.1;   0.5;   6;    2.550;   0;eor
Rostock;20160407;   3;    8.0;   7.3;   3.5; 1004.25;   68.58;   5.7;   12.7;    5.0;    3.4;  16.2;   0.1;   6;    7.350;   0;eor
Rostock;20160408;   3;    7.3;   7.7;   5.3; 1008.20;   75.04;   4.0;   10.6;    4.3;    2.8;  10.0;   0.0;   6;    2.333;   0;eor
Rostock;20160409;   3;    7.4;   7.7;   3.8; 1010.05;   75.42;   2.8;   10.9;    4.1;    0.0;   6.8;   0.0;   0;   11.850;   0;eor
Rostock;20160410;   3;    7.8;   6.8;   4.6; 1015.30;   65.46;   2.7;   13.0;    4.5;    1.6;   8.2;   0.0;   0;    8.600;   0;eor
Rostock;20160411;   3;    7.9;   7.4;   4.8; 1017.50;   70.67;   3.4;   12.0;    4.3;    1.5;   9.8;   2.8;   6;    4.833;   0;eor
Rostock;20160412;   3;    7.9;   8.9;   7.1; 1011.08;   83.25;   2.5;   11.4;    6.1;    4.0;   6.2;   0.6;   6;    0.450;   0;eor
Rostock;20160413;   3;    7.1;   9.1;   5.9; 1006.58;   90.25;   3.8;    9.5;    5.5;    2.5;   9.5;   0.0;   0;    4.950;   0;eor
Rostock;20160414;   3;    6.8;   8.0;   5.3; 1009.52;   81.25;   3.9;    9.0;    5.5;    1.1;   8.0;   0.0;   0;   10.733;   0;eor
Rostock;20160415;   3;    8.7;   9.2;   6.8; 1002.20;   81.71;   3.1;   13.2;    5.1;    3.5;   9.7;   2.9;   6;    0.533;   0;eor
Rostock;20160416;   3;   10.9;   9.4;   5.2;  998.00;   73.88;   4.8;   15.8;    6.6;    5.8;  15.4;   1.2;   6;    9.017;   0;eor
Rostock;20160417;   3;    7.8;   7.3;   2.0; 1005.95;   69.88;   6.8;   11.4;    4.8;    3.3;  15.4;   0.0;   0;   12.117;   0;eor
Rostock;20160418;   3;    7.9;   7.1;   5.5; 1014.54;   67.17;   5.1;   11.2;    3.4;    2.1;  13.1;   0.0;   6;    4.083;   0;eor
Rostock;20160419;   3;    8.1;   8.1;   3.4; 1016.95;   75.50;   9.5;    9.7;    6.5;    5.2;  19.4;   0.0;   0;    9.450;   0;eor
Rostock;20160420;   3;    7.8;   8.1;   2.8; 1025.32;   76.83;   8.6;   10.0;    6.5;    5.6;  14.6;   0.0;   0;    8.300;   0;eor
Rostock;20160421;   3;    8.1;   8.3;   3.1; 1022.20;   77.25;   6.9;   11.1;    6.0;    4.8;  15.8;   0.0;   0;   10.850;   0;eor
Rostock;20160422;   3;    7.8;   7.6;   2.5; 1015.28;   72.17;   7.4;    9.8;    6.0;    5.2;  15.7;   0.0;   0;   12.300;   0;eor
Rostock;20160423;   3;    6.2;   6.8;   4.5; 1008.24;   71.29;   6.0;    9.5;    3.0;    1.7;  11.6;   3.9;   8;    9.500;   0;eor
Rostock;20160424;   3;    4.5;   6.4;   4.9; 1006.59;   76.13;   4.8;    6.0;    1.4;    0.3;  10.1;  14.2;   8;    5.900;   1;eor
Rostock;20160425;   3;    4.0;   6.6;   7.4; 1002.72;   81.29;   4.2;    7.6;    1.1;    0.1;  13.5;   6.5;   8;    1.883;   2;eor
Rostock;20160426;   3;    5.2;   6.4;   7.0;  995.50;   73.21;   3.7;    9.9;    1.8;    1.4;  14.1;   0.4;   6;    5.033;   0;eor
Rostock;20160427;   3;    4.8;   7.0;   7.0;  997.93;   82.58;   3.4;    9.1;    2.3;    0.9;   9.7;   7.6;   6;    1.783;   0;eor
Rostock;20160428;   3;    5.3;   7.3;   5.7; 1007.90;   82.33;   4.6;    8.4;    2.8;    2.3;  12.9;   8.5;   8;    5.567;   0;eor
Rostock;20160429;   3;    9.2;   6.5;   6.8; 1014.50;   58.21;   4.6;   14.1;    3.2;    1.9;  15.5;   0.0;   6;    8.583;   0;eor
Rostock;20160430;   3;    9.7;   8.1;   6.5; 1017.75;   67.63;   4.6;   13.9;    7.7;    7.1;  11.0;   1.9;   6;    6.450;   0;eor
Rostock;20160501;   3;    8.9;   9.6;   3.2; 1024.41;   84.29;   4.3;   11.7;    7.1;    2.4;   8.3;   0.0;   0;   10.250;   0;eor
Rostock;20160502;   3;   10.9;   8.9;   1.4; 1022.62;   69.46;   2.9;   16.7;    4.8;    1.3;   8.0;   0.0;   0;   13.917;   0;eor
Rostock;20160503;   3;   10.6;   9.5;   5.1; 1017.71;   74.25;   5.6;   17.4;    8.6;    7.1;  12.8;   0.0;   6;    7.817;   0;eor
Rostock;20160504;   3;    9.2;   9.3;   2.6; 1026.51;   80.00;   5.7;   11.8;    7.5;    2.4;  11.4;   0.0;   0;   13.133;   0;eor
Rostock;20160505;   3;   10.5;   8.2;   0.9; 1026.74;   66.17;   3.0;   13.7;    6.0;    0.7;   8.0;   0.0;   0;   14.817;   0;eor
Rostock;20160506;   3;   15.6;   8.9;   2.0; 1019.54;   51.54;   4.0;   23.1;    7.6;    3.9;  10.4;   0.0;   0;   14.300;   0;eor
Rostock;20160507;   3;   18.0;   8.6;   0.3; 1016.77;   43.71;   5.3;   24.5;   11.8;   10.4;  12.3;   0.0;   0;   14.717;   0;eor
Rostock;20160508;   3;   18.3;   9.4;   0.5; 1019.41;   46.46;   4.5;   25.0;   11.9;    9.6;  13.0;   0.0;   0;   14.367;   0;eor
Rostock;20160509;   3;   18.1;  10.2;   0.6; 1019.56;   51.50;   3.4;   25.1;   12.6;    9.9;  11.4;   0.0;   0;   14.617;   0;eor
Rostock;20160510;   3;   18.2;  10.7;   1.8; 1014.96;   53.67;   4.1;   25.1;   11.8;    7.6;  11.2;   0.0;   0;   14.383;   0;eor
Rostock;20160511;   3;   17.3;  11.1;   2.8; 1010.76;   59.54;   3.7;   25.2;   10.9;    8.7;  11.6;   0.0;   0;   13.117;   0;eor
Rostock;20160512;   1;   12.9;  10.7;   0.5; 1006.41;   72.21;   4.3;   20.4;    8.7;    6.6;  13.2;   0.0;   0;   14.883;   0;eor
Rostock;20160513;   1;   11.3;   9.8;   1.9; 1002.06;   74.17;   3.7;   15.5;    8.2;    6.3;  11.4;   0.0;   0;   14.667;   0;eor
Rostock;20160514;   1;   10.2;   9.4;   5.3; 1003.05;   75.42;   7.9;   12.8;    7.8;    7.1;  12.8;   1.6;   8;    8.700;   0;eor
Rostock;20160515;   1;    9.1;   8.8;   6.1; 1008.18;   76.08;   9.5;   10.9;    7.1;    6.2;  19.4;   2.5;   6;    5.683;   0;eor
Rostock;20160516;   1;   10.1;   9.0;   6.3; 1011.33;   72.88;  11.8;   12.2;    8.8;    8.1;  16.3;   0.0;   6;    9.250;   0;eor
Rostock;20160517;   1;   10.1;   9.2;   7.7; 1010.86;   73.79;   8.2;   11.9;    8.7;    8.5;  14.5;   0.0;   6;    0.350;   0;eor
Rostock;20160518;   1;   13.4;   9.5;   5.2; 1009.05;   63.46;   2.6;   18.4;    6.8;    5.7;   9.9;   0.0;   0;    8.000;   0;eor
Rostock;20160519;   1;   15.2;  11.3;   5.1; 1009.32;   65.63;   2.7;   18.9;   12.8;    8.8;   7.4;   0.0;   0;    8.867;   0;eor
Rostock;20160520;   1;   15.5;  11.9;   6.8; 1013.30;   68.54;   3.7;   20.5;   13.2;   12.4;  11.4;   0.3;   6;    2.933;   0;eor
Rostock;20160521;   1;   16.4;  12.8;   6.8; 1014.10;   70.54;   2.8;   21.5;   11.5;   10.6;   8.0;   0.0;   0;    3.917;   0;eor
Rostock;20160522;   1;   21.6;  12.5;   6.2; 1008.26;   51.04;   4.9;   28.0;   14.4;   12.9;  16.6;   0.0;   6;   12.083;   0;eor
Rostock;20160523;   1;   15.1;  15.5;   7.3; 1007.58;   89.92;   3.5;   17.4;   14.3;   12.9;   9.6;   0.4;   6;    3.083;   0;eor
Rostock;20160524;   1;   14.0;  14.8;   7.9; 1009.08;   92.83;   6.3;   15.1;   13.0;   13.4;  10.8;   0.1;   6;    1.483;   0;eor
Rostock;20160525;   1;   14.1;  15.2;   7.1; 1012.22;   94.21;   4.4;   15.9;   12.2;    9.1;   7.8;   0.0;   0;    2.383;   0;eor
Rostock;20160526;   1;   14.2;  13.6;   7.9; 1014.88;   84.88;   2.6;   17.2;   11.0;   11.1;   8.1;   1.0;   6;    0.483;   0;eor
Rostock;20160527;   1;   14.9;  12.4;   6.2; 1016.39;   73.54;   3.0;   17.1;   12.6;   11.0;   6.6;   0.0;   0;    5.250;   0;eor
Rostock;20160528;   1;   15.3;  13.4;   5.1; 1015.06;   77.21;   4.2;   18.4;   13.0;   11.7;  11.0;   0.0;   0;   11.433;   0;eor
Rostock;20160529;   1;   15.7;  15.1;   6.2; 1009.27;   84.63;   5.0;   21.7;   12.2;   12.5;  10.9;   0.0;   0;    7.250;   0;eor
Rostock;20160530;   1;   20.2;  16.9;   4.6; 1006.40;   72.63;   3.7;   27.1;   13.9;   12.3;  14.8;   0.7;   6;    7.483;   0;eor
Rostock;20160531;   1;   16.1;  15.8;   5.1; 1010.11;   85.88;   4.3;   19.6;   13.4;   12.9;  12.6;   3.1;   6;   10.950;   0;eor
Rostock;20160601;   1;   14.7;  15.0;   5.1; 1011.62;   89.63;   5.7;   17.0;   12.7;   12.3;  12.4;   2.7;   6;   12.117;   0;eor
Rostock;20160602;   1;   17.1;  16.0;   5.2; 1011.05;   83.88;   2.8;   26.8;   12.7;   12.3;   8.4;   0.0;   6;    8.650;   0;eor
Rostock;20160603;   1;   16.4;  15.6;   3.4; 1012.40;   83.50;   3.5;   19.7;   13.4;   10.2;  11.3;   0.0;   0;   13.700;   0;eor
Rostock;20160604;   1;   15.9;  14.3;   0.6; 1012.91;   79.25;   2.2;   20.5;   12.4;    8.9;   7.1;   0.0;   0;   16.050;   0;eor
Rostock;20160605;   1;   17.1;  14.6;   1.5; 1016.09;   74.88;   2.5;   21.1;   12.8;    8.6;   7.7;   0.0;   0;   16.233;   0;eor
Rostock;20160606;   1;   17.7;  10.9;   0.5; 1021.68;   56.42;   3.3;   24.6;   11.2;    8.8;   8.9;   0.0;   0;   16.283;   0;eor
Rostock;20160607;   1;   17.7;  11.1;   2.6; 1020.85;   56.83;   3.2;   24.7;   10.4;    8.7;  11.5;   0.0;   0;   14.983;   0;eor
Rostock;20160608;   1;   14.7;  13.5;   6.5; 1015.63;   80.88;   5.7;   18.1;   13.0;   12.4;  10.8;   0.0;   6;    1.183;   0;eor
Rostock;20160609;   1;   15.2;  12.3;   5.3; 1014.29;   72.33;   4.5;   18.1;   12.9;   12.3;  12.7;   0.0;   6;   11.683;   0;eor
Rostock;20160610;   1;   14.7;  11.8;   5.5; 1008.81;   70.54;   7.2;   18.2;   11.6;    9.1;  17.2;   0.0;   0;    9.317;   0;eor
