STATIONS_ID; MESS_DATUM; QUALITAETS_NIVEAU; LUFTTEMPERATUR;DAMPFDRUCK;BEDECKUNGSGRAD;LUFTDRUCK_STATIONSHOEHE;REL_FEUCHTE; WINDGESCHWINDIGKEIT; LUFTTEMPERATUR_MAXIMUM;LUFTTEMPERATUR_MINIMUM;LUFTTEMP_AM_ERDB_MINIMUM; WINDSPITZE_MAXIMUM; NIEDERSCHLAGSHOEHE;NIEDERSCHLAGSHOEHE_IND;SONNENSCHEINDAUER; SCHNEEHOEHE;eor
     5792;20141130;   3;   -0.2;   3.2;   6.0;  704.70;   55.46;   6.3;    2.1;   -2.1;   -999;  17.6;   0.1;   7;    3.350;  60;eor
     5792;20141201;   3;   -2.0;   4.4;   5.7;  698.68;   83.83;   5.9;    0.5;   -3.9;   -999;  15.8;   0.4;   7;    1.517;  60;eor
     5792;20141202;   3;   -4.5;   4.2;   7.3;  698.34;   95.79;   3.8;   -3.4;   -5.8;   -999;   8.1;   0.3;   7;    0.017;  60;eor
     5792;20141203;   3;   -4.7;   3.4;   3.3;  702.25;   78.92;   4.7;   -2.3;   -5.9;   -999;  10.4;   0.0;   7;    5.717;  60;eor
     5792;20141204;   3;   -4.9;   3.8;   4.3;  703.55;   89.42;   6.2;   -3.5;   -6.5;   -999;  17.5;   0.0;   0;    3.450;  60;eor
     5792;20141205;   3;   -5.1;   3.0;   4.0;  704.91;   73.46;   4.1;   -1.9;   -6.7;   -999;   9.5;   0.2;   7;    7.500;  60;eor
     5792;20141206;   3;   -6.5;   3.3;   6.7;  704.40;   88.96;   3.7;   -4.1;   -8.1;   -999;  11.0;   1.3;   7;    3.483;  60;eor
     5792;20141207;   3;   -8.3;   3.2;   8.0;  704.68;   98.00;   4.1;   -7.3;  -10.3;   -999;  12.3;   1.9;   7;    0.000;  60;eor
     5792;20141208;   3;  -11.9;   2.4;   8.0;  702.75;   95.17;   6.1;  -10.3;  -13.5;   -999;  15.2;   2.4;   7;    0.017;  60;eor
     5792;20141209;   3;  -14.5;   1.6;   5.7;  704.73;   77.67;   3.4;  -12.1;  -16.9;   -999;  14.0;   6.7;   7;    0.017;  63;eor
     5792;20141210;   3;   -9.4;   1.8;   5.0;  707.04;   56.63;   7.2;   -6.6;  -12.4;   -999;  20.5;   3.0;   7;    2.133;  75;eor
     5792;20141211;   3;  -10.7;   2.5;   7.0;  703.22;   93.63;  11.9;   -8.1;  -12.6;   -999;  33.1;   1.2;   7;    0.000;  75;eor
     5792;20141212;   3;   -8.0;   2.1;   4.7;  702.32;   63.67;  18.6;   -5.1;  -12.0;   -999;  34.7;   0.0;   0;    7.867;  70;eor
     5792;20141213;   3;   -5.3;   2.5;   6.7;  704.49;   59.96;  14.4;   -3.8;   -7.0;   -999;  29.7;   0.0;   0;    3.717;  67;eor
     5792;20141214;   3;   -6.2;   3.0;   6.3;  707.09;   77.04;  11.6;   -5.2;   -6.9;   -999;  29.1;   0.0;   7;    2.017;  67;eor
     5792;20141215;   3;   -5.6;   3.7;   7.7;  707.04;   92.38;  10.4;   -5.0;   -6.3;   -999;  25.0;   0.7;   7;    0.000;  67;eor
     5792;20141216;   3;   -7.3;   3.3;   8.0;  702.16;   93.88;   6.3;   -5.8;  -10.4;   -999;  18.5;  10.0;   7;    0.000;  67;eor
     5792;20141217;   3;   -9.9;   2.3;   5.3;  700.65;   78.88;  10.5;   -6.3;  -13.0;   -999;  27.9;  11.0;   7;    1.833;  77;eor
     5792;20141218;   3;   -4.4;   4.3;   8.0;  707.79;   96.79;  10.9;   -1.9;   -6.9;   -999;  24.8;  13.7;   7;    0.000;  80;eor
     5792;20141219;   3;   -5.5;   3.2;   5.0;  710.51;   79.38;  13.9;   -3.1;   -7.4;   -999;  31.0;   4.8;   7;    4.150;  90;eor
     5792;20141220;   3;   -9.9;   2.6;   6.3;  708.37;   89.92;  13.4;   -6.3;  -13.4;   -999;  31.3;  12.8;   7;    6.150;  90;eor
     5792;20141221;   3;  -12.0;   1.8;   5.7;  711.98;   76.21;  10.2;   -6.9;  -14.3;   -999;  23.7;   0.0;   7;    6.300; 100;eor
     5792;20141222;   3;   -5.3;   1.6;   5.7;  714.19;   39.88;  13.8;   -3.3;   -7.1;   -999;  29.1;   0.0;   0;    5.583; 100;eor
     5792;20141223;   3;   -2.4;   1.2;   3.0;  714.57;   23.04;  14.1;   -1.0;   -4.1;   -999;  31.2;   0.0;   0;    5.583; 100;eor
     5792;20141224;   3;   -4.0;   1.2;   5.0;  711.16;   26.96;  15.1;   -0.7;   -8.8;   -999;  29.8;   0.0;   7;    2.183; 100;eor
     5792;20141225;   3;  -10.4;   2.7;   8.0;  707.75;   94.71;   9.1;   -7.4;  -16.1;   -999;  25.6;  21.1;   7;    0.000;  90;eor
     5792;20141226;   3;  -16.7;   1.6;   8.0;  704.66;   96.33;   6.4;  -15.8;  -18.3;   -999;  17.3;  18.5;   7;    0.000; 120;eor
     5792;20141227;   3;  -15.1;   1.7;   7.0;  691.14;   87.17;  13.0;  -11.9;  -18.9;   -999;  35.7;   6.9;   7;    0.000; 145;eor
     5792;20141228;   3;  -18.5;   1.3;   8.0;  692.29;   88.50;   5.1;  -16.1;  -22.4;   -999;  21.4;  11.3;   7;    0.000; 150;eor
     5792;20141229;   3;  -20.5;   1.0;   6.3;  702.93;   80.92;   6.6;  -17.8;  -21.4;   -999;  19.8;  17.0;   7;    0.033; 170;eor
     5792;20141230;   3;  -18.8;   1.4;   8.0;  706.55;   97.33;   8.2;  -16.0;  -21.7;   -999;  17.2;  22.9;   7;    0.000; 170;eor
     5792;20141231;   3;  -12.5;   2.3;   7.3;  709.89;   97.54;   7.2;   -8.8;  -16.5;   -999;  27.5;   3.0;   7;    0.000; 200;eor
     5792;20150101;   3;   -5.2;   3.3;   1.7;  716.80;   79.54;   5.1;   -2.7;  -10.6;   -999;  15.4;   0.0;   0;    8.383; 210;eor
     5792;20150102;   3;   -4.6;   3.5;   7.3;  716.93;   81.67;  11.6;   -3.0;   -7.6;   -999;  27.1;   9.2;   7;    2.833; 200;eor
     5792;20150103;   3;   -7.6;   3.0;   7.3;  709.79;   85.33;  13.8;   -4.3;  -11.4;   -999;  45.4;  37.4;   7;    1.217; 207;eor
     5792;20150104;   3;  -14.8;   1.9;   8.0;  707.91;   94.50;   5.8;   -6.1;  -17.8;   -999;  15.7;   4.6;   7;    0.000; 230;eor
     5792;20150105;   3;  -13.6;   1.6;   4.3;  711.45;   76.25;   8.2;   -9.7;  -17.6;   -999;  16.6;   0.0;   7;    2.900; 215;eor
     5792;20150106;   3;   -8.4;   1.3;   3.7;  710.39;   42.38;   7.1;   -6.9;  -10.5;   -999;  14.5;   0.0;   0;    7.717; 210;eor
     5792;20150107;   3;   -9.1;   1.4;   4.3;  711.39;   48.88;   9.0;   -7.4;  -11.8;   -999;  18.4;   0.0;   0;    6.983; 210;eor
     5792;20150108;   3;   -6.3;   1.3;   7.3;  713.70;   35.75;  12.1;   -3.9;   -9.0;   -999;  32.0;   4.0;   7;    0.567; 210;eor
     5792;20150109;   3;   -7.2;   3.4;   8.0;  711.65;   92.25;  17.1;   -2.1;  -11.1;   -999;  43.2;  13.8;   7;    0.000; 210;eor
     5792;20150110;   3;   -3.2;   4.5;   4.0;  710.03;   93.33;  17.3;   -1.8;   -4.4;   -999;  38.7;   3.8;   7;    6.700; 220;eor
     5792;20150111;   3;  -12.1;   2.5;   8.0;  703.31;   98.00;  -999;   -4.4;  -16.9;   -999;  -999;  18.6;   7;    0.117; 220;eor
     5792;20150112;   3;  -10.2;   1.3;   5.7;  709.53;   53.25;  16.1;   -4.0;  -15.8;   -999;  34.1;   0.0;   0;    1.733; 235;eor
     5792;20150113;   3;   -4.1;   1.1;   2.3;  708.97;   24.21;  13.9;   -2.1;   -7.0;   -999;  31.6;   0.0;   0;    8.367; 235;eor
     5792;20150114;   3;   -9.7;   2.5;   7.3;  703.71;   87.04;  12.1;   -6.4;  -12.7;   -999;  35.3;   5.7;   7;    0.050; 230;eor
     5792;20150115;   3;   -6.3;   2.2;   4.3;  703.27;   58.21;  15.0;   -3.0;  -12.7;   -999;  34.1;   0.0;   0;    1.950; 235;eor
     5792;20150116;   3;   -6.4;   3.0;   5.7;  700.05;   78.88;  17.4;   -5.4;   -7.4;   -999;  40.1;   4.8;   7;    2.950; 235;eor
     5792;20150117;   3;  -10.9;   2.6;   8.0;  698.87;   97.21;   4.4;   -7.0;  -13.7;   -999;  21.1;   9.3;   7;    0.000; 240;eor
     5792;20150118;   3;  -13.7;   1.7;   4.3;  699.18;   78.25;   5.8;  -11.8;  -14.7;   -999;  18.0;   0.0;   7;    8.650; 255;eor
     5792;20150119;   3;  -12.6;   1.4;   3.7;  696.96;   57.96;   6.5;  -10.3;  -14.7;   -999;  17.0;   0.0;   0;    7.883; 255;eor
     5792;20150120;   3;  -11.7;   1.8;   6.7;  695.65;   71.58;   9.6;  -10.2;  -12.4;   -999;  20.1;   0.0;   0;    2.283; 255;eor
     5792;20150121;   3;   -9.8;   2.0;   3.3;  696.72;   69.88;  11.6;   -8.3;  -11.5;   -999;  25.7;   0.0;   0;    5.433; 250;eor
     5792;20150122;   3;   -9.0;   2.2;   5.7;  698.90;   72.75;   5.2;   -5.1;  -10.6;   -999;  17.5;   0.2;   7;    6.100; 250;eor
     5792;20150123;   3;  -11.3;   2.4;   7.7;  701.14;   94.13;   4.6;  -10.4;  -13.5;   -999;  12.9;   0.2;   7;    0.000; 250;eor
     5792;20150124;   3;  -14.3;   1.8;   6.3;  700.70;   89.88;   4.9;  -11.7;  -17.9;   -999;  11.9;   2.8;   7;    5.217; 250;eor
     5792;20150125;   3;  -18.0;   1.4;   7.7;  703.30;   94.96;   5.5;  -16.6;  -19.9;   -999;  14.0;  10.0;   7;    0.100; 255;eor
     5792;20150126;   3;  -16.0;   1.6;   5.7;  702.90;   88.83;   5.4;  -11.1;  -18.3;   -999;  19.8;  20.3;   7;    8.183; 275;eor
     5792;20150127;   3;  -16.1;   1.7;   8.0;  700.17;   97.38;   7.7;  -12.2;  -17.7;   -999;  18.2;  27.4;   7;    0.000; 285;eor
     5792;20150128;   3;  -14.5;   1.8;   7.3;  697.89;   87.25;   9.1;   -8.7;  -17.6;   -999;  34.2;  10.1;   7;    6.617; 330;eor
     5792;20150129;   3;  -12.8;   2.2;   7.7;  684.35;   96.54;  14.1;   -8.8;  -14.9;   -999;  37.6;   6.6;   7;    0.300; 340;eor
     5792;20150130;   3;  -16.9;   1.6;   8.0;  671.59;   93.58;  11.3;  -12.5;  -19.3;   -999;  33.2;  12.3;   7;    0.000; 340;eor
     5792;20150131;   3;  -17.0;   1.4;   7.3;  675.74;   86.00;   9.5;  -16.2;  -17.8;   -999;  21.7;   0.5;   7;    6.750; 345;eor
     5792;20150201;   3;  -17.6;   1.3;   7.7;  680.13;   86.96;   7.8;  -16.9;  -18.6;   -999;  19.0;  10.4;   7;    1.383; 330;eor
     5792;20150202;   3;  -18.0;   1.3;   8.0;  685.38;   87.38;   8.0;  -17.3;  -18.9;   -999;  22.0;  10.7;   7;    0.333; 340;eor
     5792;20150203;   3;  -17.7;   1.1;   5.3;  686.79;   75.71;   7.0;  -15.6;  -19.5;   -999;  16.2;   0.0;   0;    8.567; 347;eor
     5792;20150204;   3;  -13.3;   1.5;   4.3;  691.02;   68.79;   3.7;   -9.5;  -16.6;   -999;   9.8;   0.0;   0;    8.317; 330;eor
     5792;20150205;   3;  -11.3;   2.2;   7.0;  693.61;   85.13;  10.2;   -9.3;  -13.0;   -999;  24.3;   0.1;   7;    1.183; 320;eor
     5792;20150206;   3;  -10.1;   2.4;   5.7;  696.51;   84.96;  14.0;   -8.9;  -11.6;   -999;  29.3;   0.0;   0;    3.817; 315;eor
     5792;20150207;   3;   -9.8;   1.3;   1.0;  703.83;   45.08;  10.0;   -7.4;  -12.1;   -999;  23.7;   1.3;   7;    9.867; 305;eor
     5792;20150208;   3;  -17.7;   1.4;   8.0;  700.99;   92.29;   7.6;  -10.0;  -21.4;   -999;  -999;  17.3;   7;    0.000; 303;eor
     5792;20150209;   3;  -14.7;   1.6;   6.0;  705.85;   79.71;   9.1;   -8.2;  -21.5;   -999;  19.2;   3.2;   7;    0.000; 335;eor
     5792;20150210;   3;   -6.4;   2.8;   0.7;  711.70;   72.38;   5.3;   -4.5;   -9.5;   -999;  12.1;   0.0;   0;    9.983; 335;eor
     5792;20150211;   3;   -3.5;   1.2;   0.0;  712.29;   25.04;   6.0;   -0.5;   -5.4;   -999;  14.3;   0.0;   0;   10.083; 335;eor
     5792;20150212;   3;   -3.9;   1.0;   0.0;  709.69;   22.04;   4.0;    0.5;   -6.3;   -999;   9.7;   0.0;   0;   10.133; 330;eor
     5792;20150213;   3;   -6.0;   1.6;   0.7;  706.14;   42.42;   4.3;   -0.6;   -8.8;   -999;  15.4;   0.0;   0;    9.967; 320;eor
     5792;20150214;   3;   -9.0;   2.2;   5.7;  700.32;   72.58;   9.2;   -7.2;  -11.0;   -999;  18.6;   0.0;   0;    8.267; 310;eor
     5792;20150215;   3;   -9.7;   2.1;   4.0;  699.60;   72.50;   9.0;   -7.2;  -11.0;   -999;  16.8;   0.0;   0;    7.600; 310;eor
     5792;20150216;   3;   -7.8;   1.5;   1.0;  704.76;   47.46;   5.7;   -2.7;  -10.9;   -999;  16.1;   0.0;   0;   10.117; 305;eor
     5792;20150217;   3;   -9.2;   2.3;   1.0;  711.92;   76.42;   4.2;   -5.8;  -11.4;   -999;  15.4;   0.0;   0;   10.183; 305;eor
     5792;20150218;   3;   -7.5;   1.0;   0.3;  716.55;   32.63;   7.2;   -4.2;  -11.5;   -999;  14.9;   0.0;   0;   10.450; 305;eor
     5792;20150219;   3;   -5.0;   0.7;   1.3;  714.30;   16.21;   6.9;   -2.4;   -6.9;   -999;  13.9;   0.0;   0;   10.533; 300;eor
     5792;20150220;   3;   -6.5;   0.8;   1.0;  705.82;   20.71;   9.7;   -3.4;   -8.6;   -999;  27.5;   0.0;   0;   10.500; 300;eor
     5792;20150221;   3;  -10.5;   1.8;   4.7;  692.67;   65.38;  13.9;   -8.0;  -12.4;   -999;  32.8;   1.2;   7;    1.350; 295;eor
     5792;20150222;   3;  -12.3;   2.1;   7.7;  693.33;   87.21;   4.9;   -8.0;  -14.3;   -999;  11.4;   0.6;   7;    3.783; 295;eor
     5792;20150223;   3;   -7.5;   2.0;   5.3;  694.08;   59.04;  11.3;   -5.0;   -9.8;   -999;  22.8;   9.9;   7;    5.117; 295;eor
     5792;20150224;   3;  -14.2;   1.9;   7.7;  695.04;   89.83;   5.8;   -9.5;  -16.8;   -999;  16.6;   8.5;   7;    0.000; 305;eor
     5792;20150225;   3;  -14.8;   1.7;   8.0;  700.74;   86.08;   3.1;  -12.0;  -16.5;   -999;   8.4;   4.9;   7;    0.017; 310;eor
     5792;20150226;   3;  -13.1;   1.0;   2.3;  701.90;   45.04;   4.2;   -8.2;  -16.0;   -999;  18.8;   0.0;   0;    9.417; 310;eor
     5792;20150227;   3;  -12.0;   1.9;   6.0;  698.33;   77.33;   7.4;   -9.7;  -13.8;   -999;  19.3;  10.5;   7;    1.450; 310;eor
     5792;20150228;   3;  -12.3;   2.0;   3.3;  701.83;   84.83;   9.1;  -10.2;  -14.6;   -999;  21.1;   0.0;   7;    7.650; 320;eor
     5792;20150301;   3;   -7.3;   2.9;   8.0;  700.74;   77.63;  13.6;   -4.8;  -10.8;   -999;  29.3;   7.5;   7;    0.000; 310;eor
     5792;20150302;   3;   -9.6;   2.8;   8.0;  698.15;   92.00;  13.9;   -5.9;  -16.0;   -999;  -999;  31.2;   7;    0.000; 315;eor
     5792;20150303;   3;  -14.3;   1.7;   6.7;  704.58;   85.50;  12.4;  -11.6;  -16.2;   -999;  -999;   3.1;   7;    5.250; 345;eor
     5792;20150304;   3;  -14.2;   1.8;   8.0;  705.71;   89.04;   7.3;  -11.1;  -17.1;   -999;  27.5;  14.0;   7;    0.800; 345;eor
     5792;20150305;   3;  -17.1;   1.5;   8.0;  708.79;   92.38;   4.7;  -16.4;  -17.9;   -999;  11.5;  17.3;   7;    0.000; 365;eor
     5792;20150306;   3;  -12.7;   1.5;   1.7;  712.89;   64.00;   8.0;   -6.1;  -17.8;   -999;  22.5;   0.0;   0;   10.700; 385;eor
     5792;20150307;   3;   -6.4;   1.7;   3.0;  715.42;   46.50;   6.0;   -4.6;   -8.2;   -999;  15.2;   0.0;   0;   11.333; 385;eor
     5792;20150308;   3;   -3.5;   1.1;   5.0;  713.54;   23.79;   6.5;   -0.9;   -5.9;   -999;  20.1;   0.0;   0;   10.267; 385;eor
     5792;20150309;   3;   -4.1;   0.8;   5.3;  712.56;   18.42;   5.3;   -3.2;   -5.0;   -999;  12.2;   0.0;   0;    9.400; 375;eor
     5792;20150310;   3;   -6.6;   1.8;   3.7;  712.31;   47.92;   5.3;   -4.1;   -9.8;   -999;  11.3;   1.3;   7;    9.967; 365;eor
     5792;20150311;   3;  -11.1;   2.4;   8.0;  708.69;   89.79;   6.6;   -7.5;  -16.7;   -999;  15.4;   5.2;   7;    0.000; 360;eor
     5792;20150312;   3;  -12.8;   1.4;   3.3;  707.63;   62.04;   4.5;   -8.5;  -17.2;   -999;  11.8;   0.1;   7;    8.000; 365;eor
     5792;20150313;   3;   -9.9;   1.2;   0.3;  704.23;   42.46;   6.4;   -7.4;  -12.7;   -999;  15.1;   0.0;   0;   11.467; 360;eor
     5792;20150314;   3;  -11.1;   2.0;   2.0;  704.16;   76.13;   5.5;   -8.0;  -12.9;   -999;  11.2;   0.0;   0;   11.433; 345;eor
     5792;20150315;   3;   -9.8;   2.1;   1.7;  706.33;   71.13;   8.4;   -6.6;  -11.9;   -999;  24.4;   0.0;   0;   11.633; 340;eor
     5792;20150316;   3;   -7.9;   2.7;   5.7;  709.43;   78.71;   9.9;   -4.6;  -10.9;   -999;  28.3;   0.0;   0;    8.133; 340;eor
     5792;20150317;   3;   -5.5;   2.8;   7.0;  712.13;   69.67;   8.1;   -3.4;   -7.4;   -999;  24.6;   0.0;   0;    1.383; 335;eor
     5792;20150318;   3;   -5.5;   3.4;   5.3;  711.91;   84.00;   3.4;   -3.7;   -6.8;   -999;   8.9;   0.1;   7;    6.433; 335;eor
     5792;20150319;   3;   -6.9;   2.9;   2.0;  710.37;   78.63;   4.3;   -3.7;   -9.5;   -999;  11.0;   0.0;   0;    6.450; 335;eor
     5792;20150320;   3;   -5.2;   1.2;   2.3;  709.39;   28.96;   5.0;   -0.8;   -6.8;   -999;  15.8;   0.0;   7;   11.867; 330;eor
     5792;20150321;   3;   -7.1;   3.4;   8.0;  704.30;   93.46;   5.3;   -5.4;   -9.7;   -999;  14.4;  11.7;   7;    0.000; 330;eor
     5792;20150322;   3;   -9.0;   2.5;   4.0;  703.01;   81.71;   7.3;   -5.7;  -11.7;   -999;  20.9;   0.5;   7;    8.017; 350;eor
     5792;20150323;   3;   -5.3;   2.1;   2.7;  704.07;   51.29;   5.0;   -2.3;   -7.4;   -999;  10.3;   0.0;   0;   12.133; 340;eor
     5792;20150324;   3;   -7.0;   2.9;   5.0;  700.61;   80.54;   7.9;   -4.9;   -8.8;   -999;  19.4;   0.0;   7;    3.950; 335;eor
     5792;20150325;   3;   -5.3;   3.1;   7.7;  697.45;   75.46;   6.5;   -3.0;   -7.4;   -999;  19.0;   1.5;   7;    3.433; 335;eor
     5792;20150326;   3;   -5.7;   3.8;   8.0;  698.25;   94.29;   5.9;   -4.0;   -9.3;   -999;  18.9;   7.5;   7;    1.633; 335;eor
     5792;20150327;   3;  -11.7;   2.3;   8.0;  702.63;   91.33;   7.5;   -9.2;  -13.0;   -999;  20.2;   8.8;   7;    0.100; 335;eor
     5792;20150328;   3;  -10.3;   1.9;   3.0;  706.30;   67.79;   7.9;   -5.0;  -14.7;   -999;  21.2;   6.9;   7;   11.900; 345;eor
     5792;20150329;   3;   -6.2;   3.6;   8.0;  701.67;   94.25;  14.8;   -5.3;   -8.0;   -999;  38.1;   9.6;   7;    1.750; 340;eor
     5792;20150330;   3;   -7.8;   3.3;   8.0;  696.58;   95.54;  14.9;   -5.9;  -11.2;   -999;  34.6;  32.7;   7;    0.000; 335;eor
     5792;20150331;   3;   -6.9;   3.5;   7.7;  698.32;   92.88;  19.2;   -3.5;  -13.0;   -999;  53.4;  19.7;   7;    3.450; 370;eor
     5792;20150401;   3;  -14.7;   1.7;   8.0;  700.16;   87.75;  10.7;  -12.9;  -16.0;   -999;  34.4;  23.2;   7;    0.000; 385;eor
     5792;20150402;   3;  -12.5;   2.1;   8.0;  700.27;   90.25;  13.9;   -9.4;  -15.2;   -999;  37.6;  16.3;   7;    0.000; 415;eor
     5792;20150403;   3;  -13.9;   1.8;   4.3;  703.08;   81.46;   8.4;   -8.2;  -16.5;   -999;  18.5;   6.9;   7;   10.733; 430;eor
     5792;20150404;   3;   -9.7;   2.7;   8.0;  698.46;   91.25;   5.6;   -8.2;  -13.9;   -999;  15.6;  19.5;   7;    0.000; 440;eor
     5792;20150405;   3;  -15.1;   1.7;   8.0;  699.87;   89.13;   4.1;  -13.0;  -16.7;   -999;  14.2;  18.0;   7;    0.000; 465;eor
     5792;20150406;   3;  -16.5;   1.5;   8.0;  704.48;   87.50;   4.4;  -15.5;  -17.7;   -999;  14.5;  22.2;   7;    0.000; 510;eor
     5792;20150407;   3;  -15.4;   1.0;   0.7;  711.72;   54.67;   4.3;  -11.7;  -18.7;   -999;  12.8;   0.0;   0;   12.950; 545;eor
     5792;20150408;   3;   -7.9;   2.1;   4.0;  715.05;   60.13;   5.0;   -2.7;  -12.4;   -999;  13.6;   0.0;   0;   11.700; 520;eor
     5792;20150409;   3;   -1.5;   2.4;   4.0;  716.70;   44.08;   7.5;    1.9;   -3.9;   -999;  20.1;   0.0;   0;   13.067; 500;eor
     5792;20150410;   3;   -1.6;   2.7;   5.3;  714.89;   48.92;   6.9;    2.1;   -3.2;   -999;  17.2;   0.0;   0;   11.617; 485;eor
     5792;20150411;   3;   -4.7;   3.7;   6.7;  713.53;   87.46;   5.4;   -1.9;   -6.0;   -999;  16.4;   0.3;   7;    4.567; 470;eor
     5792;20150412;   3;   -4.4;   3.7;   6.3;  717.44;   84.79;   5.9;   -1.2;   -6.7;   -999;  15.2;   0.0;   0;   10.750; 460;eor
     5792;20150413;   3;   -4.7;   4.0;   5.3;  717.42;   91.75;   8.8;   -3.7;   -5.8;   -999;  18.5;   0.0;   0;    3.817; 450;eor
     5792;20150414;   3;   -5.5;   2.9;   7.0;  716.60;   71.08;   7.9;   -2.4;   -9.0;   -999;  19.0;   0.0;   0;   11.683; 450;eor
     5792;20150415;   3;   -0.1;   1.9;   5.3;  714.80;   31.67;   5.3;    3.3;   -2.7;   -999;  18.8;   0.0;   0;   12.667; 440;eor
     5792;20150416;   3;   -0.9;   3.3;   6.7;  711.00;   57.42;   7.4;    1.4;   -2.9;   -999;  19.6;   1.2;   7;    7.417; 435;eor
     5792;20150417;   3;   -3.4;   4.7;   8.0;  706.23;   97.54;   6.3;   -1.8;   -6.4;   -999;  17.6;  18.3;   7;    0.000; 435;eor
     5792;20150418;   3;   -9.3;   2.7;   5.3;  705.91;   86.42;   4.4;   -6.4;  -14.0;   -999;  11.9;   0.2;   7;    7.033; 445;eor
     5792;20150419;   3;   -6.6;   1.6;   1.0;  707.33;   43.08;   4.8;   -1.4;  -11.1;   -999;  11.3;   0.0;   0;   13.767; 435;eor
     5792;20150420;   3;   -5.4;   1.9;   2.7;  711.60;   46.63;   3.7;   -2.9;   -7.5;   -999;   9.0;   0.0;   0;   13.600; 430;eor
     5792;20150421;   3;   -4.8;   2.1;   1.7;  715.92;   48.75;   4.9;   -3.0;   -6.8;   -999;  14.1;   0.0;   0;   13.750; 430;eor
     5792;20150422;   3;   -3.7;   2.3;   1.3;  713.37;   51.33;   6.4;   -0.4;   -7.0;   -999;  19.8;   0.0;   0;   13.683; 425;eor
     5792;20150423;   3;   -7.7;   3.1;   5.7;  705.07;   90.17;   9.4;   -6.4;   -9.1;   -999;  26.1;   0.8;   7;    2.433; 425;eor
     5792;20150424;   3;   -5.3;   2.9;   1.0;  706.96;   71.63;   7.0;   -0.6;  -11.2;   -999;  17.6;   0.0;   0;   13.083; 425;eor
     5792;20150425;   3;   -1.9;   4.2;   7.3;  707.40;   78.71;   8.6;    0.5;   -3.4;   -999;  18.3;   0.5;   7;    5.117; 420;eor
     5792;20150426;   3;   -2.2;   4.7;   6.7;  704.91;   90.33;   7.9;    0.6;   -4.0;   -999;  24.6;   0.0;   7;    6.150; 420;eor
     5792;20150427;   3;   -1.4;   4.6;   6.3;  700.38;   83.58;   8.2;    1.0;   -2.9;   -999;  17.5;   3.0;   7;    5.650; 410;eor
     5792;20150428;   3;   -7.3;   3.4;   8.0;  702.70;   94.92;   6.1;   -2.6;  -12.9;   -999;  18.1;   9.4;   7;    0.000; 403;eor
     5792;20150429;   3;   -6.5;   2.2;   6.0;  706.85;   58.88;   5.5;   -2.7;  -13.1;   -999;  16.5;   9.2;   7;   13.117; 410;eor
     5792;20150430;   3;   -6.5;   3.5;   7.7;  705.70;   92.54;   6.0;   -4.8;   -9.4;   -999;  25.2;   7.3;   7;    3.917; 420;eor
     5792;20150501;   3;   -3.1;   4.7;   8.0;  701.26;   97.33;  18.1;   -1.7;   -4.9;   -999;  29.8;  27.3;   7;    0.000; 420;eor
     5792;20150502;   3;   -3.1;   4.8;   8.0;  704.38;   98.71;   9.5;   -1.4;   -4.4;   -999;  23.7;  11.7;   7;    0.667; 435;eor
     5792;20150503;   3;    0.0;   6.1;   8.0;  706.31;   99.71;  16.8;    1.1;   -1.8;   -999;  32.5;   2.0;   8;    0.000; 450;eor
     5792;20150504;   3;    2.1;   6.5;   7.0;  709.80;   92.42;   8.7;    4.4;    0.2;   -999;  24.1;   0.2;   8;    0.917; 435;eor
     5792;20150505;   3;    4.9;   5.9;   7.0;  709.84;   69.71;  11.7;    6.6;    2.0;   -999;  33.3;   0.1;   8;    5.250; 425;eor
     5792;20150506;   3;   -1.9;   5.2;   7.7;  709.21;   97.67;   6.7;    2.0;   -5.4;   -999;  21.1;  13.2;   7;    0.950; 410;eor
     5792;20150507;   3;   -2.6;   4.2;   4.0;  710.98;   83.04;   7.6;    0.1;   -5.7;   -999;  17.5;   0.0;   0;   10.017; 415;eor
     5792;20150508;   3;   -0.1;   5.1;   6.0;  710.93;   83.21;   5.4;    2.8;   -2.0;   -999;  16.1;  10.1;   7;    7.933; 410;eor
     5792;20150509;   3;   -2.4;   5.1;   7.7;  713.23;   98.42;   6.3;   -1.1;   -4.5;   -999;  16.8;   1.7;   7;    0.000; 410;eor
     5792;20150510;   3;   -3.2;   4.6;   6.3;  717.07;   94.63;   5.7;   -0.8;   -5.3;   -999;  17.3;   0.0;   0;    4.833; 410;eor
     5792;20150511;   3;    1.6;   3.7;   6.3;  719.35;   53.54;   5.1;    4.8;   -2.4;   -999;  14.9;   0.0;   0;   13.117; 405;eor
     5792;20150512;   3;    4.2;   4.5;   7.0;  718.66;   54.13;   7.7;    8.1;    1.8;   -999;  25.8;   0.0;   0;   12.617; 395;eor
     5792;20150513;   3;    3.1;   6.0;   5.3;  714.59;   79.00;   9.9;    7.2;   -0.3;   -999;  41.8;   5.1;   8;    7.967; 380;eor
     5792;20150514;   3;   -0.5;   5.8;   7.7;  707.43;   98.83;   9.6;    1.3;   -2.0;   -999;  31.8;  11.1;   7;    0.450; 375;eor
     5792;20150515;   3;   -1.7;   5.3;   8.0;  705.57;   97.88;   5.5;   -0.9;   -3.0;   -999;  16.6;  10.5;   7;    0.067; 374;eor
     5792;20150516;   3;   -1.2;   4.9;   2.7;  714.08;   87.33;   4.1;    1.2;   -6.4;   -999;  10.9;   0.0;   0;   10.333; 382;eor
     5792;20150517;   3;   -1.7;   4.9;   6.0;  714.78;   91.96;   6.4;    0.8;   -4.3;   -999;  15.2;   0.0;   0;    6.600; 380;eor
     5792;20150518;   3;    2.0;   5.3;   6.0;  709.78;   72.92;   8.8;    5.2;   -0.5;   -999;  19.7;   2.7;   7;   10.267; 380;eor
     5792;20150519;   3;   -0.5;   5.7;   8.0;  705.41;   96.71;   4.7;    1.8;   -3.4;   -999;  14.8;  33.8;   8;    0.067; 365;eor
     5792;20150520;   3;   -6.8;   3.5;   8.0;  703.84;   94.04;   3.9;   -3.3;   -9.1;   -999;   9.9;  40.1;   7;    0.000; 380;eor
     5792;20150521;   3;   -7.3;   3.3;   8.0;  708.43;   92.46;   3.4;   -5.9;   -8.8;   -999;  10.7;  54.4;   7;    0.000; 405;eor
     5792;20150522;   3;   -6.4;   3.6;   8.0;  710.16;   95.42;   3.9;   -5.0;   -7.5;   -999;  13.4;  19.5;   7;    0.000; 460;eor
     5792;20150523;   3;   -5.2;   3.9;   8.0;  707.67;   94.21;   4.3;   -3.3;   -6.3;   -999;  13.5;  39.7;   7;    0.000; 470;eor
     5792;20150524;   3;   -3.0;   4.6;   8.0;  708.76;   94.25;   2.7;    0.0;   -4.9;   -999;   9.7;   0.3;   7;    0.900; 500;eor
     5792;20150525;   3;   -3.4;   4.3;   7.7;  707.72;   91.17;   3.1;   -2.3;   -4.8;   -999;   9.8;  11.8;   7;    1.250; 490;eor
     5792;20150526;   3;   -4.7;   4.2;   8.0;  706.95;   98.08;   3.8;   -3.5;   -7.0;   -999;  10.0;  15.1;   7;    0.000; 500;eor
     5792;20150527;   3;   -7.2;   3.3;   8.0;  709.34;   92.96;   4.7;   -4.9;   -9.0;   -999;  11.5;   0.7;   7;    0.133; 485;eor
     5792;20150528;   3;   -3.8;   2.9;   5.3;  710.45;   62.21;   6.5;   -0.3;   -8.8;   -999;  14.6;   0.0;   0;   14.717; 475;eor
     5792;20150529;   3;   -0.4;   4.9;   6.3;  709.47;   82.33;   7.2;    3.9;   -3.1;   -999;  26.5;   2.8;   7;    8.583; 445;eor
     5792;20150530;   3;   -1.3;   5.4;   7.3;  710.04;   97.54;   7.0;    0.2;   -2.6;   -999;  22.2;   0.1;   7;    2.400; 432;eor
     5792;20150531;   3;    0.1;   5.8;   7.7;  711.88;   93.63;   8.6;    2.9;   -2.3;   -999;  19.5;   0.0;   0;    5.967; 430;eor
     5792;20150601;   3;    2.1;   6.1;   6.7;  713.61;   84.71;   6.4;    6.0;    0.1;   -999;  15.2;   3.4;   7;    6.950; 420;eor
     5792;20150602;   3;    3.0;   6.9;   6.7;  716.20;   91.21;   6.5;    5.6;    0.4;   -999;  14.0;   0.0;   0;    6.817; 400;eor
     5792;20150603;   3;    4.8;   7.6;   4.0;  720.19;   88.96;   4.2;    9.5;    2.9;   -999;   9.9;   0.0;   0;    8.817; 385;eor
     5792;20150604;   3;    6.8;   7.4;   2.0;  721.85;   74.67;   3.8;   11.1;    3.3;   -999;   7.5;   0.0;   0;   14.317; 380;eor
     5792;20150605;   3;    8.2;   8.6;   3.3;  721.37;   78.63;   3.3;   11.3;    6.4;   -999;   9.4;   2.3;   8;    8.833; 370;eor
     5792;20150606;   3;    6.9;   8.7;   5.0;  722.15;   86.71;   4.6;   10.5;    2.4;   -999;  19.6;  12.2;   8;    5.450; 365;eor
     5792;20150607;   3;    6.9;   7.4;   4.0;  721.60;   74.42;   3.4;   11.2;    3.5;   -999;  11.9;  33.5;   8;   10.217; 350;eor
     5792;20150608;   3;    3.2;   6.8;   7.3;  716.51;   89.63;   5.3;    7.1;    0.9;   -999;  15.0;   8.0;   8;    1.850; 335;eor
     5792;20150609;   3;    3.7;   6.7;   5.3;  714.38;   84.46;   3.5;    8.6;    0.5;   -999;  11.5;   0.0;   0;   11.333; 325;eor
     5792;20150610;   3;    5.5;   6.6;   5.0;  716.39;   72.83;   4.0;    9.9;    2.4;   -999;  11.1;   0.0;   0;   13.567; 320;eor
     5792;20150611;   3;    4.8;   7.3;   5.3;  715.67;   84.50;   4.5;    8.7;    1.3;   -999;  17.9;   6.9;   8;    7.133; 315;eor
     5792;20150612;   3;    5.6;   6.7;   4.0;  713.82;   73.46;   7.7;    9.2;    2.9;   -999;  23.3;   0.0;   0;   12.433; 310;eor
     5792;20150613;   3;    5.1;   7.6;   7.0;  712.48;   86.29;   9.6;    8.3;    2.8;   -999;  24.0;   0.2;   6;    4.667; 300;eor
     5792;20150614;   3;    4.1;   7.0;   6.7;  710.13;   86.13;   7.5;    6.4;    2.1;   -999;  23.3;   2.4;   8;    5.617; 290;eor
     5792;20150615;   3;    1.7;   6.9;   8.0;  710.75;  100.00;   2.8;    2.6;    0.6;   -999;  11.1;  18.3;   8;    0.000; 285;eor
     5792;20150616;   3;   -0.3;   5.9;   8.0;  712.58;   98.79;   3.0;    1.1;   -2.5;   -999;   9.6;   1.9;   8;    0.000; 280;eor
     5792;20150617;   3;   -1.6;   5.3;   8.0;  713.45;   97.42;   3.3;    0.0;   -6.6;   -999;  12.8;   0.1;   7;    1.350; 275;eor
     5792;20150618;   3;   -0.5;   5.2;   7.7;  712.08;   87.04;   7.6;    1.6;   -5.5;   -999;  16.9;  10.2;   8;    0.183; 275;eor
     5792;20150619;   3;   -2.5;   5.0;   8.0;  709.51;   98.92;   6.9;   -0.1;   -5.0;   -999;  17.9;  18.3;   7;    0.083; 275;eor
     5792;20150620;   3;   -4.8;   4.1;   8.0;  708.90;   96.13;   7.0;   -4.1;   -5.9;   -999;  16.7;  21.3;   7;    0.000; 280;eor
     5792;20150621;   3;   -3.1;   4.7;   8.0;  710.49;   96.83;   8.3;   -0.8;   -5.6;   -999;  21.9;   9.5;   7;    0.000; 290;eor
     5792;20150622;   3;   -0.8;   5.4;   7.0;  709.37;   93.33;  10.6;    1.3;   -3.1;   -999;  34.2;   9.0;   8;    6.300; 295;eor
     5792;20150623;   3;   -3.2;   4.7;   8.0;  706.79;   97.63;   8.8;    0.2;   -5.4;   -999;  31.8;   1.8;   7;    1.917; 295;eor
     5792;20150624;   3;   -3.1;   4.5;   7.7;  713.16;   91.33;   4.3;   -0.2;   -5.9;   -999;  13.7;   0.1;   7;    6.583; 295;eor
     5792;20150625;   3;   -0.5;   5.0;   5.7;  716.53;   84.96;   5.5;    1.5;   -2.5;   -999;  12.7;   0.0;   0;    8.200; 295;eor
     5792;20150626;   3;    1.0;   6.1;   6.3;  717.05;   92.75;   3.6;    4.5;   -1.3;   -999;  10.8;   0.0;   0;    4.167; 295;eor
     5792;20150627;   3;    1.6;   6.2;   7.7;  715.56;   90.58;   6.2;    2.7;    0.1;   -999;  19.6;   7.8;   8;    0.450; 290;eor
     5792;20150628;   3;    1.1;   6.3;   8.0;  716.35;   95.25;   5.7;    3.4;   -1.5;   -999;  16.2;   0.0;   0;    3.433; 285;eor
     5792;20150629;   3;    2.8;   6.3;   7.0;  718.65;   84.33;   5.2;    4.7;    1.7;   -999;  12.6;   0.0;   0;    4.617; 280;eor
     5792;20150630;   3;    5.9;   7.2;   2.3;  719.53;   77.67;   3.1;    9.7;    1.8;   -999;   9.7;   0.0;   0;   13.250; 275;eor
     5792;20150701;   3;   10.4;   7.3;   0.7;  721.12;   56.67;   3.8;   14.5;    7.0;   -999;   9.0;   0.0;   0;   15.683; 265;eor
     5792;20150702;   3;    9.6;   9.0;   2.0;  723.52;   74.25;   4.2;   13.0;    7.9;   -999;  10.5;   0.0;   0;   11.750; 250;eor
     5792;20150703;   3;    9.7;   7.3;   5.7;  725.93;   61.29;   4.0;   12.1;    5.3;   -999;  13.4;  18.5;   8;    6.750; 240;eor
     5792;20150704;   3;   10.9;   8.1;   2.7;  725.05;   62.33;   3.1;   14.0;    9.3;   -999;   8.0;   0.0;   0;   10.417; 235;eor
     5792;20150705;   3;   12.4;   7.2;   2.0;  722.55;   49.63;   3.2;   15.7;    9.5;   -999;  13.9;   1.7;   8;   13.483; 220;eor
     5792;20150706;   3;    9.4;  10.0;   4.7;  721.80;   84.25;   7.8;   12.0;    5.7;   -999;  22.8;   0.0;   6;    9.517; 210;eor
     5792;20150707;   3;   12.0;   8.4;   2.7;  719.41;   60.08;   7.9;   15.8;    5.6;   -999;  25.8;   8.3;   6;   13.167; 200;eor
     5792;20150708;   3;    4.4;   8.2;   8.0;  712.98;   97.29;   8.1;   10.7;   -0.5;   -999;  28.2;   8.8;   8;    0.000; 190;eor
     5792;20150709;   3;   -1.1;   5.6;   7.7;  713.36;   99.50;   6.3;    0.1;   -2.2;   -999;  18.0;   0.0;   0;    1.000; 180;eor
     5792;20150710;   3;    2.6;   3.9;   1.0;  716.83;   57.00;   6.1;    7.4;   -4.3;   -999;  14.0;   0.0;   0;   15.350; 180;eor
     5792;20150711;   3;    6.1;   6.5;   3.3;  717.98;   68.83;   7.6;    8.0;    3.8;   -999;  19.0;   0.0;   0;    9.333; 175;eor
     5792;20150712;   3;    5.3;   8.2;   4.7;  717.55;   91.54;   4.2;   10.1;    3.2;   -999;  15.2;   2.7;   6;    7.633; 170;eor
     5792;20150713;   3;    3.0;   7.6;   8.0;  715.65;  100.00;   8.0;    4.2;    1.5;   -999;  18.5;   2.6;   6;    0.000; 165;eor
     5792;20150714;   3;    5.1;   8.7;   6.0;  717.53;   98.50;   6.7;    7.8;    3.3;   -999;  15.7;   0.0;   0;    3.467; 158;eor
     5792;20150715;   3;    7.2;   7.8;   4.0;  719.10;   77.46;   6.5;   10.6;    3.7;   -999;  15.4;   0.0;   0;   11.367; 145;eor
     5792;20150716;   3;    9.3;   9.6;   5.3;  720.16;   81.42;   4.9;   12.6;    7.2;   -999;  13.8;   0.0;   0;    5.333; 135;eor
     5792;20150717;   3;    9.2;   8.4;   4.3;  720.97;   72.00;   5.6;   13.4;    4.9;   -999;  20.4;   6.2;   6;    8.767; 130;eor
     5792;20150718;   3;    9.2;   8.7;   4.3;  720.19;   74.67;   5.8;   11.7;    7.9;   -999;  18.1;   0.2;   6;    7.417; 120;eor
     5792;20150719;   3;    8.8;   9.4;   5.7;  716.88;   83.75;   7.3;   12.2;    4.7;   -999;  21.6;  11.7;   8;    8.083; 115;eor
     5792;20150720;   3;    7.1;   9.6;   7.0;  717.04;   95.04;   5.5;   10.8;    4.6;   -999;  14.2;   0.0;   0;    4.967; 105;eor
     5792;20150721;   3;    9.3;  10.4;   6.0;  719.19;   88.58;   3.2;   12.6;    6.5;   -999;  12.1;   0.0;   0;    7.000;  95;eor
     5792;20150722;   3;    9.9;   9.8;   4.7;  718.50;   80.04;   5.5;   13.5;    5.7;   -999;  16.9;  18.0;   8;    6.417;  85;eor
     5792;20150723;   3;    8.2;   9.7;   6.3;  716.15;   88.63;   3.6;   12.6;    5.5;   -999;   8.7;   0.0;   0;    5.750;  70;eor
     5792;20150724;   3;    8.8;   8.6;   7.0;  713.96;   75.38;   5.9;   12.0;    6.0;   -999;  18.6;   0.4;   6;    5.783;  65;eor
     5792;20150725;   3;    3.9;   7.5;   8.0;  710.92;   92.75;   7.0;    8.4;   -1.4;   -999;  21.3;   0.7;   8;    2.550;   0;eor
     5792;20150726;   3;    2.0;   5.2;   5.0;  710.59;   75.21;   8.1;    6.9;   -4.9;   -999;  28.1;  13.4;   6;    8.050;   0;eor
     5792;20150727;   3;    2.2;   7.1;   7.3;  708.03;   99.46;   8.4;    3.5;    0.3;   -999;  25.6;   0.0;   0;    0.633;   0;eor
     5792;20150728;   3;    2.6;   6.8;   6.7;  708.78;   92.50;   9.3;    6.5;    0.2;   -999;  21.6;   4.7;   6;    1.767;   0;eor
     5792;20150729;   3;    2.1;   7.1;   7.7;  709.03;   99.75;   8.1;    5.1;    0.3;   -999;  22.2;   8.0;   6;    2.117;   0;eor
     5792;20150730;   3;   -0.4;   5.9;   7.7;  710.23;   99.46;   7.4;    2.1;   -4.0;   -999;  18.7;   0.0;   0;    2.933;   0;eor
     5792;20150731;   3;    2.1;   5.2;   2.7;  712.13;   72.67;   4.6;    6.2;   -3.8;   -999;  11.5;   0.0;   0;   12.833;   0;eor
     5792;20150801;   3;    4.4;   7.5;   7.3;  713.33;   90.17;   5.5;    6.9;    2.3;   -999;  14.6;  13.4;   6;    2.000;   0;eor
     5792;20150802;   3;    3.9;   7.4;   5.7;  716.00;   92.42;   2.3;    6.3;    2.3;   -999;   6.9;   1.8;   6;    3.350;   0;eor
     5792;20150803;   3;    6.9;   8.0;   3.3;  718.15;   80.79;   5.1;   10.6;    4.2;   -999;  12.6;   0.0;   0;   10.033;   0;eor
     5792;20150804;   3;    7.6;   7.7;   5.3;  717.68;   74.75;   5.3;   11.5;    4.1;   -999;  15.5;   5.7;   6;    7.783;   0;eor
     5792;20150805;   3;    8.3;   8.7;   1.0;  718.63;   78.75;   4.7;   11.9;    4.2;   -999;  12.0;   0.0;   0;   13.817;   0;eor
     5792;20150806;   3;    9.9;   8.8;   3.0;  720.63;   72.38;   3.4;   13.3;    8.0;   -999;   9.0;   0.0;   0;    8.133;   0;eor
     5792;20150807;   3;   11.2;   9.9;   4.0;  721.05;   75.08;   2.2;   13.9;    9.3;   -999;   6.2;   0.0;   0;    6.100;   0;eor
     5792;20150808;   3;    9.5;   8.8;   5.7;  721.44;   74.13;   3.5;   12.3;    6.5;   -999;  13.3;   9.7;   8;    4.783;   0;eor
     5792;20150809;   3;    9.4;   9.0;   4.7;  718.94;   76.58;   5.6;   12.6;    6.8;   -999;  15.5;   1.9;   6;    8.183;   0;eor
     5792;20150810;   3;    8.1;   9.2;   4.0;  716.52;   84.96;   4.7;   11.0;    6.4;   -999;  12.2;   1.4;   6;    8.400;   0;eor
     5792;20150811;   3;    7.2;   9.5;   6.7;  717.44;   92.96;   3.5;   10.0;    5.9;   -999;   9.0;   0.2;   6;    2.283;   0;eor
     5792;20150812;   3;    8.0;   8.5;   2.0;  720.28;   79.42;   2.8;   10.7;    6.1;   -999;   9.9;   0.0;   0;    8.050;   0;eor
     5792;20150813;   3;    9.4;   7.7;   1.3;  717.99;   66.63;   6.3;   14.0;    6.2;   -999;  12.7;   0.0;   0;   11.133;   0;eor
     5792;20150814;   3;    7.1;   8.4;   5.0;  713.32;   83.33;   8.1;    9.4;    2.3;   -999;  31.4;   6.0;   8;    6.633;   0;eor
     5792;20150815;   3;    4.5;   8.0;   7.3;  710.22;   94.96;   5.7;    6.2;    2.7;   -999;  25.5;  19.9;   8;    3.383;   0;eor
     5792;20150816;   3;    2.6;   7.4;   8.0;  708.89;  100.00;   2.9;    4.3;    1.5;   -999;  12.0;  29.7;   8;    0.000;   0;eor
     5792;20150817;   3;    1.0;   6.6;   7.7;  709.06;   99.63;   2.4;    2.5;   -0.1;   -999;   7.0;  13.3;   8;    0.000;   0;eor
     5792;20150818;   3;    1.7;   6.6;   8.0;  710.75;   95.67;   3.1;    4.4;   -0.5;   -999;  11.6;  20.7;   8;    0.700;   0;eor
     5792;20150819;   3;    0.1;   6.2;   8.0;  712.47;   99.96;   4.3;    1.2;   -0.8;   -999;  12.6;   2.2;   8;    0.000;   0;eor
     5792;20150820;   3;   -0.1;   6.0;   8.0;  716.13;   98.96;   3.6;    1.7;   -2.0;   -999;  10.2;   5.9;   8;    0.133;   0;eor
     5792;20150821;   3;   -0.1;   5.8;   7.3;  717.12;   96.13;   2.9;    2.6;   -1.9;   -999;   7.4;   0.8;   8;    1.600;   0;eor
     5792;20150822;   3;    2.5;   5.8;   3.7;  714.65;   78.04;   3.5;    5.9;   -0.3;   -999;  11.3;   0.0;   0;    6.617;   0;eor
     5792;20150823;   3;    3.5;   7.1;   5.7;  710.29;   89.96;   9.1;    6.0;    2.2;   -999;  22.8;   0.0;   6;    4.917;   0;eor
     5792;20150824;   3;    4.2;   7.8;   6.0;  709.63;   94.88;   9.8;    7.4;    1.2;   -999;  22.1;  12.0;   8;    4.633;   0;eor
     5792;20150825;   3;    0.8;   5.8;   7.0;  713.37;   89.38;   6.3;    2.9;   -1.3;   -999;  19.1;   1.6;   7;    1.433;   3;eor
     5792;20150826;   3;    6.4;   5.1;   1.3;  717.03;   50.67;   5.8;    9.7;    2.0;   -999;  14.1;   0.0;   0;   13.333;   0;eor
     5792;20150827;   3;    8.0;   7.3;   5.3;  717.08;   69.21;   7.1;   12.7;    4.8;   -999;  18.2;   0.0;   0;   11.783;   0;eor
     5792;20150828;   3;    9.4;   7.7;   5.3;  720.44;   64.88;   5.5;   12.8;    7.1;   -999;  14.4;   0.0;   0;   12.233;   0;eor
     5792;20150829;   3;   10.8;   9.8;   1.0;  723.41;   75.21;   5.8;   12.9;    8.1;   -999;  10.9;   0.0;   0;   13.233;   0;eor
     5792;20150830;   3;   11.2;   7.0;   1.0;  722.35;   52.21;   5.2;   13.4;    8.5;   -999;  12.2;   0.0;   0;   12.983;   0;eor
     5792;20150831;   3;    8.9;   8.1;   1.0;  718.38;   70.79;   3.8;   11.8;    6.6;   -999;  13.3;   0.0;   0;    9.983;   0;eor
     5792;20150901;   3;    5.8;   8.2;   7.7;  713.80;   89.54;   5.9;   10.2;    2.2;   -999;  19.5;  26.8;   6;    5.800;   0;eor
     5792;20150902;   3;    2.0;   7.1;   7.7;  711.66;  100.00;   4.6;    2.9;    1.2;   -999;  21.1;   4.7;   8;    0.067;   0;eor
     5792;20150903;   3;    0.7;   6.4;   7.7;  709.99;   99.79;   5.7;    3.4;   -2.3;   -999;  13.9;  15.8;   8;    0.083;   0;eor
     5792;20150904;   3;   -0.9;   5.7;   8.0;  709.83;   99.96;   4.7;    0.7;   -2.4;   -999;  12.0;  12.5;   8;    0.950;   7;eor
     5792;20150905;   3;   -3.5;   4.8;   8.0;  708.52;  100.00;   4.8;   -0.4;   -5.7;   -999;  16.1;  10.3;   7;    0.000;  13;eor
     5792;20150906;   3;   -5.6;   4.0;   8.0;  710.91;  100.00;   6.9;   -4.3;   -6.9;   -999;  18.5;   5.4;   7;    0.083;  20;eor
     5792;20150907;   3;   -5.6;   3.7;   6.3;  713.38;   90.96;   3.9;   -2.8;   -9.2;   -999;  11.3;   0.0;   0;    5.700;  22;eor
     5792;20150908;   3;   -2.6;   4.1;   2.0;  713.66;   81.04;   3.4;    0.9;   -5.6;   -999;   9.7;   0.0;   0;   11.467;  20;eor
     5792;20150909;   3;   -2.9;   4.8;   5.7;  711.61;   96.04;   4.5;   -0.7;   -6.3;   -999;  11.3;   0.0;   0;    4.550;  15;eor
     5792;20150910;   3;   -2.9;   4.8;   7.3;  709.80;   96.75;   5.5;   -0.9;   -5.3;   -999;  17.9;   0.1;   7;    5.633;  10;eor
     5792;20150911;   3;   -1.7;   4.6;   6.0;  711.56;   84.58;   8.5;    1.0;   -4.4;   -999;  20.3;   0.9;   7;    5.300;  10;eor
     5792;20150912;   3;    2.4;   5.5;   3.0;  714.45;   75.58;   7.4;    6.3;   -0.3;   -999;  18.6;   0.0;   0;   12.217;   7;eor
     5792;20150913;   3;    3.2;   6.4;   5.7;  711.15;   83.29;  10.1;    6.1;    1.6;   -999;  25.2;   0.0;   6;    5.883;   0;eor
     5792;20150914;   3;    0.6;   6.3;   7.3;  706.64;   98.50;   9.2;    3.5;   -1.5;   -999;  30.4;   5.7;   8;    1.300;   0;eor
     5792;20150915;   3;    0.6;   6.2;   7.3;  707.04;   96.92;  11.6;    2.7;   -1.1;   -999;  26.9;   0.0;   6;    4.517;   2;eor
     5792;20150916;   3;    4.3;   6.5;   6.7;  706.01;   77.54;  17.9;    6.4;    1.9;   -999;  34.1;   0.0;   6;    4.267;   0;eor
     5792;20150917;   3;    4.0;   6.8;   4.7;  707.21;   84.38;  16.9;    8.6;    0.9;   -999;  47.3;   1.5;   8;    5.767;   0;eor
     5792;20150918;   3;    0.3;   6.1;   6.3;  711.83;   97.88;   4.9;    3.2;   -1.5;   -999;  13.3;   7.5;   7;    4.650;   0;eor
     5792;20150919;   3;   -1.5;   5.5;   7.7;  713.73;   99.42;   3.4;    0.0;   -3.3;   -999;   8.7;  14.8;   7;    0.317;   3;eor
     5792;20150920;   3;   -3.4;   4.7;   7.7;  713.05;   99.17;   3.5;   -1.3;   -4.5;   -999;   8.6;   4.4;   7;    0.650;  10;eor
     5792;20150921;   3;   -0.5;   4.3;   1.0;  710.53;   72.25;   5.5;    3.9;   -7.1;   -999;  13.4;   0.0;   0;   12.100;   8;eor
     5792;20150922;   3;    0.8;   5.1;   7.0;  704.82;   79.83;   7.8;    3.3;   -0.8;   -999;  18.9;  15.5;   7;    3.183;   5;eor
     5792;20150923;   3;   -5.8;   3.9;   8.0;  703.63;   97.42;   5.3;   -0.7;   -7.9;   -999;  16.4;  11.5;   7;    0.350;  12;eor
     5792;20150924;   3;   -3.3;   4.7;   5.0;  710.31;   96.58;   3.6;    0.0;   -6.6;   -999;   8.7;   0.0;   0;    2.483;  18;eor
     5792;20150925;   3;   -0.1;   5.8;   4.3;  712.80;   95.46;   2.9;    1.9;   -1.6;   -999;   6.3;   0.0;   0;    6.633;  10;eor
     5792;20150926;   3;   -0.7;   4.3;   4.0;  713.11;   76.13;   2.3;    4.3;   -5.0;   -999;   6.8;   0.0;   0;    9.250;   8;eor
     5792;20150927;   3;   -0.1;   1.9;   4.7;  714.97;   31.96;   4.1;    2.9;   -5.1;   -999;  13.9;   0.0;   0;   11.500;   7;eor
     5792;20150928;   3;   -3.9;   2.1;   0.7;  716.08;   49.71;   6.4;   -0.3;   -8.3;   -999;  19.7;   0.0;   0;   10.233;   7;eor
     5792;20150929;   3;   -2.3;   1.8;   1.3;  715.70;   34.88;   8.4;    0.4;   -4.8;   -999;  20.1;   0.0;   0;   10.967;   6;eor
     5792;20150930;   3;   -3.4;   2.5;   3.3;  714.32;   55.25;   5.2;    0.0;   -8.0;   -999;  16.0;   0.0;   7;   11.217;   6;eor
     5792;20151001;   3;   -3.7;   3.5;   1.3;  713.85;   74.38;   8.5;    2.9;   -8.4;   -999;  18.1;   0.0;   0;   11.467;   5;eor
     5792;20151002;   3;    1.9;   5.8;   4.0;  715.14;   83.00;  10.4;    3.6;    0.5;   -999;  23.1;   0.0;   0;    7.400;   5;eor
     5792;20151003;   3;    1.2;   5.4;   5.3;  712.67;   81.38;   9.5;    4.0;   -0.8;   -999;  25.7;   0.0;   0;    6.183;   3;eor
     5792;20151004;   3;   -2.2;   4.5;   5.3;  710.70;   85.21;   8.0;    1.2;   -5.5;   -999;  19.8;   5.5;   7;    3.650;   2;eor
     5792;20151005;   3;    0.4;   4.8;   6.7;  710.72;   74.46;   9.3;    3.2;   -2.9;   -999;  21.0;   0.8;   6;    4.783;   7;eor
     5792;20151006;   3;    1.9;   6.5;   7.7;  707.71;   93.58;   6.5;    4.9;   -1.1;   -999;  16.4;  28.8;   8;    2.317;   3;eor
     5792;20151007;   3;   -1.1;   5.6;   8.0;  708.33;   99.88;   5.4;   -0.2;   -2.7;   -999;  12.0;  10.8;   8;    0.000;   6;eor
     5792;20151008;   3;   -2.1;   5.2;   7.7;  710.40;   99.21;   4.7;   -0.3;   -3.2;   -999;   9.8;   0.2;   7;    2.000;   7;eor
     5792;20151009;   3;   -2.4;   4.7;   4.3;  710.68;   92.25;   4.3;    0.3;   -5.7;   -999;  12.2;   0.0;   0;   10.567;   7;eor
     5792;20151010;   3;   -2.5;   4.5;   4.3;  706.81;   88.63;   3.8;   -0.5;   -4.9;   -999;  10.9;   0.0;   0;    7.483;   7;eor
     5792;20151011;   3;   -3.6;   4.6;   5.7;  704.26;   98.54;   5.4;   -2.5;   -5.2;   -999;  14.5;   0.0;   0;    1.600;   6;eor
     5792;20151012;   3;   -2.3;   3.6;   3.7;  707.07;   70.33;   6.1;    1.0;   -5.2;   -999;  16.0;   0.8;   7;   10.400;   6;eor
     5792;20151013;   3;   -2.3;   5.1;   8.0;  705.52;   98.96;   6.7;   -1.1;   -7.3;   -999;  17.3;  14.2;   7;    0.000;   6;eor
     5792;20151014;   3;   -5.7;   3.9;   7.7;  702.06;   97.04;   5.7;   -3.1;   -8.7;   -999;  15.3;   4.4;   7;    3.767;  33;eor
     5792;20151015;   3;   -5.2;   4.0;   4.7;  700.79;   96.42;   8.3;   -3.4;   -7.0;   -999;  17.1;   1.0;   7;    3.267;  35;eor
     5792;20151016;   3;   -7.7;   3.2;   7.3;  702.69;   94.00;   5.9;   -4.5;   -9.6;   -999;  15.7;   0.0;   7;    5.567;  37;eor
     5792;20151017;   3;   -7.7;   3.2;   7.0;  704.47;   92.54;   9.8;   -6.4;   -9.0;   -999;  20.2;   2.0;   7;    2.500;  37;eor
     5792;20151018;   3;   -6.3;   3.6;   8.0;  705.09;   95.42;   9.9;   -5.1;   -7.3;   -999;  21.3;   5.7;   7;    0.000;  38;eor
     5792;20151019;   3;   -9.3;   2.8;   5.7;  704.97;   91.42;   3.4;   -7.1;  -11.3;   -999;  14.3;   2.2;   7;    2.717;  45;eor
     5792;20151020;   3;   -8.7;   1.9;   1.3;  706.67;   60.17;   4.4;   -5.7;  -11.3;   -999;  10.9;   0.0;   0;   10.533;  47;eor
     5792;20151021;   3;   -5.1;   2.3;   1.0;  707.05;   55.96;   4.1;   -0.3;   -8.4;   -999;  11.7;   0.0;   0;   10.550;  45;eor
     5792;20151022;   3;   -5.2;   2.4;   4.3;  707.43;   55.25;   8.0;   -1.4;   -7.6;   -999;  15.0;   0.0;   0;    8.183;  40;eor
     5792;20151023;   3;    0.4;   2.7;   2.7;  714.07;   48.29;   6.0;    4.6;   -5.7;   -999;  13.3;   0.0;   0;    9.367;  40;eor
     5792;20151024;   3;    3.4;   1.7;   4.7;  715.43;   23.13;   6.7;    6.0;    0.3;   -999;  14.3;   0.0;   0;    9.300;  38;eor
     5792;20151025;   3;   -0.2;   4.5;   4.3;  715.92;   74.29;   5.2;    2.1;   -1.9;   -999;  12.1;   0.1;   7;    5.600;  35;eor
     5792;20151026;   3;    1.8;   3.7;   1.0;  714.03;   54.00;   5.5;    4.6;    0.8;   -999;  11.3;   0.0;   0;   10.217;  27;eor
     5792;20151027;   3;    2.1;   2.3;   2.3;  711.81;   32.75;   5.3;    4.7;    0.2;   -999;  13.5;   0.0;   0;    9.533;  25;eor
     5792;20151028;   3;    1.2;   4.6;   5.3;  708.64;   69.88;   8.0;    3.0;   -0.4;   -999;  23.9;   1.1;   7;    4.383;  20;eor
     5792;20151029;   3;   -1.7;   5.1;   5.7;  709.57;   94.42;   6.5;    0.2;   -3.1;   -999;  15.3;   2.5;   7;    3.583;  22;eor
     5792;20151030;   3;    1.9;   3.9;   1.7;  716.64;   56.21;   4.4;    5.5;   -1.7;   -999;  14.7;   0.0;   0;    9.700;  24;eor
     5792;20151031;   3;    2.8;   2.7;   0.3;  720.01;   36.50;   6.9;    4.8;    1.5;   -999;  14.5;   0.0;   0;   10.017;  23;eor
     5792;20151101;   3;    2.2;   1.2;   0.0;  721.80;   17.13;   9.2;    4.0;    0.3;   -999;  19.4;   0.0;   0;    9.983;  22;eor
     5792;20151102;   3;    3.1;   0.7;   0.7;  720.63;    9.71;   8.9;    5.6;    0.0;   -999;  24.2;   0.0;   0;    9.933;  20;eor
     5792;20151103;   3;    4.8;   2.7;   2.7;  717.64;   32.04;   8.7;    6.3;    1.8;   -999;  17.3;   0.0;   0;    6.817;  18;eor
     5792;20151104;   3;    0.0;   4.9;   6.3;  714.78;   80.92;   3.7;    2.0;   -1.8;   -999;   9.3;   0.0;   0;    5.067;  16;eor
     5792;20151105;   3;   -0.7;   4.2;   2.3;  714.26;   72.63;   2.6;    2.1;   -2.2;   -999;   8.3;   0.0;   0;    8.317;  13;eor
     5792;20151106;   3;   -1.0;   4.4;   5.3;  717.28;   76.88;   6.2;    1.4;   -3.9;   -999;  16.1;   0.0;   0;    6.433;  12;eor
     5792;20151107;   3;    1.5;   5.6;   4.3;  720.88;   80.96;   5.7;    4.8;   -0.9;   -999;  14.0;   0.2;   8;    4.767;  11;eor
     5792;20151108;   3;    3.7;   5.3;   4.0;  722.90;   68.63;   7.7;    7.4;   -0.3;   -999;  17.7;   0.0;   0;    9.233;  10;eor
     5792;20151109;   3;    0.6;   4.9;   6.3;  720.43;   78.46;  10.4;    4.5;   -3.1;   -999;  27.1;   0.0;   0;    1.933;  10;eor
     5792;20151110;   3;    2.2;   5.3;   4.0;  720.27;   73.96;   8.4;    5.7;    0.4;   -999;  18.2;   0.0;   0;    5.833;  10;eor
     5792;20151111;   3;    1.4;   3.0;   2.0;  718.25;   45.25;   7.8;    3.4;    0.3;   -999;  17.7;   0.0;   0;    9.367;   7;eor
     5792;20151112;   3;    3.1;   2.0;   3.7;  718.85;   27.29;  10.1;    5.7;    0.1;   -999;  20.7;   0.0;   0;    8.983;   5;eor
     5792;20151113;   3;    2.2;   2.3;   5.3;  718.05;   36.67;  10.8;    6.3;   -4.2;   -999;  25.1;   1.9;   7;    5.617;   5;eor
     5792;20151114;   3;   -6.5;   2.7;   7.3;  714.50;   72.46;   9.4;   -3.7;   -8.3;   -999;  26.1;   0.0;   0;    7.150;   7;eor
     5792;20151115;   3;   -2.9;   4.8;   7.3;  711.95;   96.08;  12.7;   -1.7;   -6.3;   -999;  27.8;   0.0;   7;    0.217;   7;eor
     5792;20151116;   3;   -1.9;   3.8;   3.7;  712.82;   72.63;   9.3;    0.7;   -4.5;   -999;  21.2;   0.0;   0;    8.450;   7;eor
     5792;20151117;   3;   -1.0;   3.2;   7.0;  711.31;   57.79;  13.1;    0.1;   -2.2;   -999;  28.1;   0.4;   7;    0.233;   7;eor
     5792;20151118;   3;   -1.3;   2.8;   1.0;  712.88;   51.88;  14.6;    0.5;   -4.1;   -999;  32.5;   0.0;   0;    9.000;   7;eor
     5792;20151119;   3;   -2.1;   3.1;   6.3;  711.81;   61.46;  13.9;   -0.3;   -3.9;   -999;  32.9;   2.3;   7;    6.767;   7;eor
     5792;20151120;   3;   -3.3;   4.7;   8.0;  701.02;   96.79;  18.5;   -2.1;   -9.2;   -999;  43.8;  33.9;   7;    0.000;   7;eor
     5792;20151121;   3;  -12.7;   2.2;   7.7;  687.86;   92.33;   3.7;   -8.9;  -17.3;   -999;  18.7;  13.7;   7;    0.217;  40;eor
     5792;20151122;   3;  -16.9;   1.5;   8.0;  690.46;   88.67;   4.6;  -15.7;  -18.8;   -999;  14.6;   8.3;   7;    0.000;  55;eor
     5792;20151123;   3;  -17.2;   1.4;   3.7;  700.75;   85.38;   4.6;  -14.0;  -18.5;   -999;  15.9;   0.0;   7;    6.417;  63;eor
     5792;20151124;   3;  -13.8;   1.1;   2.7;  703.05;   54.33;   7.9;   -9.4;  -16.3;   -999;  23.0;   1.5;   7;    8.717;  58;eor
     5792;20151125;   3;  -11.3;   2.4;   7.7;  695.81;   92.75;   7.9;   -8.8;  -13.9;   -999;  22.9;   9.2;   7;    0.050;  58;eor
     5792;20151126;   3;  -14.6;   1.8;   8.0;  696.98;   90.75;   3.0;  -12.8;  -15.8;   -999;  15.8;  16.8;   7;    0.000;  70;eor
     5792;20151127;   3;  -10.2;   1.4;   0.0;  700.17;   53.08;   6.3;   -6.7;  -15.4;   -999;  17.2;   0.0;   0;    8.850;  95;eor
     5792;20151128;   3;  -12.5;   1.7;   5.3;  700.35;   72.42;   9.0;   -8.0;  -15.6;   -999;  22.2;   8.5;   7;    0.333;  85;eor
     5792;20151129;   3;  -10.1;   2.6;   8.0;  705.94;   86.75;  15.7;   -7.7;  -14.7;   -999;  37.7;   7.9;   7;    0.000;  90;eor
     5792;20151130;   3;   -7.7;   3.0;   7.7;  709.88;   87.63;  15.6;   -5.8;   -8.6;   -999;  36.5;   5.4;   7;    0.433;  95;eor
     5792;20151201;   3;   -4.4;   4.2;   8.0;  713.73;   95.50;  11.8;   -3.1;   -7.5;   -999;  27.3;   3.0;   7;    0.000;  80;eor
     5792;20151202;   3;   -3.2;   2.6;   0.7;  717.83;   57.63;   7.8;   -1.2;   -6.9;   -999;  16.9;   0.0;   0;    8.633;  70;eor
     5792;20151203;   3;    0.0;   0.9;   1.0;  719.11;   14.54;   6.7;    2.5;   -2.3;   -999;  13.6;   0.0;   0;    8.600;  70;eor
     5792;20151204;   3;   -2.6;   2.1;   5.3;  719.02;   46.29;   8.0;    1.7;   -6.0;   -999;  18.5;   1.8;   7;    6.017;  70;eor
     5792;20151205;   3;   -2.8;   3.1;   3.0;  718.68;   64.25;   7.7;   -0.2;   -5.7;   -999;  13.7;   0.0;   0;    8.383;  70;eor
     5792;20151206;   3;   -2.4;   3.0;   0.7;  718.18;   60.83;   8.4;    0.9;   -6.8;   -999;  15.1;   0.0;   0;    8.550;  68;eor
     5792;20151207;   3;   -3.1;   2.7;   0.3;  719.63;   57.29;   4.8;    0.0;   -6.3;   -999;  11.2;   0.0;   0;    8.533;  68;eor
     5792;20151208;   3;   -3.1;   2.2;   4.3;  718.13;   47.92;   3.1;    0.9;   -8.0;   -999;  10.1;   0.1;   7;    4.967;  68;eor
     5792;20151209;   3;   -9.3;   2.8;   8.0;  717.26;   91.54;   5.3;   -6.5;  -13.7;   -999;  12.8;  10.8;   7;    0.000;  68;eor
     5792;20151210;   3;   -6.3;   0.6;   0.3;  718.45;   18.04;   4.9;   -3.3;  -13.3;   -999;  12.8;   0.0;   0;    8.483;  80;eor
     5792;20151211;   3;   -4.2;   0.8;   6.3;  715.70;   18.67;  10.6;   -2.3;   -5.8;   -999;  23.5;   0.0;   0;    7.333;  80;eor
     5792;20151212;   3;   -5.0;   1.2;   6.3;  712.36;   28.63;  11.0;   -2.2;   -7.8;   -999;  25.7;   0.0;   0;    6.283;  80;eor
     5792;20151213;   3;   -4.4;   0.9;   3.7;  710.38;   19.75;   7.1;   -2.8;   -5.7;   -999;  19.1;   0.0;   0;    7.567;  80;eor
     5792;20151214;   3;   -3.0;   1.0;   1.0;  710.51;   21.46;   4.6;    0.0;   -5.1;   -999;  10.7;   0.0;   0;    8.417;  80;eor
     5792;20151215;   3;   -6.8;   2.7;   6.3;  712.46;   72.08;   7.2;   -5.0;   -8.1;   -999;  15.1;   0.0;   0;    3.550;  80;eor
     5792;20151216;   3;   -5.2;   4.0;   8.0;  715.01;   95.83;   7.2;   -4.0;   -7.2;   -999;  18.0;  18.4;   7;    0.000;  80;eor
     5792;20151217;   3;   -3.8;   3.9;   4.7;  716.23;   85.13;   7.5;   -3.0;   -5.2;   -999;  17.3;   1.1;   7;    4.933;  90;eor
     5792;20151218;   3;   -3.9;   4.0;   7.0;  715.32;   88.38;   7.1;   -2.5;   -5.0;   -999;  16.3;   0.6;   7;    0.083;  90;eor
     5792;20151219;   3;   -2.5;   4.1;   4.7;  715.48;   81.38;   5.2;    1.6;   -4.7;   -999;  15.5;   0.0;   0;    6.833;  90;eor
     5792;20151220;   3;    1.2;   3.5;   0.7;  716.27;   52.63;   6.5;    2.5;    0.2;   -999;  12.9;   0.0;   0;    8.350;  90;eor
     5792;20151221;   3;   -3.7;   3.4;   5.0;  715.59;   73.75;  12.1;    0.2;   -6.7;   -999;  29.7;   0.0;   0;    0.850;  90;eor
     5792;20151222;   3;   -0.5;   3.0;   5.7;  719.31;   49.33;  10.0;    3.4;   -4.9;   -999;  21.1;   0.0;   0;    6.983;  90;eor
     5792;20151223;   3;   -1.4;   3.0;   0.7;  717.83;   56.58;   6.3;    2.8;   -5.1;   -999;  19.4;   0.0;   0;    8.367;  90;eor
     5792;20151224;   3;   -3.8;   3.1;   2.3;  715.62;   67.42;   5.5;   -0.8;   -5.8;   -999;  22.9;   0.0;   0;    6.183;  90;eor
     5792;20151225;   3;   -3.4;   2.5;   4.7;  719.23;   54.50;  10.9;   -1.0;   -6.3;   -999;  21.3;   0.0;   0;    8.367;  90;eor
     5792;20151226;   3;   -1.2;   2.1;   3.3;  720.22;   37.88;   8.2;    0.9;   -2.3;   -999;  13.4;   0.0;   0;    8.400;  90;eor
     5792;20151227;   3;   -1.6;   1.7;   3.0;  720.20;   31.54;   7.4;    0.0;   -2.6;   -999;  15.1;   0.0;   0;    8.400;  90;eor
     5792;20151228;   3;    0.2;   1.4;   2.7;  719.08;   22.21;   5.0;    3.4;   -1.4;   -999;  10.1;   0.0;   0;    8.417;  90;eor
     5792;20151229;   3;   -2.2;   1.4;   1.7;  715.90;   29.08;   3.3;    2.5;   -7.6;   -999;   9.1;   0.0;   0;    8.133;  90;eor
     5792;20151230;   3;   -2.8;   1.2;   1.3;  713.70;   24.42;   8.1;    0.2;   -6.3;   -999;  16.8;   0.0;   0;    8.433;  90;eor
     5792;20151231;   3;   -5.3;   2.4;   6.0;  711.10;   61.79;   6.1;   -0.5;   -7.8;   -999;  16.0;   8.3;   7;    1.650;  90;eor
     5792;20160101;   3;   -8.1;   2.2;   4.3;  709.07;   68.08;   6.9;   -4.7;  -10.9;   -999;  15.0;   1.8;   7;    5.700; 100;eor
     5792;20160102;   3;   -7.2;   2.4;   8.0;  702.56;   68.21;   6.6;   -5.6;  -10.2;   -999;  15.3;  18.8;   7;    0.350; 100;eor
     5792;20160103;   3;  -10.5;   2.3;   6.7;  695.67;   83.92;   6.8;   -8.5;  -11.5;   -999;  24.5;   3.8;   7;    4.167; 113;eor
     5792;20160104;   3;  -11.0;   2.4;   8.0;  686.72;   91.25;  12.4;   -8.3;  -12.9;   -999;  31.2;  11.0;   7;    0.000; 110;eor
     5792;20160105;   3;  -12.1;   2.2;   7.7;  688.70;   90.50;   9.0;  -10.9;  -13.3;   -999;  23.6;   2.2;   7;    0.000; 120;eor
     5792;20160106;   3;  -12.7;   2.0;   5.3;  690.20;   87.13;   4.8;  -11.0;  -13.7;   -999;  14.9;   7.7;   7;    3.667; 120;eor
     5792;20160107;   3;  -10.5;   2.4;   7.0;  690.85;   86.33;  10.8;   -6.6;  -13.6;   -999;  37.3;   8.4;   7;    3.733; 125;eor
     5792;20160108;   3;   -8.6;   3.1;   8.0;  696.02;   94.75;  12.0;   -4.1;  -11.5;   -999;  31.8;   8.1;   7;    0.733; 125;eor
     5792;20160109;   3;   -6.0;   3.7;   8.0;  696.54;   94.63;   9.7;   -4.2;  -10.6;   -999;  25.3;   8.8;   7;    0.017; 130;eor
     5792;20160110;   3;   -7.7;   3.0;   6.3;  693.18;   86.38;  11.1;   -6.4;   -9.2;   -999;  36.8;   0.2;   7;    1.900; 140;eor
     5792;20160111;   3;   -8.4;   3.0;   7.0;  688.11;   91.96;  12.9;   -5.9;  -12.4;   -999;  34.8;  15.9;   7;    0.000; 140;eor
     5792;20160112;   3;  -12.7;   2.1;   8.0;  690.40;   88.92;  12.9;  -11.9;  -13.9;   -999;  32.8;  14.8;   7;    0.000; 150;eor
     5792;20160113;   3;  -15.2;   1.7;   8.0;  697.65;   88.04;  10.9;  -13.6;  -17.9;   -999;  28.4;   9.3;   7;    0.000; 160;eor
     5792;20160114;   3;  -14.1;   1.5;   6.3;  696.48;   69.67;  11.4;  -11.5;  -17.9;   -999;  25.7;   7.6;   7;    2.517; 175;eor
     5792;20160115;   3;  -18.1;   1.3;   8.0;  692.93;   84.71;  12.9;  -16.3;  -19.3;   -999;  31.2;  14.7;   7;    0.000; 190;eor
     5792;20160116;   3;  -18.7;   1.2;   8.0;  697.40;   86.67;   6.5;  -18.0;  -19.9;   -999;  19.5;  25.9;   7;    0.000; 220;eor
     5792;20160117;   3;  -21.4;   0.9;   8.0;  696.93;   85.71;   5.7;  -19.9;  -23.3;   -999;  14.5;  13.2;   7;    0.000; 245;eor
     5792;20160118;   3;  -18.4;   0.6;   2.3;  696.45;   48.88;   5.9;  -14.1;  -23.5;   -999;  12.5;   0.0;   0;    8.367; 260;eor
     5792;20160119;   3;  -14.7;   1.7;   7.7;  696.25;   84.25;   7.8;  -13.0;  -16.8;   -999;  19.2;   6.9;   7;    0.000; 250;eor
     5792;20160120;   3;  -14.4;   1.8;   5.3;  698.68;   88.75;   7.3;  -13.1;  -16.1;   -999;  16.7;   5.0;   7;    4.817; 255;eor
     5792;20160121;   3;  -14.9;   1.2;   2.7;  703.16;   61.88;   7.9;  -13.1;  -16.7;   -999;  16.6;   0.0;   7;    7.950; 240;eor
     5792;20160122;   3;  -11.4;   1.0;   1.3;  709.49;   41.00;   7.5;   -8.8;  -13.8;   -999;  18.1;   5.2;   7;    8.917; 230;eor
     5792;20160123;   3;  -10.7;   2.3;   5.3;  713.60;   83.50;   8.5;   -6.3;  -13.6;   -999;  24.7;   7.9;   7;    0.467; 235;eor
     5792;20160124;   3;   -7.2;   1.7;   6.0;  717.33;   46.21;   7.9;   -3.7;  -11.8;   -999;  18.3;   0.0;   7;    2.100; 220;eor
     5792;20160125;   3;   -2.5;   4.3;   4.7;  718.48;   84.29;   6.3;   -0.7;   -5.9;   -999;  13.3;   0.0;   0;    2.633; 215;eor
     5792;20160126;   3;   -3.3;   3.6;   5.0;  717.68;   75.00;   8.9;   -1.3;   -4.5;   -999;  21.8;   0.0;   0;    5.350; 210;eor
     5792;20160127;   3;   -3.9;   3.0;   6.7;  714.47;   67.04;  13.7;   -2.2;   -5.1;   -999;  25.6;   0.0;   0;    2.350; 205;eor
     5792;20160128;   3;   -4.4;   3.1;   6.0;  713.43;   72.08;  11.4;   -2.0;   -5.8;   -999;  26.6;   3.0;   7;    4.100; 200;eor
     5792;20160129;   3;   -6.3;   3.0;   5.3;  714.79;   77.88;   9.6;   -4.6;   -8.2;   -999;  22.1;   1.9;   7;    5.650; 190;eor
     5792;20160130;   3;   -5.2;   1.9;   4.3;  708.61;   47.88;  14.0;   -3.6;   -7.9;   -999;  35.3;   8.9;   7;    7.483; 190;eor
     5792;20160131;   3;   -7.2;   3.4;   8.0;  702.33;   92.92;  13.0;   -2.7;  -10.7;   -999;  31.2;  49.6;   7;    0.000; 200;eor
     5792;20160201;   3;   -2.7;   3.3;   5.3;  712.45;   68.29;  14.1;    0.0;   -4.8;   -999;  32.0;   0.0;   0;    3.750; 240;eor
     5792;20160202;   3;   -0.5;   1.4;   7.3;  712.25;   24.38;  13.8;    1.7;   -4.6;   -999;  32.3;   0.0;   0;    2.817; 230;eor
     5792;20160203;   3;  -11.3;   2.3;   7.7;  703.67;   87.04;   9.6;   -4.6;  -17.8;   -999;  26.0;  29.5;   7;    0.000; 225;eor
     5792;20160204;   3;  -14.6;   1.8;   8.0;  704.70;   90.04;  11.4;  -11.0;  -17.1;   -999;  29.8;  44.9;   7;    0.000; 250;eor
     5792;20160205;   3;   -9.4;   2.6;   6.3;  710.08;   85.79;   8.1;   -5.3;  -12.5;   -999;  21.4;   6.7;   7;    0.000; 310;eor
     5792;20160206;   3;   -4.7;   2.2;   5.0;  709.02;   51.50;  13.1;   -2.8;   -6.9;   -999;  44.8;   0.0;   0;    9.050; 310;eor
     5792;20160207;   3;   -7.3;   2.8;   7.0;  699.88;   79.63;  14.6;   -5.6;   -9.6;   -999;  45.3;   3.5;   7;    0.300; 290;eor
     5792;20160208;   3;   -7.2;   2.7;   5.7;  699.49;   77.00;  13.9;   -4.8;  -10.5;   -999;  33.7;   1.3;   7;    5.833; 275;eor
     5792;20160209;   3;   -7.8;   2.7;   7.3;  693.85;   80.13;  16.6;   -6.0;  -12.8;   -999;  40.4;   8.2;   7;    2.800; 270;eor
     5792;20160210;   3;  -16.0;   1.5;   8.0;  686.47;   85.79;  11.2;  -12.8;  -17.5;   -999;  31.6;   9.8;   7;    0.117; 280;eor
     5792;20160211;   3;  -15.7;   1.3;   4.3;  692.51;   75.04;   7.8;  -13.5;  -17.4;   -999;  19.3;   0.2;   7;    8.083; 295;eor
     5792;20160212;   3;  -14.1;   1.7;   6.0;  688.63;   80.67;   9.8;  -10.4;  -16.6;   -999;  27.1;   3.1;   7;    6.017; 285;eor
     5792;20160213;   3;  -10.8;   2.4;   6.3;  685.50;   88.38;  12.0;   -9.3;  -11.7;   -999;  29.8;   5.5;   7;    1.317; 285;eor
     5792;20160214;   3;   -9.5;   2.4;   6.3;  685.67;   79.88;  10.7;   -7.2;  -11.9;   -999;  30.1;  13.1;   7;    3.733; 275;eor
     5792;20160215;   3;  -11.9;   2.2;   8.0;  695.88;   91.17;   2.8;   -9.8;  -12.7;   -999;   8.9;  22.6;   7;    0.283; 295;eor
     5792;20160216;   3;  -11.3;   2.2;   5.7;  707.21;   85.50;   6.7;   -8.5;  -13.6;   -999;  16.6;   2.2;   7;    3.267; 315;eor
     5792;20160217;   3;   -8.6;   2.8;   7.3;  702.10;   86.92;  10.3;   -6.5;  -10.7;   -999;  23.3;   0.2;   7;    2.117; 300;eor
     5792;20160218;   3;  -10.0;   2.1;   3.0;  701.06;   73.67;   7.2;   -6.3;  -12.1;   -999;  17.2;   0.0;   7;    9.417; 290;eor
     5792;20160219;   3;  -14.3;   1.8;   8.0;  702.04;   89.17;   5.4;  -12.1;  -17.6;   -999;  16.2;   8.6;   7;    0.000; 285;eor
     5792;20160220;   3;  -11.3;   2.4;   7.0;  704.97;   87.04;  11.5;   -3.3;  -18.0;   -999;  32.4;  24.3;   7;    0.917; 290;eor
     5792;20160221;   3;   -2.7;   4.1;   6.3;  709.65;   81.96;  16.5;   -0.3;   -4.6;   -999;  34.6;   4.5;   7;    1.833; 310;eor
     5792;20160222;   3;   -2.4;   2.8;   5.0;  706.85;   57.33;  13.5;    0.4;   -6.2;   -999;  33.8;   0.9;   7;    6.650; 305;eor
     5792;20160223;   3;   -9.0;   3.0;   8.0;  700.37;   93.00;  10.2;   -5.6;  -16.1;   -999;  26.0;  13.2;   7;    0.167; 305;eor
     5792;20160224;   3;  -14.2;   1.7;   7.0;  699.25;   80.67;  10.1;   -8.4;  -17.3;   -999;  29.2;   2.5;   7;    5.517; 330;eor
     5792;20160225;   3;  -10.8;   2.5;   8.0;  696.19;   91.33;  12.5;   -8.5;  -15.3;   -999;  27.7;   4.6;   7;    0.000; 330;eor
     5792;20160226;   3;  -12.8;   1.2;   3.7;  695.31;   55.67;   7.7;   -7.0;  -16.7;   -999;  21.0;   0.0;   0;   10.033; 325;eor
     5792;20160227;   3;  -10.0;   2.1;   6.7;  694.73;   74.79;  11.0;   -7.0;  -12.6;   -999;  27.2;   0.0;   0;    6.917; 315;eor
     5792;20160228;   3;   -7.5;   3.1;   8.0;  697.94;   89.54;   9.9;   -5.7;   -8.8;   -999;  26.0;   0.0;   7;    0.100; 305;eor
     5792;20160229;   3;   -8.6;   3.0;   7.7;  697.13;   90.67;   7.5;   -6.1;  -13.8;   -999;  19.1;  15.6;   7;    0.000; 300;eor
     5792;20160301;   3;  -12.9;   2.0;   6.0;  700.82;   85.21;   8.8;   -7.9;  -15.5;   -999;  19.6;  13.9;   7;    0.017; 315;eor
     5792;20160302;   3;   -9.4;   2.9;   7.7;  695.93;   93.04;  11.3;   -7.0;  -17.4;   -999;  27.1;  17.8;   7;    0.100; 330;eor
     5792;20160303;   3;  -16.1;   1.6;   7.7;  689.41;   89.32;   6.3;  -14.4;  -18.0;   -999;  17.4;   9.3;   7;    0.000; 360;eor
     5792;20160304;   3;  -11.6;  -999;   6.7;  692.03;    -999;   8.7;   -7.2;  -16.4;   -999;  24.0;   0.0;   7;    6.650; 370;eor
     5792;20160305;   3;  -10.3;   2.4;   7.7;  687.76;   85.38;  12.7;   -8.5;  -13.4;   -999;  33.0;  13.7;   7;    0.450; 360;eor
     5792;20160306;   3;  -15.5;   1.6;   6.7;  688.68;   87.21;   7.4;  -13.2;  -17.4;   -999;  21.1;   1.0;   7;    2.317; 380;eor
     5792;20160307;   3;  -16.2;   1.5;   7.7;  689.16;   84.58;   2.9;  -12.4;  -17.8;   -999;   7.1;   0.5;   7;    1.217; 375;eor
     5792;20160308;   3;  -16.7;   1.5;   8.0;  695.05;   87.29;   2.8;  -14.8;  -17.9;   -999;  10.0;   5.5;   7;    0.317; 370;eor
     5792;20160309;   3;  -13.3;   1.7;   1.0;  695.04;   78.17;  10.5;  -10.9;  -17.3;   -999;  25.5;   0.0;   0;   11.417; 380;eor
     5792;20160310;   3;  -11.3;   2.1;   3.3;  699.87;   82.13;   5.8;   -8.8;  -13.2;   -999;  13.2;   0.3;   7;    9.867; 377;eor
     5792;20160311;   3;   -8.4;   1.7;   2.3;  705.00;   51.04;   5.1;   -4.3;  -12.6;   -999;  16.9;   0.0;   0;   10.817; 370;eor
     5792;20160312;   3;   -9.0;   2.0;   4.3;  706.37;   66.54;   4.9;   -3.2;  -11.8;   -999;  13.6;   1.3;   7;    5.233; 365;eor
     5792;20160313;   3;  -11.7;   2.2;   8.0;  706.38;   88.88;   9.7;   -9.9;  -12.9;   -999;  24.3;   1.4;   7;    0.933; 360;eor
     5792;20160314;   3;   -7.9;   1.0;   0.3;  707.62;   32.08;   8.6;   -5.2;  -10.2;   -999;  23.8;   0.0;   0;   11.833; 355;eor
     5792;20160315;   3;  -11.5;   1.6;   8.0;  703.53;   66.75;   5.8;   -7.4;  -16.2;   -999;  14.6;   7.6;   7;    0.033; 350;eor
     5792;20160316;   3;  -13.8;   1.7;   4.3;  702.82;   81.00;  11.2;  -10.6;  -17.6;   -999;  21.1;   1.0;   7;    8.650; 360;eor
     5792;20160317;   3;   -6.8;   1.5;   0.3;  708.77;   42.17;   2.9;   -0.9;  -11.3;   -999;  12.8;   0.0;   0;   11.833; 350;eor
     5792;20160318;   3;   -7.0;   1.0;   0.3;  706.73;   28.58;   3.3;   -3.3;   -8.5;   -999;   8.1;   0.0;   0;   12.017; 345;eor
     5792;20160319;   3;   -7.2;   1.8;   1.3;  705.96;   49.71;   4.7;   -5.3;   -8.5;   -999;   9.1;   0.0;   0;   11.933; 340;eor
     5792;20160320;   3;   -5.8;   1.4;   0.7;  704.88;   35.71;   5.4;   -2.1;   -9.5;   -999;  14.3;   0.0;   0;   12.150; 335;eor
     5792;20160321;   3;   -9.2;   2.1;   2.0;  702.53;   70.29;   8.6;   -6.6;  -10.9;   -999;  15.7;   0.0;   0;   11.533; 335;eor
     5792;20160322;   3;  -10.6;   1.6;   1.7;  698.30;   60.17;   6.1;   -7.8;  -13.1;   -999;  15.3;   0.3;   7;   11.117; 330;eor
     5792;20160323;   3;  -13.4;   1.9;   8.0;  694.35;   87.71;   3.6;  -12.3;  -14.6;   -999;  11.6;   8.4;   7;    0.000; 330;eor
     5792;20160324;   3;  -12.5;   1.8;   6.7;  699.22;   76.75;   6.1;   -9.2;  -14.2;   -999;  14.1;   1.8;   7;    1.750; 340;eor
     5792;20160325;   3;  -10.2;   2.5;   8.0;  701.70;   87.83;   9.6;   -9.1;  -11.7;   -999;  21.9;  31.8;   7;    0.033; 340;eor
     5792;20160326;   3;   -7.9;   2.2;   3.3;  706.20;   67.96;   7.7;   -0.9;  -10.5;   -999;  19.0;   6.4;   7;    8.783; 360;eor
     5792;20160327;   3;   -4.4;   2.3;   7.3;  704.82;   57.71;   4.8;   -0.9;   -8.0;   -999;  11.2;   2.0;   7;    6.317; 360;eor
     5792;20160328;   3;   -6.2;   2.9;   5.3;  701.11;   74.88;   9.3;   -4.2;   -8.2;   -999;  25.3;   0.0;   7;    7.067; 355;eor
     5792;20160329;   3;   -7.5;   2.8;   6.3;  703.18;   81.04;   9.4;   -5.7;   -9.9;   -999;  27.8;   0.4;   7;    6.717; 350;eor
     5792;20160330;   3;   -4.1;   3.8;   5.7;  706.05;   85.21;  12.2;   -1.9;   -6.5;   -999;  31.4;   0.0;   7;     -999; 350;eor
     5792;20160331;   3;   -1.9;   3.5;   6.7;  705.38;   65.33;  16.3;    0.5;   -4.4;   -999;  48.8;   0.0;   0;    5.800; 340;eor
     5792;20160401;   3;   -1.6;   4.4;   7.0;  707.36;   81.00;  12.9;    0.1;   -3.0;   -999;  39.5;   0.0;   0;    5.933; 335;eor
     5792;20160402;   3;    0.6;   3.5;   7.0;  711.18;   55.00;  11.8;    2.8;   -0.7;   -999;  23.5;   0.0;   0;    4.500; 335;eor
     5792;20160403;   3;    0.4;   3.2;   7.0;  709.45;   51.25;  11.8;    2.0;   -1.6;   -999;  26.4;   0.0;   0;    4.617; 335;eor
     5792;20160404;   3;   -1.2;   4.1;   5.3;  705.45;   73.04;  11.4;    0.9;   -2.8;   -999;  29.3;   0.0;   0;    7.567; 330;eor
     5792;20160405;   3;   -1.2;   4.3;   7.0;  704.73;   77.71;  13.5;    0.5;   -2.9;   -999;  30.7;   0.0;   7;    1.933; 325;eor
     5792;20160406;   3;   -3.1;   4.7;   6.3;  705.33;   96.25;  10.2;   -1.9;   -4.2;   -999;  23.2;   3.0;   7;    1.533; 320;eor
     5792;20160407;   3;   -4.5;   4.2;   7.0;  702.50;   94.79;   8.2;   -2.4;   -7.8;   -999;  21.6;   1.2;   7;    5.000; 320;eor
     5792;20160408;   3;   -5.3;   3.9;   7.7;  698.73;   94.25;   7.7;   -1.8;   -8.1;   -999;  14.0;   2.1;   7;    0.400; 320;eor
     5792;20160409;   3;   -5.9;   3.6;   7.7;  697.10;   92.00;   6.7;   -2.2;   -8.5;   -999;  15.7;   0.0;   7;    2.317; 320;eor
     5792;20160410;   3;   -4.5;   2.3;   3.3;  701.87;   55.58;   5.7;   -1.4;   -9.1;   -999;  14.8;   0.0;   0;   13.050; 320;eor
     5792;20160411;   3;   -1.4;   2.8;   3.3;  704.86;   51.88;   5.0;    1.0;   -4.4;   -999;  12.2;   0.0;   7;   10.300; 315;eor
     5792;20160412;   3;   -3.8;   3.8;   5.0;  704.53;   81.58;   7.1;   -0.6;   -5.3;   -999;  23.1;   0.0;   7;    7.500; 315;eor
     5792;20160413;   3;   -4.7;   3.6;   6.7;  701.80;   83.21;   7.5;   -1.1;   -7.0;   -999;  19.9;  18.8;   7;    6.383; 310;eor
     5792;20160414;   3;   -7.7;   3.2;   8.0;  702.60;   93.29;   7.0;   -6.3;   -8.8;   -999;  24.1;   8.5;   7;    1.050; 335;eor
     5792;20160415;   3;   -4.3;   3.7;   7.7;  702.97;   83.29;  13.6;   -2.2;   -6.8;   -999;  30.7;   0.2;   7;    0.767; 330;eor
     5792;20160416;   3;   -2.7;   4.1;   5.7;  702.15;   81.58;  14.4;   -0.7;   -4.2;   -999;  35.9;   0.1;   7;    7.050; 325;eor
     5792;20160417;   3;   -3.9;   4.2;   7.7;  702.31;   91.83;  10.7;   -1.6;   -7.2;   -999;  40.7;  32.1;   7;    0.017; 320;eor
     5792;20160418;   3;   -6.9;   3.4;   7.7;  705.76;   94.25;   3.4;   -3.6;   -8.7;   -999;  10.4;  34.6;   7;    3.533; 350;eor
     5792;20160419;   3;   -7.9;   2.4;   1.0;  710.31;   73.71;   5.6;   -5.1;  -10.1;   -999;  12.9;   0.0;   0;   13.117; 370;eor
     5792;20160420;   3;   -3.5;   1.2;   2.0;  714.17;   26.21;   5.9;    1.3;   -8.1;   -999;  14.3;   0.0;   0;   13.633; 360;eor
     5792;20160421;   3;    1.4;   2.3;   5.0;  714.20;   34.13;   6.8;    3.9;   -1.0;   -999;  10.9;   0.0;   0;   12.767; 350;eor
     5792;20160422;   3;   -2.8;   4.4;   7.3;  708.33;   88.96;   3.5;    0.6;   -6.3;   -999;  11.5;   0.1;   7;    4.700; 340;eor
     5792;20160423;   3;   -5.3;   3.8;   8.0;  700.22;   91.50;   3.3;   -0.4;  -11.6;   -999;  12.1;  15.1;   7;    0.317; 340;eor
     5792;20160424;   3;  -13.7;   2.0;   8.0;  696.14;   91.96;   5.4;  -11.2;  -15.7;   -999;  12.4;  13.9;   7;    0.017; 350;eor
     5792;20160425;   3;  -15.5;   1.6;   7.7;  695.32;   89.79;   8.7;  -13.9;  -17.5;   -999;  28.0;   6.3;   7;    2.167; 365;eor
     5792;20160426;   3;  -11.2;   2.3;   8.0;  693.71;   89.13;  12.3;   -8.8;  -14.0;   -999;  30.0;   7.0;   7;    0.050; 380;eor
     5792;20160427;   3;  -15.4;   1.6;   6.0;  695.38;   84.67;   8.8;  -12.9;  -16.6;   -999;  26.2;   1.5;   7;    3.267; 380;eor
     5792;20160428;   3;  -13.3;   1.9;   7.3;  700.43;   85.00;   5.8;  -10.7;  -15.9;   -999;  14.5;   0.7;   7;    1.567; 375;eor
     5792;20160429;   3;   -7.9;   2.6;   1.0;  705.48;   76.92;   7.0;   -3.2;  -11.4;   -999;  14.9;   0.0;   0;   12.700; 375;eor
     5792;20160430;   3;   -5.2;   2.8;   4.0;  705.78;   68.29;   5.0;   -2.6;   -6.8;   -999;  15.9;   0.2;   7;    9.217; 365;eor
     5792;20160501;   3;   -6.9;   3.4;   8.0;  704.29;   93.04;   5.2;   -6.0;   -7.9;   -999;  18.3;  58.4;   7;    0.000; 360;eor
     5792;20160502;   3;   -5.7;   3.9;   8.0;  708.73;   96.50;   3.7;   -4.6;   -6.7;   -999;  13.3;   9.5;   8;    0.000; 415;eor
     5792;20160503;   1;   -7.2;   3.4;   7.7;  708.41;   93.83;   5.5;   -5.5;   -9.9;   -999;  14.2;  36.9;   7;    0.500; 410;eor
     5792;20160504;   1;  -10.2;   2.6;   8.0;  710.28;   91.29;  -999;   -8.7;  -11.7;   -999;   9.0;   1.3;   7;    0.050; 425;eor
     5792;20160505;   1;   -6.4;   3.2;   2.0;  710.58;   81.79;  10.2;   -2.0;  -12.0;   -999;  20.4;   0.0;   0;   14.183; 420;eor
     5792;20160506;   1;   -2.0;   3.2;   1.0;  710.00;   60.50;   4.9;    1.8;   -4.3;   -999;  11.4;   0.0;   0;   13.683; 410;eor
     5792;20160507;   1;   -1.5;   3.6;   2.0;  707.89;   66.92;   5.4;    1.8;   -3.8;   -999;  12.2;   0.0;   0;   12.967; 405;eor
     5792;20160508;   1;   -1.1;   3.7;   1.7;  707.99;   65.96;   5.4;    2.1;   -3.1;   -999;  12.5;   0.0;   0;   12.700; 400;eor
     5792;20160509;   1;    0.0;   4.7;   5.3;  709.44;   76.71;   6.3;    2.7;   -2.3;   -999;  14.4;   0.0;   7;    8.900; 395;eor
     5792;20160510;   1;    0.5;   5.4;   7.3;  707.83;   86.13;   8.3;    2.5;   -1.1;   -999;  22.0;   7.7;   7;    1.233; 380;eor
     5792;20160511;   1;    0.6;   4.8;   7.3;  703.23;   75.29;   6.8;    3.2;   -0.8;   -999;  15.7;   0.1;   7;    3.317; 370;eor
     5792;20160512;   1;   -1.7;   4.8;   7.3;  696.35;   89.54;   4.7;    1.1;   -4.3;   -999;  16.5;  18.6;   7;    1.567; 365;eor
     5792;20160513;   1;   -3.1;   4.7;   8.0;  696.15;   97.54;   6.2;   -2.1;   -4.4;   -999;  16.2;  25.5;   7;    0.000; 370;eor
     5792;20160514;   1;   -4.7;   4.2;   8.0;  701.23;   97.21;   4.0;   -2.6;   -8.4;   -999;  10.4;  17.0;   7;    0.717; 385;eor
     5792;20160515;   1;   -9.9;   2.7;   8.0;  704.09;   92.17;   6.8;   -8.3;  -11.3;   -999;  19.9;   9.9;   7;    0.067; 400;eor
     5792;20160516;   1;  -10.1;   2.7;   7.7;  705.46;   93.21;   7.8;   -8.8;  -12.3;   -999;  18.1;  19.4;   7;    0.033; 400;eor
     5792;20160517;   1;   -8.2;   3.1;   7.7;  706.68;   93.33;   7.3;   -6.3;  -10.7;   -999;  18.0;   1.2;   7;    0.450; 415;eor
     5792;20160518;   1;   -4.3;   4.1;   6.3;  706.07;   91.88;   6.6;   -0.9;   -7.3;   -999;  17.1;   0.4;   7;    8.217; 410;eor
     5792;20160519;   1;   -5.4;   3.9;   8.0;  704.01;   94.17;   6.2;   -3.5;   -6.9;   -999;  15.5;  31.5;   7;    0.000; 405;eor
     5792;20160520;   1;   -3.4;   4.4;   6.3;  711.31;   92.17;   4.7;   -0.4;   -6.2;   -999;  13.0;   0.0;   0;   10.600; 430;eor
     5792;20160521;   1;    0.8;   4.1;   5.3;  713.88;   60.92;   6.7;    5.2;   -4.6;   -999;  12.5;   0.0;   0;   13.633; 420;eor
     5792;20160522;   1;    4.4;   4.9;   4.7;  711.69;   58.83;   9.4;    7.3;    0.2;   -999;  21.9;   0.0;   7;   11.117; 400;eor
     5792;20160523;   1;   -4.2;   4.4;   8.0;  704.11;   95.38;  -999;    0.2;   -7.7;   -999;  -999;  38.5;   7;    0.433; 390;eor
     5792;20160524;   1;   -4.6;   4.2;   8.0;  704.83;   96.96;   8.4;   -2.3;   -6.3;   -999;  18.6;   5.0;   7;    0.100; 420;eor
     5792;20160525;   1;   -0.9;   4.8;   3.3;  708.83;   83.83;   5.3;    2.2;   -3.3;   -999;  12.3;   0.0;   0;   11.617; 415;eor
     5792;20160526;   1;    1.3;   6.0;   4.3;  712.08;   89.29;   5.8;    4.4;   -1.0;   -999;  17.6;   0.0;   7;    7.150; 405;eor
     5792;20160527;   1;    4.3;   6.5;   7.0;  713.47;   78.08;   7.3;    8.7;    1.2;   -999;  19.5;   3.2;   8;    8.850; 395;eor
     5792;20160528;   1;    3.9;   7.0;   5.7;  711.58;   86.46;   6.2;    6.3;    0.8;   -999;  17.8;   0.2;   7;    7.050; 385;eor
     5792;20160529;   1;    2.0;   6.4;   7.0;  705.79;   91.08;   9.2;    4.2;   -1.4;   -999;  21.5;   2.2;   8;    2.367; 380;eor
     5792;20160530;   1;   -1.2;   5.6;   8.0;  704.59;   99.42;   7.3;    0.0;   -2.0;   -999;  19.0;  18.7;   7;    0.217; 375;eor
     5792;20160531;   1;   -1.0;   5.5;   7.3;  707.05;   97.04;   3.8;    2.2;   -2.5;   -999;   9.5;  19.0;   7;    2.017; 390;eor
     5792;20160601;   1;   -1.3;   5.4;   8.0;  708.05;   97.58;   3.8;    0.0;   -2.5;   -999;  10.2;   6.6;   7;    0.383; 390;eor
